4 5 0 1242.700066
4 5 3 464.738548
4 6 0 1311.222287
4 6 3 474.957623
4 7 0 1249.574853
4 7 3 505.965127
4 8 0 1208.593726
4 8 3 514.663484
4 9 0 878.919439
4 9 3 375.731196
4 10 0 774.772397
4 10 3 347.612645
4 11 0 797.575077
4 11 3 367.502723
4 12 0 856.868604
4 12 3 445.976578
4 13 0 726.697820
4 13 3 460.806593
4 14 0 509.399996
4 14 3 310.585466
4 15 0 606.825016
4 15 3 307.448064
4 16 0 554.577700
4 16 3 322.905314
4 17 0 1247.191502
4 17 3 303.018326
4 18 0 980.085859
4 18 3 243.742882
4 19 0 956.715615
4 19 3 258.230363
4 20 0 926.205374
4 20 3 217.887496
4 21 0 1053.344121
4 21 3 250.868106
4 22 0 948.105010
4 22 3 252.324620
4 23 0 843.994889
4 23 3 207.640253
4 24 0 798.303537
4 24 3 215.605410
4 25 0 798.438647
4 25 3 222.913327
4 26 0 753.599524
4 26 3 219.275329
4 27 0 677.329170
4 27 3 196.446973
4 28 0 706.241844
4 28 3 183.748482
4 29 0 629.993342
4 29 3 172.365035
4 30 0 572.365415
4 30 3 175.315568
4 31 0 571.196888
4 31 3 189.559548
4 32 0 548.142492
4 32 3 164.243933
4 33 0 478.788602
4 33 3 160.494192
4 34 0 492.160257
4 34 3 156.508730
4 35 0 526.023153
4 35 3 180.621411
4 36 0 533.473864
4 36 3 182.401800
4 37 0 614.491403
4 37 3 194.220271
4 38 0 497.734533
4 38 3 187.653922
4 39 0 494.576482
4 39 3 199.739286
4 40 0 488.200328
4 40 3 194.962277
4 42 0 520.059067
4 42 3 217.135742
4 44 0 603.859932
4 44 3 242.675238
4 46 0 530.088800
4 46 3 234.448441
4 48 0 562.061003
4 48 3 256.486705
4 50 0 392.283376
4 50 3 256.100972
4 52 0 386.441594
4 52 3 274.779710
4 54 0 349.324281
4 54 3 264.431267
4 56 0 343.682146
4 56 3 280.489605
4 58 0 373.997979
4 58 3 328.265038
4 60 0 402.120010
4 60 3 335.262480
4 63 0 395.236547
4 63 3 309.621016
4 66 0 382.283763
4 66 3 312.185609
4 69 0 320.037151
4 69 3 300.182985
4 72 0 312.412909
4 72 3 279.912473
4 75 0 311.651991
4 75 3 271.629318
4 78 0 333.930918
4 78 3 259.888317
4 81 0 245.787874
4 81 3 235.753479
4 85 0 243.066558
4 85 3 232.757479
4 89 0 179.591513
4 89 3 216.010415
4 93 0 259.680347
4 93 3 217.271140
4 97 0 229.246310
4 97 3 205.137290
4 101 0 252.064505
4 101 3 198.844478
4 106 0 220.188888
4 106 3 183.565238
4 111 0 225.445313
4 111 3 173.499739
4 116 0 187.190077
4 116 3 169.409187
4 121 0 166.207381
4 121 3 166.883027
4 127 0 205.388311
4 127 3 157.716695
4 133 0 135.089630
4 133 3 148.896240
4 139 0 162.154756
4 139 3 148.119911
4 145 0 159.802651
4 145 3 145.161741
4 152 0 129.765981
4 152 3 136.324701
4 159 0 167.885109
4 159 3 134.445869
4 166 0 147.053203
4 166 3 126.053543
4 174 0 131.816089
4 174 3 122.096778
4 182 0 88.543582
4 182 3 113.425158
4 191 0 139.615774
4 191 3 111.279264
4 200 0 101.410221
4 200 3 106.150618
4 210 0 96.462768
4 210 3 107.370342
4 220 0 104.802204
4 220 3 102.673199
4 231 0 99.459498
4 231 3 93.068165
4 242 0 107.003922
4 242 3 92.375367
4 254 0 108.340109
4 254 3 87.824288
4 266 0 102.065791
4 266 3 88.710824
4 279 0 87.490951
4 279 3 82.400793
4 292 0 72.771266
4 292 3 79.488758
4 306 0 73.887422
4 306 3 74.971774
4 321 0 73.318849
4 321 3 71.970296
4 337 0 73.626907
4 337 3 70.349119
4 353 0 76.809532
4 353 3 68.848575
4 370 0 65.323091
4 370 3 66.257499
4 388 0 47.316204
4 388 3 64.529083
4 407 0 66.839982
4 407 3 61.822961
4 427 0 66.938947
4 427 3 60.470569
4 448 0 65.477113
4 448 3 58.441376
4 470 0 62.396743
4 470 3 56.992008
4 493 0 60.430209
4 493 3 53.786339
4 517 0 53.660195
4 517 3 52.099580
4 542 0 49.768817
4 542 3 50.716950
4 569 0 50.553117
4 569 3 52.551060
4 597 0 42.096315
4 597 3 50.045408
4 626 0 38.297346
4 626 3 46.999455
4 657 0 38.830725
4 657 3 46.176150
4 689 0 37.500343
4 689 3 43.478565
4 723 0 42.543766
4 723 3 45.760257
4 759 0 38.455880
4 759 3 42.502059
4 796 0 40.516126
4 796 3 40.825083
4 835 0 35.148146
4 835 3 38.065960
4 876 0 37.622376
4 876 3 40.132250
4 919 0 33.708475
4 919 3 38.586903
4 964 0 31.947154
4 964 3 37.193938
4 1012 0 31.798042
4 1012 3 35.784904
4 1062 0 30.579207
4 1062 3 35.696100
4 1115 0 30.882241
4 1115 3 34.139886
4 1170 0 29.386539
4 1170 3 33.523342
4 1228 0 29.175083
4 1228 3 34.868138
4 1289 0 28.383458
4 1289 3 32.304641
4 1353 0 27.110185
4 1353 3 31.392334
4 1420 0 26.432822
4 1420 3 31.077285
4 1491 0 25.521461
4 1491 3 30.928548
4 1565 0 24.756718
4 1565 3 30.070524
4 1643 0 24.062447
4 1643 3 29.236212
4 1725 0 23.309193
4 1725 3 29.022625
4 1811 0 22.520516
4 1811 3 28.573115
4 1901 0 21.880961
4 1901 3 27.823682
4 1996 0 21.240119
4 1996 3 27.636342
5 3 3 445.547470
5 4 3 495.557341
5 5 0 1872.867200
5 5 3 381.896317
5 6 0 1974.450567
5 6 3 462.351796
5 7 0 1310.429372
5 7 3 298.003770
5 8 0 1303.684863
5 8 3 310.073564
5 9 0 1094.335884
5 9 3 260.362749
5 10 0 1063.401257
5 10 3 235.895234
5 11 0 965.734541
5 11 3 245.094253
5 12 0 844.437208
5 12 3 204.717340
5 13 0 829.428157
5 13 3 213.416412
5 14 0 654.902776
5 14 3 195.986660
5 15 0 620.650552
5 15 3 195.086729
5 16 0 615.635028
5 16 3 172.765471
5 17 0 551.205908
5 17 3 169.506521
5 18 0 485.713414
5 18 3 179.865050
5 19 0 497.049466
5 19 3 194.936787
5 20 0 426.429045
5 20 3 198.001452
5 21 0 464.689517
5 21 3 215.812434
5 22 0 434.390369
5 22 3 218.818433
5 23 0 419.226502
5 23 3 237.051997
5 24 0 424.351939
5 24 3 250.543017
5 25 0 424.833904
5 25 3 259.529386
5 26 0 409.286389
5 26 3 264.967178
5 27 0 395.197377
5 27 3 268.489652
5 28 0 383.094551
5 28 3 265.593435
5 29 0 382.209426
5 29 3 315.408970
5 30 0 402.904720
5 30 3 329.018918
5 31 0 411.803175
5 31 3 333.577415
5 32 0 418.295442
5 32 3 314.428773
5 33 0 302.060043
5 33 3 300.464544
5 34 0 262.964790
5 34 3 273.948719
5 35 0 290.298185
5 35 3 289.414860
5 36 0 262.420117
5 36 3 272.329131
5 37 0 280.463448
5 37 3 301.114547
5 38 0 235.828313
5 38 3 249.786725
5 39 0 263.961168
5 39 3 257.223230
5 40 0 235.541227
5 40 3 243.822672
5 42 0 279.328766
5 42 3 246.996037
5 44 0 188.495576
5 44 3 242.947473
5 46 0 234.240400
5 46 3 227.931129
5 48 0 264.098382
5 48 3 204.623243
5 50 0 217.590084
5 50 3 203.465042
5 52 0 203.176412
5 52 3 193.084205
5 54 0 191.173714
5 54 3 168.996207
5 56 0 189.932098
5 56 3 178.183618
5 58 0 172.141921
5 58 3 173.732898
5 60 0 184.605453
5 60 3 169.818715
5 63 0 180.680019
5 63 3 155.397626
5 66 0 162.552167
5 66 3 156.042137
5 69 0 150.793498
5 69 3 151.408321
5 72 0 146.967594
5 72 3 145.747098
5 75 0 163.408806
5 75 3 139.722013
5 78 0 132.684042
5 78 3 133.870050
5 81 0 138.284330
5 81 3 135.418072
5 85 0 141.253727
5 85 3 127.664529
5 89 0 101.783226
5 89 3 117.362531
5 93 0 132.842567
5 93 3 112.588731
5 97 0 117.104004
5 97 3 94.787886
5 101 0 103.614453
5 101 3 108.703830
5 106 0 89.352517
5 106 3 103.942666
5 111 0 119.572095
5 111 3 97.685854
5 116 0 105.577647
5 116 3 95.149628
5 121 0 86.533890
5 121 3 91.077341
5 127 0 109.118663
5 127 3 88.224771
5 133 0 81.473022
5 133 3 83.220391
5 139 0 95.084247
5 139 3 84.958407
5 145 0 87.734549
5 145 3 79.906183
5 152 0 77.591007
5 152 3 74.649722
5 159 0 89.464321
5 159 3 76.560392
5 166 0 65.705552
5 166 3 73.416359
5 174 0 79.536693
5 174 3 70.286272
5 182 0 55.254256
5 182 3 65.721172
5 191 0 74.687447
5 191 3 65.037345
5 200 0 56.404239
5 200 3 63.558392
5 210 0 58.950463
5 210 3 62.381293
5 220 0 56.475956
5 220 3 59.534362
5 231 0 61.050482
5 231 3 56.864733
5 242 0 49.892491
5 242 3 54.335135
5 254 0 59.400606
5 254 3 52.567389
5 266 0 47.801402
5 266 3 54.251078
5 279 0 54.503222
5 279 3 50.703569
5 292 0 47.385656
5 292 3 50.665965
5 306 0 41.844878
5 306 3 48.006605
5 321 0 45.037144
5 321 3 45.491461
5 337 0 43.867472
5 337 3 45.884836
5 353 0 43.511977
5 353 3 43.753705
5 370 0 34.785793
5 370 3 42.898945
5 388 0 36.330956
5 388 3 41.037666
5 407 0 38.710266
5 407 3 40.151448
5 427 0 38.531813
5 427 3 38.681484
5 448 0 37.639382
5 448 3 38.361614
5 470 0 35.972064
5 470 3 36.954811
5 493 0 34.662790
5 493 3 36.092398
5 517 0 27.042468
5 517 3 37.239242
5 542 0 32.075726
5 542 3 33.846805
5 569 0 30.436135
5 569 3 35.279839
5 597 0 26.558199
5 597 3 34.082586
5 626 0 26.982766
5 626 3 33.181438
5 657 0 27.026965
5 657 3 32.734034
5 689 0 26.633866
5 689 3 31.129300
5 723 0 26.537062
5 723 3 31.510716
5 759 0 23.513846
5 759 3 31.913622
5 796 0 24.892077
5 796 3 29.466779
5 835 0 23.791293
5 835 3 27.853235
5 876 0 23.442305
5 876 3 29.911439
5 919 0 21.380462
5 919 3 29.233671
5 964 0 20.998383
5 964 3 28.028384
5 1012 0 20.410761
5 1012 3 28.027069
5 1062 0 19.938689
5 1062 3 27.963674
5 1115 0 20.247667
5 1115 3 28.181071
5 1170 0 19.178603
5 1170 3 28.100167
5 1228 0 19.255816
5 1228 3 28.253228
5 1289 0 18.641214
5 1289 3 27.831608
5 1353 0 18.137762
5 1353 3 26.873289
5 1420 0 17.709351
5 1420 3 26.391469
5 1491 0 17.165379
5 1491 3 26.239859
5 1565 0 16.998571
5 1565 3 26.222621
5 1643 0 16.633226
5 1643 3 25.417476
5 1725 0 16.300432
5 1725 3 25.480246
5 1811 0 15.600496
5 1811 3 24.759153
5 1901 0 15.473287
5 1901 3 23.964984
5 1996 0 15.143280
5 1996 3 23.852804
6 2 3 617.130897
6 3 3 455.840930
6 4 3 306.089507
6 5 0 832.597458
6 5 3 239.816628
6 6 0 731.002282
6 6 3 230.964416
6 7 0 591.618379
6 7 3 192.486752
6 8 0 488.002275
6 8 3 161.682417
6 9 0 447.724916
6 9 3 183.007792
6 10 0 425.945547
6 10 3 176.779098
6 11 0 388.031451
6 11 3 223.017467
6 12 0 358.959022
6 12 3 247.156346
6 13 0 389.015828
6 13 3 281.501846
6 14 0 337.746304
6 14 3 275.390778
6 15 0 294.027640
6 15 3 335.286072
6 16 0 351.492348
6 16 3 299.477036
6 17 0 262.363590
6 17 3 278.414463
6 18 0 253.810882
6 18 3 269.118790
6 19 0 244.230203
6 19 3 257.211870
6 20 0 220.837723
6 20 3 237.491516
6 21 0 225.653633
6 21 3 240.369858
6 22 0 205.614007
6 22 3 227.778336
6 23 0 198.810665
6 23 3 214.704968
6 24 0 207.394108
6 24 3 211.041103
6 25 0 197.056396
6 25 3 206.530718
6 26 0 190.517566
6 26 3 196.691653
6 27 0 175.229881
6 27 3 178.855393
6 28 0 172.029302
6 28 3 175.414344
6 29 0 146.292476
6 29 3 167.467481
6 30 0 148.709136
6 30 3 167.633403
6 31 0 149.438291
6 31 3 163.138963
6 32 0 201.080841
6 32 3 165.664471
6 33 0 148.818269
6 33 3 163.281862
6 34 0 132.297708
6 34 3 148.572295
6 35 0 143.304977
6 35 3 154.877878
6 36 0 134.695816
6 36 3 146.256387
6 37 0 140.635811
6 37 3 143.365123
6 38 0 121.459755
6 38 3 135.279566
6 39 0 133.723276
6 39 3 136.092211
6 40 0 124.767045
6 40 3 131.137679
6 42 0 119.898297
6 42 3 128.598139
6 44 0 104.806674
6 44 3 111.018904
6 46 0 110.141390
6 46 3 120.548041
6 48 0 128.129003
6 48 3 107.424632
6 50 0 101.986379
6 50 3 107.865360
6 52 0 98.539029
6 52 3 106.871415
6 54 0 93.650311
6 54 3 101.033015
6 56 0 88.880873
6 56 3 98.024940
6 58 0 81.544101
6 58 3 94.866541
6 60 0 66.328824
6 60 3 93.830827
6 63 0 94.776290
6 63 3 86.737172
6 66 0 82.620802
6 66 3 84.310912
6 69 0 90.587213
6 69 3 85.187754
6 72 0 84.126321
6 72 3 82.120392
6 75 0 60.062717
6 75 3 75.706869
6 78 0 79.824103
6 78 3 74.831987
6 81 0 71.694715
6 81 3 75.579724
6 85 0 60.693180
6 85 3 71.482094
6 89 0 67.229854
6 89 3 67.267917
6 93 0 54.306598
6 93 3 68.367261
6 97 0 58.629114
6 97 3 64.498283
6 101 0 56.988732
6 101 3 63.807995
6 106 0 60.380782
6 106 3 60.328833
6 111 0 63.275455
6 111 3 56.715656
6 116 0 62.088043
6 116 3 57.579355
6 121 0 52.315853
6 121 3 55.108850
6 127 0 58.662668
6 127 3 54.722800
6 133 0 44.942730
6 133 3 52.837387
6 139 0 43.852882
6 139 3 50.260208
6 145 0 44.474888
6 145 3 47.715435
6 152 0 39.910771
6 152 3 47.693826
6 159 0 49.501777
6 159 3 48.319036
6 166 0 41.013695
6 166 3 46.074581
6 174 0 44.069822
6 174 3 43.492992
6 182 0 39.815617
6 182 3 43.195166
6 191 0 42.664126
6 191 3 42.112933
6 200 0 39.859035
6 200 3 41.087796
6 210 0 33.193599
6 210 3 39.683445
6 220 0 38.448410
6 220 3 38.690933
6 231 0 34.222735
6 231 3 37.109044
6 242 0 31.689166
6 242 3 36.058309
6 254 0 34.383748
6 254 3 35.415041
6 266 0 32.284497
6 266 3 37.247862
6 279 0 32.333995
6 279 3 34.605838
6 292 0 31.467257
6 292 3 34.540470
6 306 0 29.042934
6 306 3 33.870952
6 321 0 26.752444
6 321 3 32.072245
6 337 0 25.859297
6 337 3 31.848372
6 353 0 26.342644
6 353 3 30.909951
6 370 0 26.349328
6 370 3 31.776449
6 388 0 25.310674
6 388 3 30.222593
6 407 0 24.557406
6 407 3 29.775372
6 427 0 24.025603
6 427 3 28.531117
6 448 0 23.510909
6 448 3 28.538431
6 470 0 20.622567
6 470 3 28.105301
6 493 0 21.919153
6 493 3 27.433922
6 517 0 19.755798
6 517 3 28.666154
6 542 0 21.222082
6 542 3 26.464645
6 569 0 20.184035
6 569 3 28.771982
6 597 0 19.401913
6 597 3 27.962360
6 626 0 19.422935
6 626 3 27.146783
6 657 0 19.066182
6 657 3 29.701952
6 689 0 18.042080
6 689 3 26.441150
6 723 0 17.940888
6 723 3 26.736299
6 759 0 17.483876
6 759 3 26.143694
6 796 0 17.215543
6 796 3 25.890185
6 835 0 16.633119
6 835 3 24.421637
6 876 0 16.289733
6 876 3 25.589130
6 919 0 15.536794
6 919 3 24.896110
6 964 0 15.373346
6 964 3 24.720472
6 1012 0 14.905976
6 1012 3 24.490034
6 1062 0 14.780335
6 1062 3 24.483606
6 1115 0 14.592813
6 1115 3 23.056053
6 1170 0 14.085441
6 1170 3 23.916077
6 1228 0 14.170360
6 1228 3 23.820741
6 1289 0 13.794832
6 1289 3 23.401128
6 1353 0 13.512895
6 1353 3 23.310197
6 1420 0 13.374397
6 1420 3 22.911013
6 1491 0 13.064021
6 1491 3 23.037144
6 1565 0 12.948673
6 1565 3 22.869603
6 1643 0 12.636118
6 1643 3 22.393053
6 1725 0 12.724966
6 1725 3 22.655673
6 1811 0 12.311732
6 1811 3 22.490486
6 1901 0 12.498149
6 1901 3 23.513241
6 1996 0 12.064030
6 1996 3 21.209376
7 1 3 575.870156
7 2 3 365.295450
7 3 3 216.013721
7 4 3 167.603033
7 5 0 322.765751
7 5 3 192.774580
7 6 0 314.656526
7 6 3 272.197737
7 7 0 257.443723
7 7 3 268.636088
7 8 0 235.931379
7 8 3 299.518179
7 9 0 216.954950
7 9 3 268.382628
7 10 0 190.916534
7 10 3 237.780319
7 11 0 172.612544
7 11 3 226.844869
7 12 0 164.365841
7 12 3 209.823773
7 13 0 153.925511
7 13 3 195.133984
7 14 0 138.353642
7 14 3 175.713079
7 15 0 110.840884
7 15 3 164.893592
7 16 0 162.728760
7 16 3 154.364758
7 17 0 116.966977
7 17 3 151.938394
7 18 0 113.987931
7 18 3 150.980265
7 19 0 109.178332
7 19 3 145.516360
7 20 0 104.508482
7 20 3 131.420912
7 21 0 97.568159
7 21 3 128.913266
7 22 0 91.313140
7 22 3 114.329939
7 23 0 89.181291
7 23 3 110.917596
7 24 0 88.491015
7 24 3 105.686322
7 25 0 94.696720
7 25 3 108.107385
7 26 0 82.460170
7 26 3 109.001953
7 27 0 90.100922
7 27 3 102.828276
7 28 0 76.199042
7 28 3 95.840181
7 29 0 80.682387
7 29 3 95.921526
7 30 0 69.307666
7 30 3 93.450143
7 31 0 83.547033
7 31 3 88.509078
7 32 0 91.982232
7 32 3 89.324883
7 33 0 71.080936
7 33 3 77.510404
7 34 0 68.250734
7 34 3 86.687831
7 35 0 73.646820
7 35 3 86.460009
7 36 0 64.589903
7 36 3 81.062901
7 37 0 66.142543
7 37 3 82.179158
7 38 0 66.265745
7 38 3 72.723240
7 39 0 64.403559
7 39 3 74.591864
7 40 0 62.798306
7 40 3 76.127543
7 42 0 56.624886
7 42 3 72.443476
7 44 0 62.576905
7 44 3 70.419287
7 46 0 61.296200
7 46 3 66.992627
7 48 0 66.330570
7 48 3 63.923776
7 50 0 54.120418
7 50 3 64.312440
7 52 0 55.993533
7 52 3 61.677241
7 54 0 48.610576
7 54 3 59.994022
7 56 0 53.696842
7 56 3 57.484245
7 58 0 51.132809
7 58 3 57.883187
7 60 0 54.821600
7 60 3 57.274557
7 63 0 51.702648
7 63 3 51.813602
7 66 0 42.571648
7 66 3 53.289711
7 69 0 46.992558
7 69 3 52.727932
7 72 0 40.343635
7 72 3 50.030918
7 75 0 36.280150
7 75 3 47.296521
7 78 0 46.590501
7 78 3 49.375535
7 81 0 39.675426
7 81 3 46.423629
7 85 0 38.570568
7 85 3 44.591493
7 89 0 38.826337
7 89 3 44.791307
7 93 0 37.538615
7 93 3 42.957681
7 97 0 32.654960
7 97 3 42.253752
7 101 0 32.872315
7 101 3 41.086071
7 106 0 30.692121
7 106 3 39.259390
7 111 0 36.504080
7 111 3 38.006509
7 116 0 30.854222
7 116 3 38.192577
7 121 0 30.210912
7 121 3 36.594872
7 127 0 33.877959
7 127 3 36.465438
7 133 0 29.288473
7 133 3 35.385530
7 139 0 32.234125
7 139 3 34.864907
7 145 0 28.940141
7 145 3 33.798570
7 152 0 28.742112
7 152 3 32.889537
7 159 0 29.896707
7 159 3 33.134883
7 166 0 28.542857
7 166 3 31.438973
7 174 0 27.642907
7 174 3 34.206240
7 182 0 27.077983
7 182 3 31.589689
7 191 0 27.075705
7 191 3 31.531126
7 200 0 25.748343
7 200 3 29.429437
7 210 0 22.124870
7 210 3 29.904158
7 220 0 24.721105
7 220 3 29.230121
7 231 0 21.295955
7 231 3 28.209893
7 242 0 21.160488
7 242 3 27.820264
7 254 0 22.760226
7 254 3 26.810284
7 266 0 22.419522
7 266 3 28.434230
7 279 0 20.178072
7 279 3 26.803950
7 292 0 20.042296
7 292 3 28.633726
7 306 0 19.868940
7 306 3 27.401243
7 321 0 19.120589
7 321 3 27.219043
7 337 0 19.063010
7 337 3 26.760408
7 353 0 18.780632
7 353 3 26.962787
7 370 0 18.463109
7 370 3 26.914453
7 388 0 18.326123
7 388 3 25.688250
7 407 0 17.567446
7 407 3 25.654649
7 427 0 17.258217
7 427 3 25.207399
7 448 0 16.886472
7 448 3 25.073268
7 470 0 16.479995
7 470 3 25.031252
7 493 0 16.113746
7 493 3 23.946307
7 517 0 15.550393
7 517 3 24.524993
7 542 0 16.234279
7 542 3 23.205701
7 569 0 15.152492
7 569 3 24.216718
7 597 0 14.710885
7 597 3 23.749165
7 626 0 14.576382
7 626 3 22.908691
7 657 0 14.271643
7 657 3 23.836615
7 689 0 13.737288
7 689 3 22.749037
7 723 0 13.601168
7 723 3 23.028705
7 759 0 13.435954
7 759 3 22.840008
7 796 0 13.303738
7 796 3 22.860053
7 835 0 12.832803
7 835 3 22.730988
7 876 0 12.789828
7 876 3 22.441122
7 919 0 12.449163
7 919 3 22.135075
7 964 0 12.314661
7 964 3 22.221602
7 1012 0 12.204153
7 1012 3 22.097314
7 1062 0 11.966503
7 1062 3 22.142533
7 1115 0 11.875705
7 1115 3 20.777000
7 1170 0 11.711737
7 1170 3 21.961990
7 1228 0 11.526904
7 1228 3 21.743302
7 1289 0 11.601944
7 1289 3 21.511200
7 1353 0 11.289048
7 1353 3 21.176377
7 1420 0 10.976639
7 1420 3 21.176456
7 1491 0 11.058490
7 1491 3 21.028217
7 1565 0 11.155580
7 1565 3 21.172058
7 1643 0 10.761443
7 1643 3 20.996085
7 1725 0 10.525851
7 1725 3 21.118294
7 1811 0 10.573035
7 1811 3 20.774387
7 1901 0 10.880180
7 1901 3 19.942735
7 1996 0 10.722420
7 1996 3 19.849763
8 1 3 374.301622
8 2 3 172.871953
8 3 3 252.820265
8 4 3 306.303066
8 5 0 175.144989
8 5 3 245.550262
8 6 0 157.904732
8 6 3 209.171214
8 7 0 132.620526
8 7 3 173.656399
8 8 0 120.878026
8 8 3 156.674045
8 9 0 111.164429
8 9 3 146.317368
8 10 0 100.752772
8 10 3 126.790620
8 11 0 94.319943
8 11 3 120.821591
8 12 0 91.022597
8 12 3 108.828895
8 13 0 84.513822
8 13 3 111.491918
8 14 0 78.382072
8 14 3 99.472814
8 15 0 75.139247
8 15 3 94.198033
8 16 0 68.022303
8 16 3 86.081667
8 17 0 66.443730
8 17 3 82.434424
8 18 0 65.958658
8 18 3 86.257426
8 19 0 64.004243
8 19 3 82.105975
8 20 0 60.846614
8 20 3 76.368619
8 21 0 57.612696
8 21 3 72.989282
8 22 0 55.695146
8 22 3 69.841116
8 23 0 53.436588
8 23 3 64.762491
8 24 0 53.142674
8 24 3 64.313282
8 25 0 51.370266
8 25 3 65.213345
8 26 0 49.970013
8 26 3 63.360833
8 27 0 49.280707
8 27 3 60.279589
8 28 0 47.906624
8 28 3 60.895200
8 29 0 46.546547
8 29 3 58.628802
8 30 0 46.061343
8 30 3 55.894905
8 31 0 44.557276
8 31 3 54.207969
8 32 0 43.535655
8 32 3 53.128670
8 33 0 44.465305
8 33 3 52.426818
8 34 0 42.331024
8 34 3 52.101809
8 35 0 42.672964
8 35 3 50.770258
8 36 0 40.820822
8 36 3 49.763304
8 37 0 40.674135
8 37 3 50.561243
8 38 0 39.647528
8 38 3 46.537515
8 39 0 39.986202
8 39 3 47.314251
8 40 0 38.604671
8 40 3 49.254455
8 42 0 37.556629
8 42 3 44.227836
8 44 0 36.358651
8 44 3 44.865519
8 46 0 35.181995
8 46 3 42.103982
8 48 0 33.585659
8 48 3 41.014215
8 50 0 34.636438
8 50 3 42.062311
8 52 0 32.378873
8 52 3 39.806122
8 54 0 32.409566
8 54 3 39.558006
8 56 0 32.233575
8 56 3 38.712651
8 58 0 31.437667
8 58 3 40.322503
8 60 0 30.928669
8 60 3 37.754558
8 63 0 29.742356
8 63 3 34.514215
8 66 0 30.142264
8 66 3 35.166164
8 69 0 29.047235
8 69 3 35.640700
8 72 0 28.076653
8 72 3 34.286806
8 75 0 27.298232
8 75 3 32.481600
8 78 0 27.281885
8 78 3 33.340282
8 81 0 26.392184
8 81 3 33.010787
8 85 0 26.692324
8 85 3 32.176256
8 89 0 25.452005
8 89 3 31.806098
8 93 0 25.107065
8 93 3 32.207712
8 97 0 24.900670
8 97 3 31.389998
8 101 0 24.809185
8 101 3 29.949592
8 106 0 23.709901
8 106 3 29.639114
8 111 0 23.772424
8 111 3 29.229010
8 116 0 22.901796
8 116 3 28.063784
8 121 0 22.850477
8 121 3 27.978881
8 127 0 22.600380
8 127 3 27.317521
8 133 0 22.270446
8 133 3 27.660134
8 139 0 21.740670
8 139 3 27.023176
8 145 0 21.471708
8 145 3 27.737175
8 152 0 21.232933
8 152 3 27.130780
8 159 0 20.757664
8 159 3 27.541192
8 166 0 20.648896
8 166 3 26.941919
8 174 0 20.055852
8 174 3 26.749056
8 182 0 19.554924
8 182 3 26.694840
8 191 0 19.482280
8 191 3 26.265392
8 200 0 18.936984
8 200 3 26.327987
8 210 0 18.713947
8 210 3 25.264216
8 220 0 18.224014
8 220 3 25.375992
8 231 0 17.779375
8 231 3 24.876950
8 242 0 17.533854
8 242 3 23.992034
8 254 0 17.202128
8 254 3 23.355575
8 266 0 16.893201
8 266 3 24.478178
8 279 0 16.707720
8 279 3 23.919308
8 292 0 16.167856
8 292 3 24.389682
8 306 0 16.034707
8 306 3 22.950221
8 321 0 15.408100
8 321 3 24.380805
8 337 0 15.169581
8 337 3 22.753735
8 353 0 15.034460
8 353 3 23.553356
8 370 0 14.772750
8 370 3 23.166199
8 388 0 14.450366
8 388 3 22.176345
8 407 0 14.068078
8 407 3 22.574193
8 427 0 13.706928
8 427 3 22.483194
8 448 0 13.644482
8 448 3 22.115869
8 470 0 13.243846
8 470 3 22.275027
8 493 0 13.140534
8 493 3 21.273324
8 517 0 12.804691
8 517 3 23.031993
8 542 0 12.748445
8 542 3 21.089117
8 569 0 12.558656
8 569 3 21.998922
8 597 0 12.311788
8 597 3 22.789481
8 626 0 12.173978
8 626 3 21.550086
8 657 0 12.241436
8 657 3 21.710340
8 689 0 11.580679
8 689 3 21.137531
8 723 0 11.530987
8 723 3 21.232191
8 759 0 11.640142
8 759 3 21.625864
8 796 0 11.599418
8 796 3 21.262873
8 835 0 11.049856
8 835 3 20.259013
8 876 0 10.934964
8 876 3 20.968291
8 919 0 11.055905
8 919 3 20.892372
8 964 0 11.194379
8 964 3 20.910745
8 1012 0 10.933715
8 1012 3 20.722991
8 1062 0 10.717385
8 1062 3 20.896030
8 1115 0 10.481725
8 1115 3 19.552260
8 1170 0 10.510857
8 1170 3 20.570091
8 1228 0 10.449423
8 1228 3 20.650607
8 1289 0 10.350561
8 1289 3 20.521963
8 1353 0 10.101402
8 1353 3 20.280321
8 1420 0 10.078008
8 1420 3 20.282616
8 1491 0 10.041112
8 1491 3 20.422263
8 1565 0 9.916660
8 1565 3 20.347707
8 1643 0 9.863907
8 1643 3 20.106236
8 1725 0 9.812212
8 1725 3 20.411792
8 1811 0 9.649098
8 1811 3 20.051474
8 1901 0 9.736656
8 1901 3 19.407700
8 1996 0 9.637435
8 1996 3 19.363408
9 1 3 189.795379
9 2 3 289.911908
9 3 3 205.287599
9 4 3 159.064637
9 5 0 105.961433
9 5 3 130.698124
9 6 0 94.903440
9 6 3 114.909532
9 7 0 83.798881
9 7 3 99.781161
9 8 0 77.662334
9 8 3 88.043110
9 9 0 71.403015
9 9 3 79.846663
9 10 0 66.293034
9 10 3 71.754438
9 11 0 61.538258
9 11 3 68.598077
9 12 0 60.422720
9 12 3 66.573388
9 13 0 56.976750
9 13 3 64.634061
9 14 0 52.499014
9 14 3 55.911875
9 15 0 51.181775
9 15 3 55.012148
9 16 0 48.676945
9 16 3 51.781862
9 17 0 45.430924
9 17 3 51.263175
9 18 0 45.108169
9 18 3 52.463037
9 19 0 44.540459
9 19 3 49.709882
9 20 0 42.183855
9 20 3 48.000886
9 21 0 40.793716
9 21 3 45.545383
9 22 0 39.230295
9 22 3 42.434989
9 23 0 38.008110
9 23 3 43.440531
9 24 0 37.907981
9 24 3 42.078276
9 25 0 37.149318
9 25 3 41.340464
9 26 0 35.882289
9 26 3 39.843152
9 27 0 35.790630
9 27 3 40.309229
9 28 0 36.337045
9 28 3 40.460945
9 29 0 34.662275
9 29 3 38.256520
9 30 0 34.698353
9 30 3 36.738369
9 31 0 33.926431
9 31 3 38.605493
9 32 0 32.798547
9 32 3 36.512283
9 33 0 34.089804
9 33 3 36.657688
9 34 0 32.369126
9 34 3 37.325802
9 35 0 31.979893
9 35 3 35.144767
9 36 0 30.852701
9 36 3 34.619188
9 37 0 30.796304
9 37 3 34.770112
9 38 0 30.672031
9 38 3 31.304822
9 39 0 31.194265
9 39 3 32.881337
9 40 0 29.933418
9 40 3 33.327137
9 42 0 28.269467
9 42 3 31.152173
9 44 0 28.522814
9 44 3 31.958567
9 46 0 27.422602
9 46 3 30.374667
9 48 0 27.199928
9 48 3 30.594356
9 50 0 27.158587
9 50 3 29.588894
9 52 0 26.565410
9 52 3 29.228030
9 54 0 25.800677
9 54 3 29.303905
9 56 0 26.164156
9 56 3 28.825717
9 58 0 25.390432
9 58 3 28.194471
9 60 0 25.753727
9 60 3 28.158263
9 63 0 24.917354
9 63 3 26.284409
9 66 0 24.668978
9 66 3 27.102298
9 69 0 24.953483
9 69 3 27.682550
9 72 0 23.748246
9 72 3 27.649583
9 75 0 23.150401
9 75 3 27.980240
9 78 0 23.997883
9 78 3 27.674608
9 81 0 23.219556
9 81 3 27.011227
9 85 0 22.795812
9 85 3 30.670756
9 89 0 22.254840
9 89 3 27.672484
9 93 0 22.301930
9 93 3 26.040175
9 97 0 21.617674
9 97 3 26.725355
9 101 0 21.669811
9 101 3 26.275514
9 106 0 21.210223
9 106 3 25.638643
9 111 0 20.732982
9 111 3 24.051285
9 116 0 20.286668
9 116 3 24.976558
9 121 0 20.393605
9 121 3 24.717089
9 127 0 20.060045
9 127 3 24.349924
9 133 0 19.810888
9 133 3 23.986413
9 139 0 19.536607
9 139 3 24.059971
9 145 0 19.474525
9 145 3 23.136808
9 152 0 19.082254
9 152 3 24.939235
9 159 0 18.786892
9 159 3 23.645412
9 166 0 18.514461
9 166 3 22.932509
9 174 0 19.440224
9 174 3 23.159253
9 182 0 18.026363
9 182 3 22.930925
9 191 0 17.872822
9 191 3 23.070010
9 200 0 17.500728
9 200 3 22.942666
9 210 0 17.349957
9 210 3 22.604623
9 220 0 16.954985
9 220 3 22.454442
9 231 0 16.527910
9 231 3 22.443055
9 242 0 16.356041
9 242 3 21.217148
9 254 0 16.007648
9 254 3 20.834932
9 266 0 15.895202
9 266 3 22.174826
9 279 0 15.625722
9 279 3 24.164580
9 292 0 15.395955
9 292 3 21.904679
9 306 0 15.086478
9 306 3 21.111832
9 321 0 14.632084
9 321 3 21.449743
9 337 0 14.401153
9 337 3 20.994914
9 353 0 14.212764
9 353 3 21.632807
9 370 0 14.017731
9 370 3 21.595270
9 388 0 13.883884
9 388 3 20.487473
9 407 0 13.488856
9 407 3 20.993335
9 427 0 13.177314
9 427 3 21.037322
9 448 0 13.159375
9 448 3 20.617106
9 470 0 13.005407
9 470 3 20.737302
9 493 0 12.827512
9 493 3 19.833265
9 517 0 12.435284
9 517 3 20.628873
9 542 0 12.357765
9 542 3 19.869553
9 569 0 12.052463
9 569 3 20.582003
9 597 0 11.870149
9 597 3 20.280717
9 626 0 11.795776
9 626 3 20.593330
9 657 0 11.706785
9 657 3 20.840308
9 689 0 11.372583
9 689 3 20.226899
9 723 0 11.390880
9 723 3 20.284503
9 759 0 11.115492
9 759 3 20.328190
9 796 0 11.063730
9 796 3 20.418261
9 835 0 10.799475
9 835 3 19.925360
9 876 0 10.722189
9 876 3 20.164659
9 919 0 10.622251
9 919 3 20.099951
9 964 0 10.673784
9 964 3 20.155377
9 1012 0 10.490882
9 1012 3 20.467111
9 1062 0 10.390783
9 1062 3 20.196098
9 1115 0 10.195015
9 1115 3 19.102733
9 1170 0 10.169569
9 1170 3 20.072987
9 1228 0 10.107697
9 1228 3 20.100228
9 1289 0 9.905923
9 1289 3 19.955474
9 1353 0 9.964731
9 1353 3 19.796410
9 1420 0 9.832983
9 1420 3 20.090925
9 1491 0 9.706940
9 1491 3 19.833702
9 1565 0 9.633376
9 1565 3 19.820877
9 1643 0 9.541414
9 1643 3 19.857063
9 1725 0 9.564605
9 1725 3 21.026450
9 1811 0 9.424077
9 1811 3 19.768758
9 1901 0 9.601957
9 1901 3 18.997848
9 1996 0 9.457231
9 1996 3 19.230242
10 1 3 322.679941
10 2 3 138.965635
10 3 3 110.808372
10 4 3 90.308912
10 5 0 68.538562
10 5 3 75.292542
10 6 0 62.260536
10 6 3 68.855743
10 7 0 57.094248
10 7 3 56.668595
10 8 0 54.123852
10 8 3 52.313970
10 9 0 51.035263
10 9 3 49.524417
10 10 0 47.426306
10 10 3 43.446378
10 11 0 44.829087
10 11 3 43.709321
10 12 0 43.669679
10 12 3 40.776192
10 13 0 41.804727
10 13 3 42.180325
10 14 0 39.184721
10 14 3 37.989907
10 15 0 38.287216
10 15 3 36.153569
10 16 0 36.289189
10 16 3 35.501786
10 17 0 35.248833
10 17 3 36.133397
10 18 0 34.983673
10 18 3 34.485144
10 19 0 34.735588
10 19 3 33.928823
10 20 0 33.172486
10 20 3 34.263082
10 21 0 32.163234
10 21 3 31.444253
10 22 0 31.791349
10 22 3 31.070652
10 23 0 30.638167
10 23 3 30.429777
10 24 0 30.523963
10 24 3 29.724195
10 25 0 30.295214
10 25 3 29.853804
10 26 0 30.122668
10 26 3 29.413046
10 27 0 29.490822
10 27 3 29.073997
10 28 0 29.040054
10 28 3 28.840765
10 29 0 29.049311
10 29 3 29.846961
10 30 0 28.680134
10 30 3 28.859654
10 31 0 28.348519
10 31 3 27.510129
10 32 0 27.351099
10 32 3 27.258039
10 33 0 28.048821
10 33 3 27.730288
10 34 0 26.967098
10 34 3 27.049745
10 35 0 27.197737
10 35 3 27.720301
10 36 0 26.693212
10 36 3 28.163467
10 37 0 26.705172
10 37 3 28.310133
10 38 0 26.262782
10 38 3 26.794179
10 39 0 26.221612
10 39 3 26.835131
10 40 0 25.828803
10 40 3 28.274296
10 42 0 24.974567
10 42 3 28.803421
10 44 0 25.279980
10 44 3 26.538141
10 46 0 24.619910
10 46 3 25.986898
10 48 0 24.058163
10 48 3 25.804029
10 50 0 23.941755
10 50 3 26.374673
10 52 0 23.294232
10 52 3 25.485029
10 54 0 23.301714
10 54 3 25.443806
10 56 0 23.392173
10 56 3 25.447966
10 58 0 22.898744
10 58 3 25.037395
10 60 0 23.071903
10 60 3 24.949518
10 63 0 22.643356
10 63 3 23.990902
10 66 0 22.447948
10 66 3 24.107907
10 69 0 22.763383
10 69 3 24.405017
10 72 0 21.772139
10 72 3 23.051119
10 75 0 21.588675
10 75 3 23.622859
10 78 0 21.397283
10 78 3 23.146079
10 81 0 21.560985
10 81 3 23.082880
10 85 0 21.253406
10 85 3 23.269898
10 89 0 20.677241
10 89 3 23.137569
10 93 0 20.924678
10 93 3 22.401426
10 97 0 20.389248
10 97 3 23.006171
10 101 0 20.517192
10 101 3 22.935096
10 106 0 19.958933
10 106 3 22.682411
10 111 0 19.808226
10 111 3 21.481322
10 116 0 19.383512
10 116 3 22.192155
10 121 0 19.498268
10 121 3 22.128058
10 127 0 19.222603
10 127 3 21.988909
10 133 0 18.842660
10 133 3 21.893313
10 139 0 18.718139
10 139 3 21.961875
10 145 0 18.555327
10 145 3 20.883394
10 152 0 18.538681
10 152 3 20.677561
10 159 0 18.205978
10 159 3 21.606994
10 166 0 17.992067
10 166 3 21.275453
10 174 0 17.762728
10 174 3 21.525876
10 182 0 17.521169
10 182 3 26.198614
10 191 0 17.390542
10 191 3 21.369880
10 200 0 16.958423
10 200 3 21.262619
10 210 0 16.699956
10 210 3 20.918967
10 220 0 16.466546
10 220 3 20.965125
10 231 0 16.173834
10 231 3 20.661155
10 242 0 16.139697
10 242 3 19.827848
10 254 0 15.788490
10 254 3 19.612524
10 266 0 15.679323
10 266 3 20.916234
10 279 0 15.285991
10 279 3 20.644280
10 292 0 15.118891
10 292 3 20.891966
10 306 0 14.976104
10 306 3 19.833426
10 321 0 14.699026
10 321 3 21.344062
10 337 0 14.235310
10 337 3 19.624269
10 353 0 14.002525
10 353 3 20.459394
10 370 0 13.788309
10 370 3 20.388027
10 388 0 13.676661
10 388 3 19.830906
10 407 0 13.228441
10 407 3 20.458061
10 427 0 13.004927
10 427 3 20.099391
10 448 0 12.803460
10 448 3 19.956141
10 470 0 12.642758
10 470 3 19.824776
10 493 0 12.362017
10 493 3 19.212584
10 517 0 12.138519
10 517 3 21.144496
10 542 0 12.546333
10 542 3 22.435471
10 569 0 11.897033
10 569 3 20.040914
10 597 0 11.758121
10 597 3 19.723774
10 626 0 11.534204
10 626 3 20.093175
10 657 0 11.534413
10 657 3 20.143335
10 689 0 11.196003
10 689 3 19.808107
10 723 0 11.069338
10 723 3 19.794857
10 759 0 11.033757
10 759 3 19.856019
10 796 0 10.894345
10 796 3 20.176112
10 835 0 10.803736
10 835 3 19.829534
10 876 0 10.669733
10 876 3 19.761903
10 919 0 10.566445
10 919 3 19.781138
10 964 0 10.543931
10 964 3 19.971442
10 1012 0 10.384211
10 1012 3 20.606856
10 1062 0 10.340699
10 1062 3 20.281571
10 1115 0 10.283136
10 1115 3 19.440008
10 1170 0 10.114623
10 1170 3 19.894577
10 1228 0 10.174778
10 1228 3 19.839605
10 1289 0 9.987794
10 1289 3 20.029037
10 1353 0 10.016635
10 1353 3 19.745410
10 1420 0 9.847237
10 1420 3 19.932099
10 1491 0 9.825580
10 1491 3 19.713543
10 1565 0 9.608145
10 1565 3 19.508027
10 1643 0 9.503257
10 1643 3 19.853461
10 1725 0 9.646231
10 1725 3 23.228037
10 1811 0 9.540275
10 1811 3 19.920937
10 1901 0 9.496363
10 1901 3 19.290167
10 1996 0 9.529336
10 1996 3 20.086192
11 1 3 207.051392
11 2 3 73.406626
11 3 3 67.404346
11 4 3 53.309255
11 5 0 52.651121
11 5 3 46.092418
11 6 0 49.872193
11 6 3 42.681808
11 7 0 47.163441
11 7 3 37.360432
11 8 0 45.299978
11 8 3 35.329564
11 9 0 44.598582
11 9 3 34.195475
11 10 0 41.639429
11 10 3 32.130053
11 11 0 39.967973
11 11 3 32.126507
11 12 0 38.170853
11 12 3 30.520302
11 13 0 38.086505
11 13 3 29.289317
11 14 0 35.340291
11 14 3 28.570233
11 15 0 34.754302
11 15 3 28.241341
11 16 0 32.517106
11 16 3 27.051707
11 17 0 32.928559
11 17 3 27.069665
11 18 0 32.531746
11 18 3 28.082466
11 19 0 32.087135
11 19 3 28.188286
11 20 0 31.148920
11 20 3 28.234012
11 21 0 30.887242
11 21 3 27.632599
11 22 0 30.651108
11 22 3 27.130641
11 23 0 29.366490
11 23 3 25.329877
11 24 0 28.800944
11 24 3 26.233616
11 25 0 28.963316
11 25 3 25.758338
11 26 0 28.561631
11 26 3 25.000580
11 27 0 28.071172
11 27 3 25.962165
11 28 0 27.633685
11 28 3 25.209497
11 29 0 27.919254
11 29 3 25.460197
11 30 0 27.651323
11 30 3 25.189586
11 31 0 27.604081
11 31 3 24.893668
11 32 0 26.495734
11 32 3 24.800379
11 33 0 28.516652
11 33 3 24.686583
11 34 0 26.849840
11 34 3 24.100407
11 35 0 26.615985
11 35 3 24.193387
11 36 0 26.972397
11 36 3 23.928511
11 37 0 26.052104
11 37 3 24.071906
11 38 0 25.594007
11 38 3 23.508290
11 39 0 25.581305
11 39 3 22.588771
11 40 0 25.210745
11 40 3 24.207410
11 42 0 24.567977
11 42 3 23.133453
11 44 0 24.432532
11 44 3 22.791253
11 46 0 24.458916
11 46 3 22.301118
11 48 0 23.453290
11 48 3 22.491451
11 50 0 23.555281
11 50 3 23.251541
11 52 0 22.874893
11 52 3 22.696294
11 54 0 23.065867
11 54 3 22.317011
11 56 0 23.098724
11 56 3 22.658200
11 58 0 23.784794
11 58 3 22.700077
11 60 0 22.773532
11 60 3 22.355098
11 63 0 22.192327
11 63 3 22.638291
11 66 0 22.172593
11 66 3 21.888927
11 69 0 22.020996
11 69 3 22.031834
11 72 0 21.545873
11 72 3 20.937871
11 75 0 21.320133
11 75 3 21.547903
11 78 0 21.277815
11 78 3 20.878112
11 81 0 21.266924
11 81 3 20.894781
11 85 0 21.084625
11 85 3 21.012317
11 89 0 20.721270
11 89 3 22.670591
11 93 0 20.759742
11 93 3 21.355388
11 97 0 20.292081
11 97 3 21.320691
11 101 0 20.442119
11 101 3 21.338080
11 106 0 19.973664
11 106 3 21.071717
11 111 0 19.707022
11 111 3 21.096305
11 116 0 19.549447
11 116 3 20.875384
11 121 0 19.417381
11 121 3 20.865886
11 127 0 19.238904
11 127 3 20.712462
11 133 0 18.970730
11 133 3 20.663586
11 139 0 18.767650
11 139 3 20.517692
11 145 0 18.701923
11 145 3 19.804304
11 152 0 18.474963
11 152 3 19.575777
11 159 0 18.217385
11 159 3 20.470634
11 166 0 17.958750
11 166 3 20.379242
11 174 0 17.735398
11 174 3 21.643302
11 182 0 17.577323
11 182 3 20.250109
11 191 0 17.448531
11 191 3 20.416584
11 200 0 17.192206
11 200 3 20.647270
11 210 0 16.787615
11 210 3 20.287698
11 220 0 16.532605
11 220 3 20.193043
11 231 0 16.123298
11 231 3 20.147727
11 242 0 16.063256
11 242 3 19.332049
11 254 0 15.691406
11 254 3 19.180835
11 266 0 15.413064
11 266 3 20.227704
11 279 0 15.236245
11 279 3 20.039426
11 292 0 15.125750
11 292 3 20.281087
11 306 0 14.859045
11 306 3 19.467105
11 321 0 14.439966
11 321 3 19.925648
11 337 0 14.557566
11 337 3 19.181937
11 353 0 14.208179
11 353 3 20.046980
11 370 0 13.800379
11 370 3 20.184957
11 388 0 13.606634
11 388 3 19.961894
11 407 0 13.329403
11 407 3 19.728432
11 427 0 13.781500
11 427 3 19.798130
11 448 0 12.966613
11 448 3 19.717528
11 470 0 12.718821
11 470 3 19.357954
11 493 0 12.472423
11 493 3 18.832805
11 517 0 12.405228
11 517 3 19.752504
11 542 0 12.290161
11 542 3 19.393640
11 569 0 12.024776
11 569 3 19.828372
11 597 0 11.896314
11 597 3 19.390835
11 626 0 11.740668
11 626 3 19.941519
11 657 0 11.716570
11 657 3 19.965297
11 689 0 11.434428
11 689 3 19.595441
11 723 0 11.478082
11 723 3 19.946638
11 759 0 11.298361
11 759 3 19.739027
11 796 0 11.102827
11 796 3 19.933056
11 835 0 11.235778
11 835 3 19.783359
11 876 0 11.040210
11 876 3 19.954741
11 919 0 10.940460
11 919 3 20.046587
11 964 0 10.855647
11 964 3 20.385237
11 1012 0 11.083933
11 1012 3 20.252215
11 1062 0 10.689623
11 1062 3 20.556590
11 1115 0 10.555802
11 1115 3 21.345485
11 1170 0 10.530037
11 1170 3 20.298065
11 1228 0 10.502415
11 1228 3 20.315332
11 1289 0 10.324022
11 1289 3 20.417958
11 1353 0 10.189017
11 1353 3 20.335327
11 1420 0 10.225103
11 1420 3 20.522763
11 1491 0 10.155006
11 1491 3 20.536184
11 1565 0 10.071762
11 1565 3 19.957140
11 1643 0 10.082868
11 1643 3 20.621456
11 1725 0 10.117564
11 1725 3 20.756135
11 1811 0 10.215608
11 1811 3 21.238006
11 1901 0 10.175318
11 1901 3 20.998304
11 1996 0 10.513197
11 1996 3 21.281718
12 1 3 100.787295
12 2 3 51.489320
12 3 3 42.548596
12 4 3 35.687216
12 5 0 49.291280
12 5 3 33.558447
12 6 0 47.753389
12 6 3 31.668771
12 7 0 46.637336
12 7 3 28.426592
12 8 0 44.588228
12 8 3 26.841788
12 9 0 43.572610
12 9 3 28.036560
12 10 0 40.966999
12 10 3 26.693002
12 11 0 39.166875
12 11 3 27.668149
12 12 0 37.849693
12 12 3 26.242370
12 13 0 36.434048
12 13 3 25.995972
12 14 0 35.674261
12 14 3 24.673708
12 15 0 34.655999
12 15 3 24.062571
12 16 0 32.585053
12 16 3 24.875769
12 17 0 32.485881
12 17 3 25.135179
12 18 0 32.494652
12 18 3 23.287823
12 19 0 31.717210
12 19 3 23.818992
12 20 0 31.036345
12 20 3 23.615265
12 21 0 30.724222
12 21 3 24.133216
12 22 0 30.280634
12 22 3 23.384031
12 23 0 29.903696
12 23 3 21.963632
12 24 0 28.854527
12 24 3 23.039409
12 25 0 29.044298
12 25 3 22.692826
12 26 0 28.550100
12 26 3 21.798123
12 27 0 28.253257
12 27 3 22.996944
12 28 0 27.708893
12 28 3 22.382920
12 29 0 28.036670
12 29 3 22.349432
12 30 0 27.546881
12 30 3 22.590960
12 31 0 27.312289
12 31 3 22.654588
12 32 0 26.321458
12 32 3 22.357801
12 33 0 27.587208
12 33 3 22.494644
12 34 0 26.470459
12 34 3 21.868618
12 35 0 26.627650
12 35 3 22.097960
12 36 0 25.923773
12 36 3 21.804323
12 37 0 25.963050
12 37 3 21.808092
12 38 0 25.822812
12 38 3 21.108317
12 39 0 25.704878
12 39 3 20.780367
12 40 0 25.235036
12 40 3 21.801168
12 42 0 24.411903
12 42 3 21.203583
12 44 0 24.468806
12 44 3 21.234788
12 46 0 24.558188
12 46 3 20.694868
12 48 0 23.180125
12 48 3 20.611502
12 50 0 24.156468
12 50 3 21.473741
12 52 0 23.535465
12 52 3 21.079921
12 54 0 23.368610
12 54 3 20.906739
12 56 0 23.167553
12 56 3 22.181959
12 58 0 22.997644
12 58 3 21.202092
12 60 0 22.859892
12 60 3 20.921615
12 63 0 22.489870
12 63 3 20.006795
12 66 0 22.468678
12 66 3 20.610522
12 69 0 22.376266
12 69 3 21.041018
12 72 0 21.802124
12 72 3 19.730329
12 75 0 21.659095
12 75 3 20.406916
12 78 0 21.602839
12 78 3 19.831033
12 81 0 21.836313
12 81 3 20.004715
12 85 0 22.472733
12 85 3 20.523563
12 89 0 21.007680
12 89 3 20.443714
12 93 0 20.872430
12 93 3 20.632103
12 97 0 20.370750
12 97 3 20.174470
12 101 0 20.561215
12 101 3 20.436070
12 106 0 20.073445
12 106 3 20.392191
12 111 0 19.915057
12 111 3 19.118489
12 116 0 19.625142
12 116 3 20.678032
12 121 0 19.474656
12 121 3 20.141329
12 127 0 19.242118
12 127 3 19.995662
12 133 0 18.995308
12 133 3 19.909407
12 139 0 18.789165
12 139 3 19.851753
12 145 0 18.778397
12 145 3 19.346642
12 152 0 18.728819
12 152 3 19.135530
12 159 0 18.215635
12 159 3 19.920873
12 166 0 18.045026
12 166 3 19.812254
12 174 0 18.166169
12 174 3 24.584576
12 182 0 18.618188
12 182 3 19.813195
12 191 0 17.818027
12 191 3 20.125364
12 200 0 17.113428
12 200 3 20.012183
12 210 0 17.244017
12 210 3 19.775706
12 220 0 17.018801
12 220 3 19.769827
12 231 0 16.427659
12 231 3 19.686482
12 242 0 16.140455
12 242 3 18.969266
12 254 0 15.970014
12 254 3 19.229096
12 266 0 15.843885
12 266 3 19.924639
12 279 0 15.897679
12 279 3 19.995307
12 292 0 15.435149
12 292 3 20.004182
12 306 0 15.356288
12 306 3 19.273295
12 321 0 14.874714
12 321 3 19.655686
12 337 0 15.070740
12 337 3 19.669743
12 353 0 14.315428
12 353 3 20.170732
12 370 0 14.256799
12 370 3 20.036514
12 388 0 14.060285
12 388 3 22.626013
12 407 0 13.681634
12 407 3 19.709776
12 427 0 13.322703
12 427 3 19.795128
12 448 0 13.444574
12 448 3 19.735587
12 470 0 13.084956
12 470 3 19.618000
12 493 0 12.805987
12 493 3 19.885574
12 517 0 12.738128
12 517 3 20.129825
12 542 0 12.732246
12 542 3 20.113371
12 569 0 12.511307
12 569 3 20.369034
12 597 0 12.693280
12 597 3 20.232939
12 626 0 12.291843
12 626 3 20.451316
12 657 0 13.101709
12 657 3 20.571870
12 689 0 12.088139
12 689 3 20.305718
12 723 0 11.966983
12 723 3 20.503847
12 759 0 11.837481
12 759 3 20.656552
12 796 0 11.901530
12 796 3 20.573573
12 835 0 11.924972
12 835 3 20.620644
12 876 0 11.670334
12 876 3 20.547038
12 919 0 11.569850
12 919 3 20.561235
12 964 0 11.628608
12 964 3 20.932998
12 1012 0 11.768641
12 1012 3 21.647859
12 1062 0 11.810533
12 1062 3 21.107361
12 1115 0 11.873935
12 1115 3 22.160470
12 1170 0 11.398331
12 1170 3 20.942895
12 1228 0 11.545848
12 1228 3 20.851151
12 1289 0 11.541407
12 1289 3 20.658516
12 1353 0 11.559282
12 1353 3 20.534738
12 1420 0 11.626111
12 1420 3 21.290122
12 1491 0 11.837041
12 1491 3 20.909136
12 1565 0 11.830714
12 1565 3 21.107961
12 1643 0 13.097161
12 1643 3 21.316395
12 1725 0 12.381598
12 1725 3 22.631686
12 1811 0 12.460222
12 1811 3 23.836127
12 1901 0 13.453648
12 1901 3 23.936241
12 1996 0 13.125285
12 1996 3 28.053413
13 1 3 61.452557
13 2 3 34.739869
13 3 3 30.488663
13 4 3 27.265277
13 5 0 46.911928
13 5 3 27.665440
13 6 0 46.007751
13 6 3 26.313824
13 7 0 44.623115
13 7 3 25.018789
13 8 0 43.447953
13 8 3 24.382637
13 9 0 41.698128
13 9 3 23.483356
13 10 0 40.207662
13 10 3 22.679925
13 11 0 38.009035
13 11 3 22.864135
13 12 0 37.071045
13 12 3 22.975965
13 13 0 36.030447
13 13 3 22.806575
13 14 0 34.803312
13 14 3 21.704663
13 15 0 34.048992
13 15 3 21.269169
13 16 0 31.795883
13 16 3 22.074867
13 17 0 32.696297
13 17 3 21.766823
13 18 0 32.099205
13 18 3 21.578340
13 19 0 31.795106
13 19 3 21.746407
13 20 0 30.434248
13 20 3 21.577443
13 21 0 30.401645
13 21 3 23.603871
13 22 0 31.840293
13 22 3 21.681747
13 23 0 29.554902
13 23 3 21.050697
13 24 0 28.792893
13 24 3 21.097941
13 25 0 28.902423
13 25 3 21.090023
13 26 0 28.384610
13 26 3 20.148854
13 27 0 28.429552
13 27 3 21.114409
13 28 0 27.794767
13 28 3 20.961338
13 29 0 28.111362
13 29 3 21.013605
13 30 0 27.695556
13 30 3 21.243375
13 31 0 27.785222
13 31 3 20.979059
13 32 0 26.475224
13 32 3 21.080231
13 33 0 27.227544
13 33 3 21.104645
13 34 0 26.427770
13 34 3 20.521042
13 35 0 27.490323
13 35 3 20.757784
13 36 0 25.943040
13 36 3 20.630988
13 37 0 25.981567
13 37 3 20.584803
13 38 0 25.951036
13 38 3 19.983895
13 39 0 25.805026
13 39 3 22.102789
13 40 0 25.665390
13 40 3 20.752944
13 42 0 25.691279
13 42 3 20.265365
13 44 0 25.213892
13 44 3 19.600927
13 46 0 24.481065
13 46 3 19.884477
13 48 0 23.688387
13 48 3 20.094717
13 50 0 24.482494
13 50 3 20.527465
13 52 0 25.707984
13 52 3 20.134170
13 54 0 23.170449
13 54 3 20.019050
13 56 0 23.136237
13 56 3 20.480135
13 58 0 23.220824
13 58 3 20.133616
13 60 0 22.860040
13 60 3 20.337619
13 63 0 23.080392
13 63 3 20.369812
13 66 0 22.544920
13 66 3 20.187506
13 69 0 22.220283
13 69 3 20.375737
13 72 0 21.822860
13 72 3 19.344317
13 75 0 21.446201
13 75 3 20.272543
13 78 0 22.874706
13 78 3 19.333485
13 81 0 21.627441
13 81 3 20.299395
13 85 0 21.197130
13 85 3 19.757846
13 89 0 20.890507
13 89 3 20.318709
13 93 0 20.809684
13 93 3 20.192177
13 97 0 20.386030
13 97 3 19.836934
13 101 0 20.576407
13 101 3 20.233552
13 106 0 20.217545
13 106 3 19.999206
13 111 0 20.178725
13 111 3 19.096510
13 116 0 20.079038
13 116 3 19.688775
13 121 0 19.587864
13 121 3 19.872336
13 127 0 19.350581
13 127 3 19.963163
13 133 0 19.245274
13 133 3 20.099557
13 139 0 18.948283
13 139 3 19.769226
13 145 0 18.835092
13 145 3 19.003629
13 152 0 18.788426
13 152 3 19.443296
13 159 0 18.467052
13 159 3 19.953566
13 166 0 18.506692
13 166 3 19.514651
13 174 0 18.698103
13 174 3 19.711035
13 182 0 19.011632
13 182 3 19.661033
13 191 0 18.242020
13 191 3 20.294265
13 200 0 17.821362
13 200 3 19.825359
13 210 0 17.284983
13 210 3 19.877418
13 220 0 17.513297
13 220 3 19.515305
13 231 0 16.805116
13 231 3 19.817239
13 242 0 16.582887
13 242 3 19.365197
13 254 0 16.617710
13 254 3 20.076077
13 266 0 16.781633
13 266 3 20.176102
13 279 0 19.520390
13 279 3 20.421363
13 292 0 16.430935
13 292 3 20.901821
13 306 0 16.303484
13 306 3 19.936019
13 321 0 15.942165
13 321 3 20.101583
13 337 0 15.772666
13 337 3 20.229265
13 353 0 15.330604
13 353 3 20.654100
13 370 0 15.222607
13 370 3 20.533253
13 388 0 14.754006
13 388 3 20.665052
13 407 0 14.785583
13 407 3 20.487291
13 427 0 14.328923
13 427 3 20.556525
13 448 0 14.713328
13 448 3 20.585073
13 470 0 14.192788
13 470 3 20.472549
13 493 0 13.943268
13 493 3 20.617327
13 517 0 13.774618
13 517 3 20.488573
13 542 0 13.970175
13 542 3 20.804765
13 569 0 13.472338
13 569 3 21.080229
13 597 0 13.741587
13 597 3 20.696526
13 626 0 13.348089
13 626 3 21.004855
13 657 0 13.267720
13 657 3 21.040956
13 689 0 13.018297
13 689 3 20.736787
13 723 0 13.022065
13 723 3 21.078459
13 759 0 13.372935
13 759 3 21.179613
13 796 0 12.956255
13 796 3 21.135983
13 835 0 12.986915
13 835 3 20.868174
13 876 0 13.157702
13 876 3 21.169710
13 919 0 13.336540
13 919 3 21.016779
13 964 0 13.117360
13 964 3 21.158061
13 1012 0 13.346953
13 1012 3 21.282363
13 1062 0 13.512152
13 1062 3 21.486360
13 1115 0 13.811780
13 1115 3 20.737792
13 1170 0 13.753814
13 1170 3 21.538000
13 1228 0 14.475308
13 1228 3 21.962827
13 1289 0 14.819675
13 1289 3 23.023225
13 1353 0 14.967196
13 1353 3 23.700204
13 1420 0 15.592829
13 1420 3 25.485008
13 1491 0 15.554055
13 1491 3 25.435336
13 1565 0 15.511143
13 1565 3 27.601482
13 1643 0 15.829932
13 1643 3 29.359120
13 1725 0 16.712925
13 1725 3 29.948872
13 1811 0 16.500138
13 1811 3 32.395768
13 1901 0 18.519304
13 1901 3 46.386613
13 1996 0 17.596757
13 1996 3 35.875294
14 1 3 36.218213
14 2 3 28.250119
14 3 3 25.882282
14 4 3 23.781735
14 5 0 45.846013
14 5 3 23.792802
14 6 0 45.403328
14 6 3 23.052758
14 7 0 44.377562
14 7 3 22.516266
14 8 0 43.311989
14 8 3 22.023493
14 9 0 41.577901
14 9 3 21.459657
14 10 0 39.883381
14 10 3 20.658433
14 11 0 38.284415
14 11 3 21.119361
14 12 0 37.304077
14 12 3 21.046602
14 13 0 36.162868
14 13 3 21.101568
14 14 0 35.030291
14 14 3 19.925753
14 15 0 34.527101
14 15 3 19.743805
14 16 0 31.966707
14 16 3 20.706629
14 17 0 32.927389
14 17 3 20.597372
14 18 0 32.635028
14 18 3 20.621832
14 19 0 31.902214
14 19 3 20.717251
14 20 0 30.768228
14 20 3 20.467716
14 21 0 30.595109
14 21 3 20.877408
14 22 0 29.951850
14 22 3 20.194643
14 23 0 30.615578
14 23 3 19.253042
14 24 0 28.706115
14 24 3 20.277100
14 25 0 28.889505
14 25 3 20.152758
14 26 0 28.471094
14 26 3 19.333659
14 27 0 28.953758
14 27 3 20.252548
14 28 0 27.437698
14 28 3 20.098512
14 29 0 27.994134
14 29 3 20.165777
14 30 0 27.560896
14 30 3 20.377994
14 31 0 27.253353
14 31 3 20.202613
14 32 0 26.222405
14 32 3 20.110148
14 33 0 27.037656
14 33 3 20.253769
14 34 0 26.192920
14 34 3 19.761920
14 35 0 26.753103
14 35 3 20.103724
14 36 0 25.789738
14 36 3 20.006536
14 37 0 25.794315
14 37 3 19.928056
14 38 0 25.900569
14 38 3 22.022035
14 39 0 25.444934
14 39 3 19.205756
14 40 0 25.054110
14 40 3 20.087292
14 42 0 25.551683
14 42 3 19.682242
14 44 0 24.634476
14 44 3 19.102060
14 46 0 25.016139
14 46 3 20.029009
14 48 0 23.674202
14 48 3 19.597123
14 50 0 25.150511
14 50 3 20.184163
14 52 0 23.767591
14 52 3 19.716982
14 54 0 23.225892
14 54 3 19.496719
14 56 0 23.377629
14 56 3 20.517290
14 58 0 23.802022
14 58 3 19.866582
14 60 0 23.371801
14 60 3 19.989084
14 63 0 23.618521
14 63 3 19.808744
14 66 0 22.674545
14 66 3 19.898593
14 69 0 23.087866
14 69 3 19.787766
14 72 0 22.312732
14 72 3 19.123654
14 75 0 21.797376
14 75 3 19.707284
14 78 0 22.030701
14 78 3 19.824729
14 81 0 21.941139
14 81 3 20.043981
14 85 0 22.008269
14 85 3 19.618284
14 89 0 21.251421
14 89 3 19.805467
14 93 0 21.577015
14 93 3 20.059692
14 97 0 21.238012
14 97 3 19.633359
14 101 0 21.089944
14 101 3 20.370576
14 106 0 21.026267
14 106 3 19.909110
14 111 0 20.956578
14 111 3 19.771686
14 116 0 20.765015
14 116 3 19.930152
14 121 0 20.243145
14 121 3 20.374994
14 127 0 20.106954
14 127 3 20.144132
14 133 0 21.197355
14 133 3 19.943952
14 139 0 20.410868
14 139 3 20.178476
14 145 0 19.759563
14 145 3 20.296136
14 152 0 20.442367
14 152 3 20.200427
14 159 0 19.429198
14 159 3 20.679989
14 166 0 19.300559
14 166 3 20.133826
14 174 0 19.956689
14 174 3 20.678123
14 182 0 19.712583
14 182 3 20.537003
14 191 0 18.966309
14 191 3 20.628041
14 200 0 19.017322
14 200 3 20.737514
14 210 0 18.528776
14 210 3 20.382011
14 220 0 18.252753
14 220 3 20.505912
14 231 0 17.948032
14 231 3 20.616412
14 242 0 17.803359
14 242 3 20.516331
14 254 0 17.787466
14 254 3 20.840877
14 266 0 17.578939
14 266 3 20.645625
14 279 0 18.510252
14 279 3 20.929278
14 292 0 17.677918
14 292 3 21.040410
14 306 0 17.158563
14 306 3 21.342049
14 321 0 16.880413
14 321 3 20.623036
14 337 0 16.505827
14 337 3 21.185284
14 353 0 16.312301
14 353 3 20.935202
14 370 0 16.067761
14 370 3 20.838034
14 388 0 15.840920
14 388 3 21.099377
14 407 0 15.773541
14 407 3 21.040226
14 427 0 15.419794
14 427 3 21.071211
14 448 0 15.717525
14 448 3 21.118922
14 470 0 15.021313
14 470 3 21.287124
14 493 0 14.980289
14 493 3 20.836691
14 517 0 14.813570
14 517 3 20.952336
14 542 0 14.948710
14 542 3 21.255197
14 569 0 14.842608
14 569 3 21.010873
14 597 0 15.063390
14 597 3 21.162712
14 626 0 15.371655
14 626 3 21.501244
14 657 0 16.031893
14 657 3 21.520802
14 689 0 15.254483
14 689 3 21.069946
14 723 0 15.783526
14 723 3 21.307016
14 759 0 16.870313
14 759 3 20.813452
14 796 0 16.996850
14 796 3 21.073260
14 835 0 16.470321
14 835 3 21.393971
14 876 0 17.168295
14 876 3 22.627937
14 919 0 17.673878
14 919 3 23.016005
14 964 0 17.612380
14 964 3 24.386281
14 1012 0 19.412421
14 1012 3 25.793019
15 1 3 24.194184
15 2 3 25.139986
15 3 3 22.633489
15 4 3 21.487722
15 5 0 46.405144
15 5 3 21.488422
15 6 0 46.324652
15 6 3 21.302256
15 7 0 45.240190
15 7 3 20.791917
15 8 0 44.241878
15 8 3 20.709927
15 9 0 42.423960
15 9 3 20.470868
15 10 0 41.088639
15 10 3 19.587956
15 11 0 39.226955
15 11 3 20.163837
15 12 0 37.575782
15 12 3 20.599016
15 13 0 36.392448
15 13 3 20.268319
15 14 0 35.170301
15 14 3 19.282251
15 15 0 34.627576
15 15 3 19.107010
15 16 0 32.041340
15 16 3 19.818702
15 17 0 32.905658
15 17 3 19.921588
15 18 0 32.526924
15 18 3 20.192704
15 19 0 31.874894
15 19 3 20.204181
15 20 0 31.331317
15 20 3 19.942448
15 21 0 31.251351
15 21 3 19.964238
15 22 0 30.694202
15 22 3 24.195214
15 23 0 30.622101
15 23 3 18.899334
15 24 0 29.315617
15 24 3 19.858598
15 25 0 29.003096
15 25 3 19.956301
15 26 0 28.929829
15 26 3 19.016021
15 27 0 28.521439
15 27 3 19.759575
15 28 0 27.944972
15 28 3 19.724337
15 29 0 28.199401
15 29 3 19.729823
15 30 0 28.336104
15 30 3 20.088135
15 31 0 28.109945
15 31 3 19.832660
15 32 0 26.897194
15 32 3 19.833891
15 33 0 27.388487
15 33 3 19.905011
15 34 0 27.245731
15 34 3 20.366954
15 35 0 27.363836
15 35 3 19.802250
15 36 0 26.422919
15 36 3 19.688735
15 37 0 26.788671
15 37 3 22.533568
15 38 0 26.324270
15 38 3 19.516605
15 39 0 26.465637
15 39 3 18.953519
15 40 0 25.838798
15 40 3 21.072318
15 42 0 26.317402
15 42 3 19.467333
15 44 0 26.126520
15 44 3 19.538744
15 46 0 25.527585
15 46 3 19.847343
15 48 0 24.716681
15 48 3 19.414548
15 50 0 26.206784
15 50 3 20.243848
15 52 0 24.992248
15 52 3 19.886436
15 54 0 25.187750
15 54 3 19.751045
15 56 0 24.331163
15 56 3 20.237092
15 58 0 24.745043
15 58 3 20.102977
15 60 0 24.601791
15 60 3 20.214475
15 63 0 24.261146
15 63 3 20.100734
15 66 0 23.842432
15 66 3 20.431137
15 69 0 24.365787
15 69 3 20.302605
15 72 0 24.474159
15 72 3 19.790078
15 75 0 23.050219
15 75 3 20.279812
15 78 0 23.819707
15 78 3 20.192199
15 81 0 23.928645
15 81 3 20.636961
15 85 0 22.861583
15 85 3 22.206244
15 89 0 22.659896
15 89 3 20.583205
15 93 0 23.275215
15 93 3 20.560287
15 97 0 23.759649
15 97 3 20.423194
15 101 0 22.210421
15 101 3 20.820774
15 106 0 22.402780
15 106 3 20.723264
15 111 0 22.471048
15 111 3 20.571602
15 116 0 22.285374
15 116 3 20.811437
15 121 0 21.378369
15 121 3 20.847384
15 127 0 21.696260
15 127 3 20.737011
15 133 0 21.836477
15 133 3 21.017524
15 139 0 21.474272
15 139 3 20.868310
15 145 0 20.923541
15 145 3 20.983856
15 152 0 21.754651
15 152 3 20.982853
15 159 0 20.576117
15 159 3 20.776514
15 166 0 20.331026
15 166 3 20.676858
15 174 0 21.577953
15 174 3 21.000555
15 182 0 20.766477
15 182 3 20.987866
15 191 0 20.074270
15 191 3 21.088350
15 200 0 19.675932
15 200 3 21.069388
15 210 0 19.979839
15 210 3 21.022940
15 220 0 19.326466
15 220 3 20.801379
15 231 0 19.204536
15 231 3 20.934678
15 242 0 19.092892
15 242 3 20.931082
15 254 0 19.040904
15 254 3 21.049308
15 266 0 19.019512
15 266 3 21.319834
15 279 0 19.109508
15 279 3 28.415160
15 292 0 18.624279
15 292 3 21.352146
15 306 0 18.361778
15 306 3 21.387798
15 321 0 17.488046
15 321 3 21.115855
15 337 0 17.494658
15 337 3 21.498970
15 353 0 17.654142
15 353 3 21.033428
15 370 0 18.896775
15 370 3 21.341051
15 388 0 18.388653
15 388 3 21.296901
15 407 0 17.727896
15 407 3 21.259237
15 427 0 17.758325
15 427 3 20.960628
15 448 0 18.452145
15 448 3 21.312329
15 470 0 18.965272
15 470 3 21.101171
15 493 0 19.371814
15 493 3 20.890088
16 1 3 19.293483
16 2 3 22.979838
16 3 3 20.904238
16 4 3 20.424881
16 5 0 46.486614
16 5 3 20.391125
16 6 0 46.253731
16 6 3 20.426337
16 7 0 45.490485
16 7 3 20.085044
16 8 0 44.501717
16 8 3 19.853040
16 9 0 42.882135
16 9 3 19.744488
16 10 0 41.451139
16 10 3 19.160131
16 11 0 39.421778
16 11 3 19.859924
16 12 0 38.081718
16 12 3 20.072258
16 13 0 36.817224
16 13 3 19.708025
16 14 0 36.213101
16 14 3 19.110461
16 15 0 35.777383
16 15 3 19.149577
16 16 0 33.176533
16 16 3 19.437886
16 17 0 33.997386
16 17 3 19.675864
16 18 0 33.701809
16 18 3 19.915967
16 19 0 33.081573
16 19 3 20.184128
16 20 0 32.356203
16 20 3 19.642243
16 21 0 32.347148
16 21 3 19.649507
16 22 0 32.342472
16 22 3 19.771446
16 23 0 31.023030
16 23 3 19.287272
16 24 0 30.518436
16 24 3 20.062280
16 25 0 30.510613
16 25 3 19.828288
16 26 0 30.130144
16 26 3 19.327444
16 27 0 29.757607
16 27 3 20.140316
16 28 0 29.073640
16 28 3 19.905276
16 29 0 29.252538
16 29 3 19.896216
16 30 0 29.173992
16 30 3 20.271172
16 31 0 28.870840
16 31 3 20.108844
16 32 0 27.988573
16 32 3 20.422877
16 33 0 29.237465
16 33 3 20.449925
16 34 0 28.606770
16 34 3 19.944432
16 35 0 29.499244
16 35 3 20.322849
16 36 0 28.193557
16 36 3 20.421257
16 37 0 28.301741
16 37 3 20.069144
16 38 0 27.839942
16 38 3 20.877073
16 39 0 27.971368
16 39 3 19.918247
16 40 0 27.442110
16 40 3 20.701693
16 42 0 28.708525
16 42 3 20.883629
16 44 0 28.084310
16 44 3 20.078842
16 46 0 27.077500
16 46 3 20.741796
16 48 0 25.892949
16 48 3 20.145234
16 50 0 27.504927
16 50 3 20.933514
16 52 0 26.789332
16 52 3 20.720344
16 54 0 26.279862
16 54 3 20.584235
16 56 0 28.767826
16 56 3 20.787984
16 58 0 26.134526
16 58 3 20.957826
16 60 0 26.152036
16 60 3 20.729538
16 63 0 25.318967
16 63 3 21.736686
16 66 0 25.293652
16 66 3 20.930090
16 69 0 25.469536
16 69 3 21.155015
16 72 0 24.823451
16 72 3 20.921399
16 75 0 24.449307
16 75 3 20.555792
16 78 0 24.758084
16 78 3 20.957277
16 81 0 24.233915
16 81 3 21.083998
16 85 0 24.442968
16 85 3 23.982840
16 89 0 24.270006
16 89 3 20.640684
16 93 0 23.877961
16 93 3 21.139553
16 97 0 24.736209
16 97 3 20.915555
16 101 0 23.638187
16 101 3 20.959646
16 106 0 25.365363
16 106 3 21.436745
16 111 0 23.714005
16 111 3 20.815312
16 116 0 23.613084
16 116 3 22.216646
16 121 0 22.660010
16 121 3 21.539074
16 127 0 22.674739
16 127 3 21.012072
16 133 0 23.192286
16 133 3 20.924514
16 139 0 22.386125
16 139 3 20.930121
16 145 0 22.268112
16 145 3 20.907822
16 152 0 23.010490
16 152 3 21.329185
16 159 0 22.849686
16 159 3 21.271580
16 166 0 21.647328
16 166 3 21.095072
16 174 0 21.779617
16 174 3 23.569878
16 182 0 22.151892
16 182 3 25.999385
16 191 0 21.612478
16 191 3 21.411399
16 200 0 20.633004
16 200 3 21.407640
16 210 0 20.613067
16 210 3 21.511598
16 220 0 20.277914
16 220 3 21.119228
16 231 0 20.851907
16 231 3 21.413941
16 242 0 20.402713
16 242 3 21.158503
16 254 0 19.581036
16 254 3 21.462577
17 1 3 16.597473
17 2 3 20.891816
17 3 3 20.126946
17 4 3 20.093805
17 5 0 48.718865
17 5 3 20.002391
17 6 0 47.687692
17 6 3 20.071592
17 7 0 46.736042
17 7 3 19.765955
17 8 0 46.223298
17 8 3 19.745110
17 9 0 44.566385
17 9 3 19.434661
17 10 0 43.009798
17 10 3 18.918933
17 11 0 41.064499
17 11 3 19.869060
17 12 0 40.139497
17 12 3 19.817252
17 13 0 39.157464
17 13 3 19.647778
17 14 0 37.422326
17 14 3 19.220006
17 15 0 36.757794
17 15 3 19.917320
17 16 0 34.407647
17 16 3 19.609711
17 17 0 35.961129
17 17 3 19.859208
17 18 0 35.452700
17 18 3 20.417148
17 19 0 34.971720
17 19 3 20.657991
17 20 0 33.925954
17 20 3 20.007324
17 21 0 33.760659
17 21 3 20.459602
17 22 0 33.252425
17 22 3 20.397992
17 23 0 32.625469
17 23 3 20.478373
17 24 0 32.120917
17 24 3 20.653832
17 25 0 32.464628
17 25 3 20.669549
17 26 0 31.689760
17 26 3 20.490870
17 27 0 32.102825
17 27 3 20.718398
17 28 0 31.006538
17 28 3 20.459078
17 29 0 30.953821
17 29 3 20.490631
17 30 0 31.785625
17 30 3 20.780592
17 31 0 31.974842
17 31 3 21.059958
17 32 0 29.883550
17 32 3 21.010365
17 33 0 31.765751
17 33 3 21.660343
17 34 0 30.443225
17 34 3 20.636453
17 35 0 31.789796
17 35 3 20.755711
17 36 0 31.201984
17 36 3 21.814499
17 37 0 32.532963
17 37 3 20.886760
17 38 0 29.824913
17 38 3 23.204641
17 39 0 31.924629
17 39 3 20.865520
17 40 0 29.127995
17 40 3 20.884960
17 42 0 31.455359
17 42 3 20.702807
17 44 0 30.709149
17 44 3 20.958617
17 46 0 28.889632
17 46 3 21.119457
17 48 0 31.901119
17 48 3 21.190401
17 50 0 28.269920
17 50 3 21.020706
17 52 0 27.476954
17 52 3 20.937463
17 54 0 27.888719
17 54 3 21.089007
17 56 0 27.107803
17 56 3 21.737694
17 58 0 27.360175
17 58 3 22.492189
17 60 0 27.263955
17 60 3 21.352909
17 63 0 26.730182
17 63 3 20.972207
17 66 0 26.695729
17 66 3 21.127220
17 69 0 26.984752
17 69 3 21.462273
17 72 0 26.442575
17 72 3 21.292155
17 75 0 26.315614
17 75 3 21.025939
17 78 0 26.802161
17 78 3 21.263724
17 81 0 25.521229
17 81 3 21.245471
17 85 0 25.855138
17 85 3 21.426871
17 89 0 25.283394
17 89 3 20.750036
17 93 0 26.592849
17 93 3 21.327246
17 97 0 25.064266
17 97 3 21.114578
17 101 0 25.496655
17 101 3 25.212815
17 106 0 24.796744
17 106 3 21.048418
17 111 0 24.369319
17 111 3 21.273013
17 116 0 26.487828
17 116 3 21.202633
17 121 0 23.816331
17 121 3 21.124734
17 127 0 23.779009
17 127 3 21.245627
18 1 3 15.676730
18 2 3 20.167773
18 3 3 19.942391
18 4 3 20.366380
18 5 0 49.675508
18 5 3 22.838917
18 6 0 50.889435
18 6 3 20.165521
18 7 0 49.211756
18 7 3 19.887659
18 8 0 48.733600
18 8 3 19.953641
18 9 0 47.785662
18 9 3 20.184241
18 10 0 45.274948
18 10 3 20.128882
18 11 0 43.803571
18 11 3 20.341983
18 12 0 42.111517
18 12 3 20.353346
18 13 0 40.991827
18 13 3 20.110430
18 14 0 39.539263
18 14 3 20.576354
18 15 0 39.030763
18 15 3 20.679758
18 16 0 36.835223
18 16 3 20.759747
18 17 0 37.729032
18 17 3 20.652311
18 18 0 37.806142
18 18 3 20.936656
18 19 0 37.629789
18 19 3 21.258530
18 20 0 36.718890
18 20 3 22.054020
18 21 0 38.018592
18 21 3 20.891925
18 22 0 35.571366
18 22 3 21.258732
18 23 0 35.823535
18 23 3 21.440244
18 24 0 36.244921
18 24 3 21.376279
18 25 0 34.376291
18 25 3 21.155970
18 26 0 33.684440
18 26 3 21.088642
18 27 0 34.510239
18 27 3 21.099655
18 28 0 33.270469
18 28 3 21.142839
18 29 0 34.302944
18 29 3 21.266206
18 30 0 33.534253
18 30 3 21.454532
18 31 0 33.115084
18 31 3 21.181656
18 32 0 31.605933
18 32 3 21.274670
18 33 0 35.909778
18 33 3 21.352529
18 34 0 32.814829
18 34 3 21.322039
18 35 0 33.895533
18 35 3 21.210387
18 36 0 32.362023
18 36 3 21.201747
18 37 0 32.246599
18 37 3 21.120225
18 38 0 31.942811
18 38 3 23.941864
18 39 0 32.180796
18 39 3 21.100400
18 40 0 31.835869
18 40 3 22.078082
18 42 0 30.897055
18 42 3 20.886663
18 44 0 31.358948
18 44 3 21.323760
18 46 0 31.735675
18 46 3 21.848419
18 48 0 29.904604
18 48 3 21.882981
18 50 0 29.164907
18 50 3 21.255398
18 52 0 29.141726
18 52 3 21.134609
18 54 0 33.090835
18 54 3 21.130955
18 56 0 29.311774
18 56 3 25.409789
18 58 0 31.266078
18 58 3 21.239525
18 60 0 29.960424
18 60 3 21.204072
18 63 0 28.931481
18 63 3 21.239606
19 1 3 17.567448
19 2 3 23.202286
19 3 3 22.817258
19 4 3 20.822940
19 5 0 52.404285
19 5 3 20.274018
19 6 0 52.780669
19 6 3 20.612440
19 7 0 52.497427
19 7 3 20.977771
19 8 0 51.299391
19 8 3 21.004055
19 9 0 50.378683
19 9 3 21.252127
19 10 0 48.186715
19 10 3 21.117953
19 11 0 47.000747
19 11 3 21.025361
19 12 0 46.049244
19 12 3 21.189782
19 13 0 44.552985
19 13 3 20.876378
19 14 0 43.621237
19 14 3 20.985619
19 15 0 43.877176
19 15 3 21.291180
19 16 0 40.599406
19 16 3 21.407495
19 17 0 40.305681
19 17 3 21.087425
19 18 0 42.133849
19 18 3 21.367396
19 19 0 42.263188
19 19 3 21.631637
19 20 0 39.626407
19 20 3 21.539474
19 21 0 39.327026
19 21 3 24.524819
19 22 0 38.858201
19 22 3 21.085190
19 23 0 38.527574
19 23 3 20.940038
19 24 0 36.946903
19 24 3 21.357327
19 25 0 37.368422
19 25 3 21.380182
19 26 0 36.510883
19 26 3 21.463965
19 27 0 36.733667
19 27 3 21.660854
19 28 0 36.158082
19 28 3 21.405097
19 29 0 36.200944
19 29 3 21.751987
19 30 0 36.726898
19 30 3 21.732436
19 31 0 35.729360
19 31 3 21.715525
20 1 3 17.303467
20 2 3 20.260655
20 3 3 20.740725
20 4 3 21.317098
20 5 0 54.573149
20 5 3 20.948184
20 6 0 55.331702
20 6 3 21.036208
20 7 0 55.485912
20 7 3 21.110884
20 8 0 55.200993
20 8 3 21.600489
20 9 0 53.428168
20 9 3 21.400549
20 10 0 51.799865
20 10 3 21.340336
20 11 0 50.077778
20 11 3 21.487541
20 12 0 49.362425
20 12 3 21.654278
20 13 0 47.585110
20 13 3 21.272609
20 14 0 45.947001
20 14 3 21.191205
20 15 0 45.372428
20 15 3 22.337553
