4 10 0 1436.183501
4 10 3 609.110593
4 11 0 1298.887760
4 11 3 629.985498
4 12 0 1447.572787
4 12 3 752.997271
4 13 0 1523.754895
4 13 3 705.477588
4 14 0 1481.260130
4 14 3 695.927851
4 15 0 1651.387101
4 15 3 679.493527
4 16 0 1346.160573
4 16 3 600.823181
4 17 0 3439.526735
4 17 3 652.845267
4 18 0 3392.732153
4 18 3 572.166673
4 19 0 1759.743534
4 19 3 387.020802
4 20 0 1786.897262
4 20 3 382.036086
4 21 0 1630.920562
4 21 3 378.475190
4 22 0 1791.576085
4 22 3 1102.624320
4 23 0 1619.017438
4 23 3 379.082043
4 24 0 1731.210155
4 24 3 369.965961
4 25 0 1812.968501
4 25 3 353.953481
4 26 0 1626.839989
4 26 3 336.002972
4 27 0 1757.649393
4 27 3 338.760458
4 28 0 1099.324210
4 28 3 293.069715
4 29 0 1316.207191
4 29 3 281.491793
4 30 0 1142.349817
4 30 3 271.462325
4 31 0 894.576309
4 31 3 264.271914
4 32 0 914.414254
4 32 3 271.793250
4 33 0 1053.174647
4 33 3 259.838096
4 34 0 1019.680979
4 34 3 271.517660
4 35 0 1034.558592
4 35 3 276.097788
4 36 0 1192.564045
4 36 3 271.553634
4 37 0 986.482838
4 37 3 299.873454
4 38 0 753.891365
4 38 3 255.207834
4 39 0 726.769452
4 39 3 263.869432
4 40 0 839.274107
4 40 3 280.170242
4 42 0 694.435111
4 42 3 296.440578
4 44 0 1042.306401
4 44 3 351.000486
4 46 0 798.647445
4 46 3 422.068430
4 48 0 738.045360
4 48 3 379.251670
4 50 0 620.781879
4 50 3 427.936159
4 52 0 617.651200
4 52 3 467.311152
4 54 0 552.034739
4 54 3 515.672536
4 56 0 581.770465
4 56 3 453.827519
4 58 0 601.174808
4 58 3 463.396838
4 60 0 610.578152
4 60 3 458.072143
4 63 0 635.983534
4 63 3 470.968963
4 66 0 619.944025
4 66 3 405.590984
4 69 0 564.603674
4 69 3 428.295775
4 72 0 606.738337
4 72 3 422.925447
4 75 0 562.387355
4 75 3 384.444490
4 78 0 650.551110
4 78 3 384.089271
4 81 0 535.415384
4 81 3 395.375118
4 85 0 487.940781
4 85 3 351.103575
4 89 0 375.809134
4 89 3 356.031870
4 93 0 532.918990
4 93 3 364.202759
4 97 0 509.947469
4 97 3 345.007887
4 101 0 533.764278
4 101 3 346.698893
4 106 0 450.925679
4 106 3 333.642125
4 111 0 504.452269
4 111 3 469.417520
4 116 0 397.258959
4 116 3 321.408553
4 121 0 313.696050
4 121 3 385.777674
4 127 0 428.355777
4 127 3 387.334862
4 133 0 288.218534
4 133 3 368.161047
4 139 0 336.095436
4 139 3 361.867952
4 145 0 321.823415
4 145 3 348.749538
4 152 0 254.677690
4 152 3 314.985800
4 159 0 335.497599
4 159 3 299.348296
4 166 0 292.252549
4 166 3 296.078653
4 174 0 304.006947
4 174 3 285.761794
4 182 0 192.609402
4 182 3 266.947425
4 191 0 290.820905
4 191 3 259.236777
4 200 0 216.583866
4 200 3 247.900275
4 210 0 184.237030
4 210 3 233.782787
4 220 0 200.849643
4 220 3 228.165631
4 231 0 201.704826
4 231 3 217.424752
4 242 0 196.139325
4 242 3 194.641153
4 254 0 214.075942
4 254 3 194.859580
4 266 0 203.869290
4 266 3 200.091895
4 279 0 172.304321
4 279 3 184.397274
4 292 0 139.054015
4 292 3 177.537480
4 306 0 144.251233
4 306 3 170.870806
4 321 0 142.296651
4 321 3 163.169965
4 337 0 145.540504
4 337 3 156.711332
4 353 0 147.821769
4 353 3 148.544263
4 370 0 123.526214
4 370 3 140.913937
4 388 0 94.651475
4 388 3 134.159844
4 407 0 137.081138
4 407 3 131.003068
4 427 0 131.998427
4 427 3 125.058109
4 448 0 127.240014
4 448 3 118.241405
4 470 0 121.665790
4 470 3 113.554547
4 493 0 121.390477
4 493 3 114.121776
4 517 0 102.288150
4 517 3 107.715474
4 542 0 105.497268
4 542 3 101.477635
4 569 0 96.419620
4 569 3 100.283277
4 597 0 69.305928
4 597 3 95.833443
4 626 0 71.549863
4 626 3 89.405596
4 657 0 69.661830
4 657 3 88.543422
4 689 0 70.911658
4 689 3 83.591528
4 723 0 83.368451
4 723 3 82.828273
4 759 0 69.581671
4 759 3 81.548718
4 796 0 74.604539
4 796 3 75.818337
4 835 0 65.681136
4 835 3 73.882509
4 876 0 71.894215
4 876 3 69.954211
4 919 0 59.202741
4 919 3 67.810278
4 964 0 58.853503
4 964 3 65.430439
4 1012 0 56.560137
4 1012 3 63.569641
4 1062 0 56.299406
4 1062 3 61.079237
4 1115 0 56.606045
4 1115 3 60.114154
4 1170 0 52.292154
4 1170 3 61.127918
4 1228 0 52.399696
4 1228 3 58.213843
4 1289 0 49.554963
4 1289 3 55.731897
4 1353 0 46.870943
4 1353 3 53.058792
4 1420 0 47.986754
4 1420 3 51.592529
4 1491 0 45.008627
4 1491 3 50.709498
4 1565 0 42.833371
4 1565 3 48.913163
4 1643 0 41.075161
4 1643 3 46.819891
4 1725 0 39.628846
4 1725 3 45.236252
4 1811 0 37.783949
4 1811 3 45.151068
4 1901 0 36.508051
4 1901 3 42.954215
4 1996 0 35.134720
4 1996 3 42.913220
5 5 0 3654.924114
5 5 3 611.020517
5 6 0 3546.871151
5 6 3 740.541910
5 7 0 3674.678865
5 7 3 693.879913
5 8 0 3484.732014
5 8 3 618.678069
5 9 0 3466.100380
5 9 3 614.708117
5 10 0 1797.396043
5 10 3 405.747955
5 11 0 1679.973797
5 11 3 344.620047
5 12 0 1730.240327
5 12 3 374.718184
5 13 0 1814.622910
5 13 3 367.919987
5 14 0 1324.579191
5 14 3 306.765440
5 15 0 1045.002371
5 15 3 288.828702
5 16 0 930.061077
5 16 3 335.606894
5 17 0 1154.034939
5 17 3 276.397257
5 18 0 1069.082592
5 18 3 259.432043
5 19 0 873.666206
5 19 3 250.736948
5 20 0 916.773090
5 20 3 287.187968
5 21 0 860.033985
5 21 3 329.780403
5 22 0 846.584725
5 22 3 1004.664588
5 23 0 818.275639
5 23 3 404.116160
5 24 0 781.360648
5 24 3 391.092541
5 25 0 741.593903
5 25 3 426.285612
5 26 0 713.858880
5 26 3 449.284573
5 27 0 722.940764
5 27 3 495.515949
5 28 0 625.533737
5 28 3 460.338268
5 29 0 649.100380
5 29 3 461.309037
5 30 0 670.487527
5 30 3 463.640276
5 31 0 703.207723
5 31 3 459.815828
5 32 0 686.196182
5 32 3 454.756572
5 33 0 538.686341
5 33 3 404.976798
5 34 0 559.098489
5 34 3 423.011396
5 35 0 563.580612
5 35 3 438.772918
5 36 0 586.260398
5 36 3 434.699091
5 37 0 523.487380
5 37 3 399.774108
5 38 0 487.340676
5 38 3 378.803449
5 39 0 521.290531
5 39 3 368.987535
5 40 0 483.094340
5 40 3 379.842772
5 42 0 493.436365
5 42 3 356.943767
5 44 0 379.526583
5 44 3 367.810535
5 46 0 452.017204
5 46 3 365.763983
5 48 0 540.771350
5 48 3 340.108346
5 50 0 449.390597
5 50 3 344.871083
5 52 0 410.497799
5 52 3 335.659547
5 54 0 408.680468
5 54 3 338.936155
5 56 0 368.872493
5 56 3 317.654406
5 58 0 353.246397
5 58 3 323.384490
5 60 0 403.881690
5 60 3 320.175160
5 63 0 391.910371
5 63 3 404.374806
5 66 0 316.257424
5 66 3 354.209172
5 69 0 319.376212
5 69 3 379.857473
5 72 0 288.403839
5 72 3 339.488594
5 75 0 306.080133
5 75 3 325.243402
5 78 0 271.687925
5 78 3 317.156795
5 81 0 275.317453
5 81 3 307.304548
5 85 0 281.968621
5 85 3 290.362221
5 89 0 201.986223
5 89 3 264.085974
5 93 0 254.899766
5 93 3 269.229460
5 97 0 232.535789
5 97 3 256.955180
5 101 0 203.778993
5 101 3 242.604439
5 106 0 172.754521
5 106 3 237.714588
5 111 0 245.354561
5 111 3 238.814899
5 116 0 211.858296
5 116 3 213.388696
5 121 0 163.899487
5 121 3 201.029207
5 127 0 212.225308
5 127 3 197.833113
5 133 0 156.985998
5 133 3 193.244339
5 139 0 186.375408
5 139 3 183.047989
5 145 0 164.083430
5 145 3 174.648545
5 152 0 145.189000
5 152 3 167.412858
5 159 0 171.127990
5 159 3 161.035113
5 166 0 124.514251
5 166 3 154.409088
5 174 0 150.837793
5 174 3 149.313515
5 182 0 110.115765
5 182 3 140.217379
5 191 0 142.135453
5 191 3 133.161959
5 200 0 110.053388
5 200 3 136.126221
5 210 0 113.093341
5 210 3 124.192792
5 220 0 103.968414
5 220 3 119.846850
5 231 0 120.136989
5 231 3 118.719843
5 242 0 92.435821
5 242 3 109.851721
5 254 0 110.187019
5 254 3 107.186743
5 266 0 87.580267
5 266 3 107.027475
5 279 0 102.876302
5 279 3 102.149459
5 292 0 88.482196
5 292 3 98.120344
5 306 0 74.041416
5 306 3 94.413878
5 321 0 72.425334
5 321 3 91.437404
5 337 0 84.034012
5 337 3 88.438235
5 353 0 80.356227
5 353 3 85.001377
5 370 0 65.563550
5 370 3 83.234749
5 388 0 66.747495
5 388 3 78.941040
5 407 0 73.158458
5 407 3 74.593529
5 427 0 68.589761
5 427 3 71.702160
5 448 0 68.255045
5 448 3 65.112807
5 470 0 65.397114
5 470 3 64.945160
5 493 0 63.823083
5 493 3 66.040987
5 517 0 47.137625
5 517 3 63.272189
5 542 0 58.582188
5 542 3 59.696877
5 569 0 53.208659
5 569 3 57.816094
5 597 0 46.819166
5 597 3 58.543467
5 626 0 47.259903
5 626 3 56.600058
5 657 0 47.655552
5 657 3 54.571141
5 689 0 47.194980
5 689 3 53.623032
5 723 0 45.151799
5 723 3 50.364795
5 759 0 40.548155
5 759 3 49.951771
5 796 0 41.594889
5 796 3 47.882918
5 835 0 40.454078
5 835 3 46.074131
5 876 0 39.807112
5 876 3 45.069001
5 919 0 34.787825
5 919 3 43.385085
5 964 0 35.534452
5 964 3 44.900651
5 1012 0 33.537105
5 1012 3 41.625460
5 1062 0 32.752967
5 1062 3 40.940469
5 1115 0 33.070930
5 1115 3 41.126702
5 1170 0 30.841723
5 1170 3 41.507899
5 1228 0 30.980972
5 1228 3 40.556835
5 1289 0 29.479455
5 1289 3 38.369412
5 1353 0 28.471340
5 1353 3 37.411354
5 1420 0 27.592291
5 1420 3 35.717101
5 1491 0 26.214021
5 1491 3 36.052240
5 1565 0 26.277256
5 1565 3 35.440809
5 1643 0 25.188743
5 1643 3 34.394443
5 1725 0 24.385150
5 1725 3 33.776053
5 1811 0 23.215467
5 1811 3 32.885719
5 1901 0 22.881384
5 1901 3 32.562003
5 1996 0 22.253578
5 1996 3 32.045698
6 3 3 748.975025
6 4 3 597.351395
6 5 0 1506.070763
6 5 3 387.832914
6 6 0 1488.296410
6 6 3 379.803087
6 7 0 1141.233312
6 7 3 297.812271
6 8 0 1108.017951
6 8 3 287.037641
6 9 0 1057.562454
6 9 3 294.614613
6 10 0 872.636531
6 10 3 281.910618
6 11 0 829.041625
6 11 3 323.937090
6 12 0 659.285492
6 12 3 392.421146
6 13 0 761.286571
6 13 3 481.856073
6 14 0 623.827778
6 14 3 468.868014
6 15 0 528.371946
6 15 3 471.831730
6 16 0 715.359737
6 16 3 467.593686
6 17 0 513.110672
6 17 3 429.886948
6 18 0 499.243003
6 18 3 411.697401
6 19 0 424.793637
6 19 3 379.657621
6 20 0 439.280516
6 20 3 409.079103
6 21 0 386.538764
6 21 3 359.929483
6 22 0 401.165859
6 22 3 567.780429
6 23 0 405.682626
6 23 3 363.018429
6 24 0 418.399879
6 24 3 351.496159
6 25 0 410.069073
6 25 3 343.743850
6 26 0 388.301916
6 26 3 329.821547
6 27 0 358.134073
6 27 3 327.167725
6 28 0 347.182479
6 28 3 320.528622
6 29 0 291.039635
6 29 3 336.182343
6 30 0 341.110722
6 30 3 338.994710
6 31 0 307.842894
6 31 3 415.836596
6 32 0 390.358873
6 32 3 382.585847
6 33 0 279.547116
6 33 3 365.090287
6 34 0 276.037119
6 34 3 347.217970
6 35 0 265.512481
6 35 3 337.985876
6 36 0 258.405253
6 36 3 344.566152
6 37 0 270.840877
6 37 3 316.429139
6 38 0 245.348138
6 38 3 328.454607
6 39 0 267.734995
6 39 3 311.294566
6 40 0 226.352454
6 40 3 287.767456
6 42 0 225.163254
6 42 3 287.287273
6 44 0 209.133293
6 44 3 288.189486
6 46 0 216.727821
6 46 3 262.262526
6 48 0 246.596574
6 48 3 252.513867
6 50 0 194.792287
6 50 3 247.101221
6 52 0 185.592409
6 52 3 237.704754
6 54 0 176.942574
6 54 3 221.738842
6 56 0 169.397375
6 56 3 212.387963
6 58 0 145.305540
6 58 3 222.607696
6 60 0 124.212403
6 60 3 206.979499
6 63 0 178.910835
6 63 3 195.829304
6 66 0 158.821390
6 66 3 189.733222
6 69 0 176.941438
6 69 3 186.798042
6 72 0 159.778198
6 72 3 179.528040
6 75 0 105.590249
6 75 3 172.519594
6 78 0 152.482768
6 78 3 165.795696
6 81 0 133.876043
6 81 3 157.318094
6 85 0 107.025295
6 85 3 150.189997
6 89 0 128.930143
6 89 3 148.916051
6 93 0 100.208660
6 93 3 141.502135
6 97 0 109.613141
6 97 3 138.190614
6 101 0 101.649261
6 101 3 130.393009
6 106 0 107.698017
6 106 3 124.662204
6 111 0 122.631029
6 111 3 130.755637
6 116 0 119.547361
6 116 3 116.186745
6 121 0 92.330568
6 121 3 113.565494
6 127 0 107.243101
6 127 3 110.012198
6 133 0 82.204268
6 133 3 106.315435
6 139 0 76.273341
6 139 3 97.369647
6 145 0 79.909443
6 145 3 97.846428
6 152 0 70.801206
6 152 3 92.629167
6 159 0 85.610944
6 159 3 89.301782
6 166 0 68.499532
6 166 3 88.703551
6 174 0 78.877071
6 174 3 87.693448
6 182 0 70.895774
6 182 3 80.528983
6 191 0 74.829019
6 191 3 77.367545
6 200 0 70.383785
6 200 3 77.594483
6 210 0 55.092287
6 210 3 74.382423
6 220 0 68.761973
6 220 3 71.953806
6 231 0 57.933398
6 231 3 68.313633
6 242 0 53.375096
6 242 3 68.149879
6 254 0 59.772753
6 254 3 63.701937
6 266 0 47.474564
6 266 3 62.103806
6 279 0 55.969663
6 279 3 59.032588
6 292 0 53.078187
6 292 3 58.256384
6 306 0 49.687241
6 306 3 56.469322
6 321 0 43.911904
6 321 3 55.660675
6 337 0 43.498265
6 337 3 54.185508
6 353 0 42.526150
6 353 3 51.643508
6 370 0 43.788953
6 370 3 50.843214
6 388 0 42.192563
6 388 3 49.171862
6 407 0 40.951660
6 407 3 47.764268
6 427 0 39.811752
6 427 3 47.299797
6 448 0 38.167474
6 448 3 44.627540
6 470 0 33.034121
6 470 3 41.957584
6 493 0 36.570672
6 493 3 42.547264
6 517 0 32.117825
6 517 3 41.127020
6 542 0 33.883334
6 542 3 40.236707
6 569 0 31.754521
6 569 3 40.481026
6 597 0 30.873734
6 597 3 40.631382
6 626 0 30.123914
6 626 3 39.121117
6 657 0 29.798986
6 657 3 38.265704
6 689 0 28.524122
6 689 3 37.392175
6 723 0 27.721903
6 723 3 36.701242
6 759 0 26.838146
6 759 3 35.392043
6 796 0 25.906714
6 796 3 34.779169
6 835 0 25.392841
6 835 3 33.627630
6 876 0 24.767722
6 876 3 32.843594
6 919 0 22.761848
6 919 3 32.043921
6 964 0 22.142750
6 964 3 32.656943
6 1012 0 21.777973
6 1012 3 30.597746
6 1062 0 21.368673
6 1062 3 31.028024
6 1115 0 21.164106
6 1115 3 30.417506
6 1170 0 20.390252
6 1170 3 30.490967
6 1228 0 20.044083
6 1228 3 29.829579
6 1289 0 19.201203
6 1289 3 29.778210
6 1353 0 18.690941
6 1353 3 28.205494
6 1420 0 18.298057
6 1420 3 27.575452
6 1491 0 18.099342
6 1491 3 27.720819
6 1565 0 17.589187
6 1565 3 27.596102
6 1643 0 16.984994
6 1643 3 27.067593
6 1725 0 16.453490
6 1725 3 26.662490
6 1811 0 16.196677
6 1811 3 26.290067
6 1901 0 15.915130
6 1901 3 26.279985
6 1996 0 15.660964
6 1996 3 25.751971
7 2 3 607.748831
7 3 3 369.366435
7 4 3 264.985377
7 5 0 594.596271
7 5 3 278.683152
7 6 0 549.999177
7 6 3 380.158486
7 7 0 458.398732
7 7 3 472.064493
7 8 0 485.605891
7 8 3 477.128588
7 9 0 426.251235
7 9 3 428.576076
7 10 0 360.106548
7 10 3 381.103066
7 11 0 340.504907
7 11 3 346.452356
7 12 0 323.327794
7 12 3 341.865452
7 13 0 297.853895
7 13 3 333.683201
7 14 0 262.040356
7 14 3 308.626546
7 15 0 217.088069
7 15 3 335.198755
7 16 0 322.210338
7 16 3 386.990878
7 17 0 232.712809
7 17 3 379.857910
7 18 0 212.753995
7 18 3 344.480230
7 19 0 200.206382
7 19 3 313.240205
7 20 0 185.525667
7 20 3 291.474978
7 21 0 183.755420
7 21 3 278.636326
7 22 0 182.707926
7 22 3 304.496010
7 23 0 177.082444
7 23 3 276.330554
7 24 0 159.888067
7 24 3 247.275991
7 25 0 177.529036
7 25 3 241.328066
7 26 0 154.579808
7 26 3 230.831365
7 27 0 162.831096
7 27 3 226.820232
7 28 0 140.090814
7 28 3 209.269739
7 29 0 141.922938
7 29 3 228.523858
7 30 0 127.010225
7 30 3 215.665321
7 31 0 151.623394
7 31 3 201.263906
7 32 0 172.847505
7 32 3 199.761935
7 33 0 127.740769
7 33 3 189.812272
7 34 0 123.698395
7 34 3 186.411353
7 35 0 136.211353
7 35 3 183.926988
7 36 0 121.044322
7 36 3 184.991752
7 37 0 118.874477
7 37 3 171.580072
7 38 0 124.869781
7 38 3 175.699628
7 39 0 112.061840
7 39 3 162.313619
7 40 0 109.860714
7 40 3 157.014178
7 42 0 101.962204
7 42 3 154.995232
7 44 0 115.585105
7 44 3 152.843859
7 46 0 114.575221
7 46 3 136.738552
7 48 0 119.757549
7 48 3 134.950567
7 50 0 92.039677
7 50 3 133.800446
7 52 0 99.063348
7 52 3 127.619864
7 54 0 85.569307
7 54 3 121.494536
7 56 0 89.804662
7 56 3 116.662626
7 58 0 91.794343
7 58 3 117.487334
7 60 0 94.376303
7 60 3 110.169624
7 63 0 91.093119
7 63 3 109.749570
7 66 0 71.447706
7 66 3 107.773768
7 69 0 79.017681
7 69 3 103.044399
7 72 0 65.887357
7 72 3 97.110020
7 75 0 56.510324
7 75 3 98.495704
7 78 0 80.383416
7 78 3 92.223516
7 81 0 66.761670
7 81 3 87.497596
7 85 0 63.830310
7 85 3 86.696005
7 89 0 65.875114
7 89 3 83.953705
7 93 0 60.976185
7 93 3 80.949262
7 97 0 53.003694
7 97 3 76.222639
7 101 0 49.604964
7 101 3 74.409412
7 106 0 49.490712
7 106 3 72.198915
7 111 0 60.597902
7 111 3 72.678027
7 116 0 43.239477
7 116 3 66.565649
7 121 0 46.546656
7 121 3 66.026561
7 127 0 55.358087
7 127 3 64.153073
7 133 0 46.831641
7 133 3 61.820966
7 139 0 50.523353
7 139 3 59.782811
7 145 0 46.261267
7 145 3 57.742941
7 152 0 43.964482
7 152 3 55.604452
7 159 0 46.529240
7 159 3 53.881107
7 166 0 45.366406
7 166 3 55.137518
7 174 0 42.937257
7 174 3 52.470473
7 182 0 43.576694
7 182 3 51.783941
7 191 0 40.679506
7 191 3 48.499543
7 200 0 39.275087
7 200 3 48.333972
7 210 0 31.732538
7 210 3 46.555254
7 220 0 37.857795
7 220 3 45.470340
7 231 0 30.786409
7 231 3 43.828141
7 242 0 30.668265
7 242 3 43.517128
7 254 0 34.526787
7 254 3 41.981207
7 266 0 34.129903
7 266 3 41.327470
7 279 0 29.678070
7 279 3 39.562244
7 292 0 29.302074
7 292 3 41.092063
7 306 0 28.481397
7 306 3 40.271173
7 321 0 28.825687
7 321 3 39.860990
7 337 0 28.279216
7 337 3 38.088659
7 353 0 27.468094
7 353 3 36.813915
7 370 0 27.388629
7 370 3 36.239959
7 388 0 27.142767
7 388 3 35.547588
7 407 0 26.556300
7 407 3 34.641796
7 427 0 25.412901
7 427 3 34.050709
7 448 0 25.120296
7 448 3 33.896145
7 470 0 23.930193
7 470 3 32.346010
7 493 0 23.882854
7 493 3 32.475045
7 517 0 22.405486
7 517 3 31.480815
7 542 0 22.247012
7 542 3 30.623909
7 569 0 21.469076
7 569 3 29.833045
7 597 0 20.939598
7 597 3 30.237380
7 626 0 20.233240
7 626 3 29.526388
7 657 0 20.094304
7 657 3 28.794595
7 689 0 19.478103
7 689 3 28.563013
7 723 0 19.083934
7 723 3 28.011897
7 759 0 18.651947
7 759 3 27.939289
7 796 0 18.100747
7 796 3 27.215394
7 835 0 17.634662
7 835 3 26.367109
7 876 0 17.377145
7 876 3 26.078826
7 919 0 16.454322
7 919 3 25.277123
7 964 0 16.219392
7 964 3 26.092136
7 1012 0 15.983223
7 1012 3 24.687293
7 1062 0 15.632630
7 1062 3 25.245468
7 1115 0 15.506022
7 1115 3 25.228261
7 1170 0 15.046240
7 1170 3 26.167774
7 1228 0 14.656817
7 1228 3 25.089778
7 1289 0 14.418295
7 1289 3 24.273058
7 1353 0 14.134947
7 1353 3 24.088151
7 1420 0 13.713393
7 1420 3 22.865194
7 1491 0 13.902731
7 1491 3 23.661011
7 1565 0 13.685028
7 1565 3 23.335549
7 1643 0 12.961466
7 1643 3 23.297108
7 1725 0 12.718370
7 1725 3 23.181970
7 1811 0 12.648091
7 1811 3 22.855367
7 1901 0 12.879368
7 1901 3 22.935726
7 1996 0 12.705882
7 1996 3 22.458719
8 1 3 470.769577
8 2 3 269.009052
8 3 3 403.913138
8 4 3 449.404643
8 5 0 333.178781
8 5 3 378.543542
8 6 0 287.690737
8 6 3 344.603790
8 7 0 241.523326
8 7 3 334.594447
8 8 0 226.829717
8 8 3 397.102568
8 9 0 207.807065
8 9 3 347.693867
8 10 0 179.492605
8 10 3 291.122950
8 11 0 174.464927
8 11 3 287.373883
8 12 0 153.971234
8 12 3 255.713295
8 13 0 147.915318
8 13 3 232.190746
8 14 0 132.983389
8 14 3 217.530300
8 15 0 133.454660
8 15 3 217.657781
8 16 0 110.140263
8 16 3 194.553270
8 17 0 115.241660
8 17 3 185.377756
8 18 0 110.673819
8 18 3 176.786338
8 19 0 108.920412
8 19 3 167.699229
8 20 0 99.397691
8 20 3 153.759789
8 21 0 97.515665
8 21 3 152.423248
8 22 0 95.147174
8 22 3 161.344358
8 23 0 93.320605
8 23 3 142.606027
8 24 0 86.260294
8 24 3 133.668044
8 25 0 86.703424
8 25 3 131.023673
8 26 0 81.786722
8 26 3 126.926725
8 27 0 78.900139
8 27 3 123.351898
8 28 0 76.452809
8 28 3 116.651591
8 29 0 77.023000
8 29 3 115.341927
8 30 0 75.630495
8 30 3 119.442369
8 31 0 71.406641
8 31 3 109.180441
8 32 0 65.295581
8 32 3 106.063129
8 33 0 69.821032
8 33 3 107.462203
8 34 0 67.317834
8 34 3 104.406325
8 35 0 67.023311
8 35 3 100.575515
8 36 0 66.505469
8 36 3 96.554966
8 37 0 64.826631
8 37 3 95.685031
8 38 0 61.834008
8 38 3 97.711955
8 39 0 59.963640
8 39 3 94.836803
8 40 0 61.747701
8 40 3 89.100872
8 42 0 57.656408
8 42 3 88.211700
8 44 0 57.206913
8 44 3 83.529810
8 46 0 54.588441
8 46 3 79.102921
8 48 0 51.253812
8 48 3 76.238879
8 50 0 51.666233
8 50 3 79.582593
8 52 0 49.620172
8 52 3 71.387300
8 54 0 49.430406
8 54 3 71.407275
8 56 0 46.251396
8 56 3 69.835894
8 58 0 46.543936
8 58 3 70.675436
8 60 0 47.170829
8 60 3 65.206051
8 63 0 42.565279
8 63 3 65.195927
8 66 0 43.943398
8 66 3 62.724695
8 69 0 41.149206
8 69 3 59.922752
8 72 0 40.335967
8 72 3 58.067850
8 75 0 39.855374
8 75 3 58.628696
8 78 0 40.252400
8 78 3 57.647485
8 81 0 38.883034
8 81 3 55.208680
8 85 0 36.670876
8 85 3 53.042460
8 89 0 35.420802
8 89 3 49.750492
8 93 0 36.225636
8 93 3 51.466208
8 97 0 34.708285
8 97 3 48.966539
8 101 0 33.235279
8 101 3 47.030323
8 106 0 31.795103
8 106 3 45.680522
8 111 0 32.251417
8 111 3 46.477558
8 116 0 32.107058
8 116 3 43.960648
8 121 0 31.546908
8 121 3 43.396989
8 127 0 29.760203
8 127 3 41.827317
8 133 0 30.100721
8 133 3 41.496909
8 139 0 28.549932
8 139 3 41.490957
8 145 0 29.932087
8 145 3 41.032069
8 152 0 27.827231
8 152 3 39.171835
8 159 0 26.735993
8 159 3 38.510120
8 166 0 27.172375
8 166 3 38.537372
8 174 0 26.077636
8 174 3 37.615416
8 182 0 25.909151
8 182 3 36.379329
8 191 0 24.792172
8 191 3 34.640509
8 200 0 25.277222
8 200 3 35.677985
8 210 0 24.291359
8 210 3 33.938560
8 220 0 24.101984
8 220 3 33.357056
8 231 0 23.163107
8 231 3 32.724140
8 242 0 22.887862
8 242 3 32.464192
8 254 0 22.646119
8 254 3 32.479277
8 266 0 21.822450
8 266 3 30.903891
8 279 0 21.192286
8 279 3 29.258849
8 292 0 21.321458
8 292 3 29.955436
8 306 0 20.541095
8 306 3 29.798835
8 321 0 20.355111
8 321 3 30.361946
8 337 0 20.191482
8 337 3 28.829546
8 353 0 19.791710
8 353 3 28.457010
8 370 0 19.058184
8 370 3 28.209447
8 388 0 19.016575
8 388 3 27.593163
8 407 0 18.655388
8 407 3 26.820070
8 427 0 18.439257
8 427 3 26.898275
8 448 0 18.807413
8 448 3 26.881324
8 470 0 17.318306
8 470 3 25.800352
8 493 0 17.194972
8 493 3 26.733879
8 517 0 16.945475
8 517 3 25.695524
8 542 0 16.526486
8 542 3 25.404924
8 569 0 16.111034
8 569 3 24.741847
8 597 0 15.929243
8 597 3 24.994393
8 626 0 15.569948
8 626 3 24.545444
8 657 0 15.557845
8 657 3 24.277766
8 689 0 15.103479
8 689 3 24.355295
8 723 0 14.598635
8 723 3 24.747461
8 759 0 14.732387
8 759 3 23.877897
8 796 0 14.345468
8 796 3 23.417510
8 835 0 14.023367
8 835 3 22.584743
8 876 0 13.709373
8 876 3 22.631962
8 919 0 13.631802
8 919 3 22.059597
8 964 0 13.518325
8 964 3 22.742198
8 1012 0 13.254099
8 1012 3 21.735066
8 1062 0 12.916894
8 1062 3 22.505060
8 1115 0 12.675952
8 1115 3 22.345495
8 1170 0 12.535144
8 1170 3 22.264080
8 1228 0 12.337317
8 1228 3 22.212527
8 1289 0 11.981476
8 1289 3 21.911693
8 1353 0 11.905374
8 1353 3 21.685786
8 1420 0 11.686234
8 1420 3 20.798600
8 1491 0 11.801767
8 1491 3 21.277671
8 1565 0 11.482967
8 1565 3 21.475943
8 1643 0 11.209391
8 1643 3 21.337013
8 1725 0 11.234785
8 1725 3 21.545134
8 1811 0 10.985891
8 1811 3 21.252684
8 1901 0 10.908770
8 1901 3 21.305453
8 1996 0 10.752756
8 1996 3 21.240685
9 1 3 329.277470
9 2 3 467.625725
9 3 3 324.723593
9 4 3 376.987505
9 5 0 180.506450
9 5 3 303.112371
9 6 0 158.426526
9 6 3 250.916522
9 7 0 139.026936
9 7 3 228.207398
9 8 0 129.292720
9 8 3 208.426514
9 9 0 119.923687
9 9 3 183.442319
9 10 0 108.325960
9 10 3 161.165464
9 11 0 101.616473
9 11 3 144.620287
9 12 0 91.215506
9 12 3 136.252766
9 13 0 90.593848
9 13 3 132.626551
9 14 0 82.500527
9 14 3 123.090458
9 15 0 81.342788
9 15 3 116.819123
9 16 0 72.125808
9 16 3 106.376808
9 17 0 72.623434
9 17 3 102.627148
9 18 0 67.846946
9 18 3 99.121134
9 19 0 66.499217
9 19 3 94.939908
9 20 0 61.538521
9 20 3 91.306219
9 21 0 61.932168
9 21 3 87.158314
9 22 0 61.027948
9 22 3 87.294158
9 23 0 58.422762
9 23 3 83.537364
9 24 0 55.429506
9 24 3 80.080827
9 25 0 56.513479
9 25 3 76.996942
9 26 0 53.392210
9 26 3 75.278043
9 27 0 52.152539
9 27 3 72.074776
9 28 0 51.188319
9 28 3 70.168498
9 29 0 49.924318
9 29 3 71.002071
9 30 0 49.924804
9 30 3 68.699155
9 31 0 47.391995
9 31 3 65.718025
9 32 0 46.342364
9 32 3 67.255617
9 33 0 46.426314
9 33 3 64.586293
9 34 0 44.478230
9 34 3 61.352496
9 35 0 45.765592
9 35 3 60.173157
9 36 0 44.251578
9 36 3 60.138211
9 37 0 43.092759
9 37 3 59.530523
9 38 0 42.137952
9 38 3 56.604386
9 39 0 42.165301
9 39 3 58.356298
9 40 0 41.887879
9 40 3 56.271479
9 42 0 40.541961
9 42 3 55.368213
9 44 0 39.319169
9 44 3 53.268779
9 46 0 37.810321
9 46 3 50.060649
9 48 0 37.773309
9 48 3 50.281548
9 50 0 36.018780
9 50 3 48.479241
9 52 0 35.433097
9 52 3 45.305417
9 54 0 34.744416
9 54 3 46.362270
9 56 0 33.142891
9 56 3 44.512573
9 58 0 33.484358
9 58 3 44.822635
9 60 0 32.477904
9 60 3 43.340195
9 63 0 32.339254
9 63 3 42.134635
9 66 0 31.090015
9 66 3 40.303874
9 69 0 30.743717
9 69 3 41.244013
9 72 0 29.650117
9 72 3 40.696845
9 75 0 30.514485
9 75 3 41.783478
9 78 0 29.726547
9 78 3 39.727343
9 81 0 29.286330
9 81 3 38.459573
9 85 0 28.770373
9 85 3 38.409085
9 89 0 27.511530
9 89 3 36.309050
9 93 0 27.777099
9 93 3 35.978293
9 97 0 27.378003
9 97 3 34.764586
9 101 0 26.628316
9 101 3 33.927766
9 106 0 25.576805
9 106 3 33.455100
9 111 0 25.812186
9 111 3 34.040714
9 116 0 25.172073
9 116 3 33.144345
9 121 0 24.878866
9 121 3 32.270457
9 127 0 25.332348
9 127 3 31.516606
9 133 0 24.358619
9 133 3 31.348682
9 139 0 24.094344
9 139 3 30.557099
9 145 0 24.323677
9 145 3 31.238236
9 152 0 23.101938
9 152 3 29.656711
9 159 0 21.980817
9 159 3 28.755773
9 166 0 22.555864
9 166 3 28.942999
9 174 0 22.332467
9 174 3 28.521110
9 182 0 21.836161
9 182 3 27.773865
9 191 0 21.416175
9 191 3 26.794373
9 200 0 21.794101
9 200 3 27.861418
9 210 0 20.969539
9 210 3 26.396130
9 220 0 20.472053
9 220 3 26.249840
9 231 0 20.310211
9 231 3 26.273334
9 242 0 20.248908
9 242 3 26.025362
9 254 0 20.220845
9 254 3 26.972077
9 266 0 19.507370
9 266 3 25.518635
9 279 0 18.893610
9 279 3 24.035126
9 292 0 19.138966
9 292 3 24.991070
9 306 0 18.444381
9 306 3 24.770870
9 321 0 18.292466
9 321 3 25.080490
9 337 0 18.356477
9 337 3 24.197322
9 353 0 17.916670
9 353 3 24.216035
9 370 0 17.412576
9 370 3 23.710114
9 388 0 17.363365
9 388 3 23.955778
9 407 0 17.269098
9 407 3 23.295136
9 427 0 16.630898
9 427 3 23.237128
9 448 0 16.582386
9 448 3 23.436698
9 470 0 16.374192
9 470 3 24.061966
9 493 0 16.210087
9 493 3 23.248200
9 517 0 15.957681
9 517 3 22.746589
9 542 0 15.486683
9 542 3 22.260622
9 569 0 15.164040
9 569 3 21.955378
9 597 0 15.003934
9 597 3 22.099054
9 626 0 14.605687
9 626 3 22.050411
9 657 0 14.548053
9 657 3 21.810225
9 689 0 14.347164
9 689 3 22.063981
9 723 0 14.074588
9 723 3 21.374979
9 759 0 13.719179
9 759 3 21.781678
9 796 0 13.409779
9 796 3 21.394815
9 835 0 13.250873
9 835 3 21.128193
9 876 0 13.067948
9 876 3 20.671733
9 919 0 12.817161
9 919 3 20.429635
9 964 0 12.579842
9 964 3 21.253481
9 1012 0 12.464720
9 1012 3 21.209446
9 1062 0 12.213813
9 1062 3 20.985249
9 1115 0 12.094067
9 1115 3 21.000703
9 1170 0 11.913224
9 1170 3 20.965947
9 1228 0 11.738160
9 1228 3 21.072849
9 1289 0 11.450046
9 1289 3 20.847065
9 1353 0 11.365481
9 1353 3 20.224489
9 1420 0 11.190594
9 1420 3 19.925607
9 1491 0 11.292038
9 1491 3 20.336198
9 1565 0 10.976279
9 1565 3 20.474854
9 1643 0 10.850076
9 1643 3 20.529749
9 1725 0 10.783254
9 1725 3 20.588385
9 1811 0 10.732218
9 1811 3 20.453924
9 1901 0 10.575258
9 1901 3 20.625793
9 1996 0 10.542425
9 1996 3 20.453783
10 1 3 433.364139
10 2 3 413.079747
10 3 3 247.007601
10 4 3 191.530957
10 5 0 99.833512
10 5 3 163.749965
10 6 0 90.750453
10 6 3 137.176797
10 7 0 82.089993
10 7 3 120.256886
10 8 0 75.115157
10 8 3 110.106218
10 9 0 73.195807
10 9 3 101.449189
10 10 0 67.620583
10 10 3 91.637159
10 11 0 63.514358
10 11 3 83.326447
10 12 0 59.285355
10 12 3 80.077811
10 13 0 57.127994
10 13 3 75.425828
10 14 0 56.572455
10 14 3 69.316537
10 15 0 53.970379
10 15 3 68.165342
10 16 0 48.206631
10 16 3 61.721080
10 17 0 49.120290
10 17 3 60.041905
10 18 0 45.896438
10 18 3 57.755503
10 19 0 46.282837
10 19 3 57.369918
10 20 0 43.113427
10 20 3 57.728428
10 21 0 41.777000
10 21 3 52.794860
10 22 0 42.215287
10 22 3 54.445664
10 23 0 41.188259
10 23 3 49.725117
10 24 0 38.994285
10 24 3 50.049982
10 25 0 38.965451
10 25 3 49.534119
10 26 0 37.984179
10 26 3 49.105688
10 27 0 37.591975
10 27 3 45.297834
10 28 0 36.938720
10 28 3 43.377030
10 29 0 36.025614
10 29 3 43.206770
10 30 0 36.292470
10 30 3 45.833616
10 31 0 35.296229
10 31 3 42.766058
10 32 0 34.299346
10 32 3 44.981346
10 33 0 34.183430
10 33 3 41.165647
10 34 0 33.399113
10 34 3 40.617184
10 35 0 33.985472
10 35 3 41.085439
10 36 0 33.373086
10 36 3 40.655940
10 37 0 33.037829
10 37 3 40.379649
10 38 0 32.195340
10 38 3 39.323215
10 39 0 32.410632
10 39 3 39.995926
10 40 0 32.046250
10 40 3 39.864626
10 42 0 32.196942
10 42 3 39.103593
10 44 0 31.290393
10 44 3 37.647143
10 46 0 30.026337
10 46 3 36.194661
10 48 0 29.450601
10 48 3 37.242900
10 50 0 28.778010
10 50 3 35.536179
10 52 0 29.155041
10 52 3 33.792308
10 54 0 28.920840
10 54 3 33.459815
10 56 0 27.324347
10 56 3 33.502603
10 58 0 27.989297
10 58 3 32.857392
10 60 0 27.275568
10 60 3 32.949997
10 63 0 27.148601
10 63 3 31.330395
10 66 0 26.896607
10 66 3 30.681941
10 69 0 26.705867
10 69 3 30.531484
10 72 0 25.248471
10 72 3 30.385408
10 75 0 26.021850
10 75 3 31.032561
10 78 0 26.242928
10 78 3 29.659326
10 81 0 24.919408
10 81 3 29.110916
10 85 0 25.180706
10 85 3 29.030430
10 89 0 24.046682
10 89 3 27.817948
10 93 0 24.094000
10 93 3 28.159724
10 97 0 23.633434
10 97 3 26.943803
10 101 0 23.252963
10 101 3 26.649552
10 106 0 22.945013
10 106 3 26.913694
10 111 0 22.993711
10 111 3 26.804254
10 116 0 22.652494
10 116 3 26.304669
10 121 0 22.283731
10 121 3 25.922872
10 127 0 22.330924
10 127 3 25.680847
10 133 0 23.056368
10 133 3 25.835063
10 139 0 22.022043
10 139 3 24.863521
10 145 0 21.582966
10 145 3 26.042668
10 152 0 21.188990
10 152 3 24.747802
10 159 0 20.230762
10 159 3 24.282980
10 166 0 21.527253
10 166 3 24.841230
10 174 0 20.811842
10 174 3 24.062397
10 182 0 20.463217
10 182 3 23.812304
10 191 0 20.102210
10 191 3 22.850845
10 200 0 20.087336
10 200 3 23.784879
10 210 0 19.865007
10 210 3 23.063713
10 220 0 19.644269
10 220 3 22.482701
10 231 0 19.296943
10 231 3 23.216438
10 242 0 19.285854
10 242 3 22.600754
10 254 0 19.189771
10 254 3 23.325710
10 266 0 18.891365
10 266 3 22.485591
10 279 0 18.332130
10 279 3 21.278645
10 292 0 18.213410
10 292 3 22.393269
10 306 0 18.039062
10 306 3 22.302579
10 321 0 18.000262
10 321 3 22.655461
10 337 0 17.608081
10 337 3 22.135553
10 353 0 17.143980
10 353 3 21.822146
10 370 0 16.775764
10 370 3 21.635748
10 388 0 16.587550
10 388 3 21.718336
10 407 0 16.469818
10 407 3 21.482894
10 427 0 16.125899
10 427 3 21.370485
10 448 0 16.026602
10 448 3 23.961335
10 470 0 15.670325
10 470 3 21.120339
10 493 0 15.505052
10 493 3 21.280174
10 517 0 15.283871
10 517 3 21.322900
10 542 0 14.932432
10 542 3 20.870000
10 569 0 14.723447
10 569 3 20.537640
10 597 0 14.485186
10 597 3 20.892241
10 626 0 14.182286
10 626 3 20.822078
10 657 0 14.017741
10 657 3 20.510728
10 689 0 13.858959
10 689 3 20.786417
10 723 0 13.592043
10 723 3 20.045998
10 759 0 13.484605
10 759 3 20.792594
10 796 0 13.230049
10 796 3 20.554045
10 835 0 13.013552
10 835 3 20.575224
10 876 0 12.951626
10 876 3 19.774759
10 919 0 12.522576
10 919 3 19.482777
10 964 0 12.487463
10 964 3 20.386294
10 1012 0 12.394533
10 1012 3 20.278260
10 1062 0 12.217324
10 1062 3 20.307708
10 1115 0 12.048958
10 1115 3 20.381041
10 1170 0 11.950097
10 1170 3 20.384519
10 1228 0 11.716983
10 1228 3 20.433452
10 1289 0 11.651715
10 1289 3 20.234033
10 1353 0 11.348471
10 1353 3 19.628151
10 1420 0 11.182071
10 1420 3 19.452367
10 1491 0 11.237281
10 1491 3 19.970587
10 1565 0 10.977652
10 1565 3 19.844140
10 1643 0 10.791030
10 1643 3 20.162681
10 1725 0 10.757330
10 1725 3 20.418824
10 1811 0 10.743268
10 1811 3 20.404683
10 1901 0 10.596407
10 1901 3 20.504918
10 1996 0 10.631385
10 1996 3 20.606769
11 1 3 380.662505
11 2 3 205.483724
11 3 3 136.367142
11 4 3 103.799130
11 5 0 68.611444
11 5 3 89.860335
11 6 0 67.518789
11 6 3 81.204652
11 7 0 59.862029
11 7 3 73.189435
11 8 0 57.032758
11 8 3 61.375476
11 9 0 56.742272
11 9 3 58.137397
11 10 0 50.347401
11 10 3 55.713091
11 11 0 48.377688
11 11 3 51.005312
11 12 0 45.945374
11 12 3 49.321139
11 13 0 46.952425
11 13 3 46.553110
11 14 0 43.009442
11 14 3 45.763529
11 15 0 43.356393
11 15 3 43.666890
11 16 0 39.752371
11 16 3 41.110967
11 17 0 40.061804
11 17 3 40.127450
11 18 0 37.669858
11 18 3 39.722673
11 19 0 37.990497
11 19 3 39.593938
11 20 0 36.327714
11 20 3 38.348896
11 21 0 36.242998
11 21 3 38.846882
11 22 0 36.017594
11 22 3 37.690245
11 23 0 35.431967
11 23 3 36.784142
11 24 0 34.235815
11 24 3 35.245479
11 25 0 34.622170
11 25 3 36.940199
11 26 0 33.601759
11 26 3 34.136044
11 27 0 33.250808
11 27 3 34.411510
11 28 0 32.488253
11 28 3 33.189554
11 29 0 32.583548
11 29 3 32.987426
11 30 0 33.176927
11 30 3 34.051461
11 31 0 31.950688
11 31 3 31.257673
11 32 0 30.903078
11 32 3 32.413961
11 33 0 31.273373
11 33 3 31.841553
11 34 0 30.756624
11 34 3 30.477498
11 35 0 30.843713
11 35 3 30.663088
11 36 0 30.492703
11 36 3 29.801516
11 37 0 30.212819
11 37 3 30.055305
11 38 0 29.797654
11 38 3 28.773795
11 39 0 30.043683
11 39 3 29.476091
11 40 0 29.326569
11 40 3 29.488168
11 42 0 30.734219
11 42 3 29.818061
11 44 0 28.826776
11 44 3 28.921884
11 46 0 28.420690
11 46 3 28.346868
11 48 0 27.722780
11 48 3 28.027936
11 50 0 27.149993
11 50 3 27.325309
11 52 0 27.253228
11 52 3 26.927527
11 54 0 26.978504
11 54 3 26.945503
11 56 0 25.783774
11 56 3 26.449854
11 58 0 26.208346
11 58 3 26.290917
11 60 0 25.431256
11 60 3 25.848161
11 63 0 26.027008
11 63 3 25.252266
11 66 0 25.329333
11 66 3 24.626695
11 69 0 25.353951
11 69 3 25.279624
11 72 0 24.072550
11 72 3 25.150849
11 75 0 25.335687
11 75 3 25.523209
11 78 0 25.030472
11 78 3 24.786503
11 81 0 24.404422
11 81 3 24.161795
11 85 0 24.276344
11 85 3 24.508104
11 89 0 23.337360
11 89 3 23.612398
11 93 0 23.724753
11 93 3 23.815739
11 97 0 23.298336
11 97 3 22.915286
11 101 0 23.103240
11 101 3 22.452122
11 106 0 22.729510
11 106 3 23.194926
11 111 0 22.502936
11 111 3 23.297100
11 116 0 22.124885
11 116 3 22.987713
11 121 0 22.140491
11 121 3 22.481528
11 127 0 22.002811
11 127 3 22.573278
11 133 0 21.821867
11 133 3 22.666622
11 139 0 21.435099
11 139 3 22.548801
11 145 0 21.295907
11 145 3 22.798509
11 152 0 21.001675
11 152 3 22.316788
11 159 0 20.783646
11 159 3 21.844439
11 166 0 20.642313
11 166 3 22.268187
11 174 0 20.397484
11 174 3 21.973560
11 182 0 20.257812
11 182 3 21.540029
11 191 0 19.930103
11 191 3 21.586272
11 200 0 19.688322
11 200 3 21.791171
11 210 0 19.278022
11 210 3 21.607966
11 220 0 19.107377
11 220 3 20.908175
11 231 0 18.771714
11 231 3 21.312000
11 242 0 18.772162
11 242 3 21.336646
11 254 0 18.713604
11 254 3 21.521677
11 266 0 18.294228
11 266 3 21.075901
11 279 0 18.088321
11 279 3 20.022509
11 292 0 18.019501
11 292 3 21.114075
11 306 0 17.802116
11 306 3 20.995553
11 321 0 17.754144
11 321 3 21.130272
11 337 0 17.458814
11 337 3 20.933745
11 353 0 17.099293
11 353 3 20.756352
11 370 0 16.772655
11 370 3 20.513249
11 388 0 16.517640
11 388 3 20.748148
11 407 0 16.424428
11 407 3 20.629146
11 427 0 16.140776
11 427 3 20.459834
11 448 0 16.431789
11 448 3 22.748645
11 470 0 15.715788
11 470 3 20.382548
11 493 0 15.437261
11 493 3 20.353007
11 517 0 15.858694
11 517 3 20.597823
11 542 0 16.149113
11 542 3 20.248927
11 569 0 14.648481
11 569 3 20.087507
11 597 0 14.578868
11 597 3 20.305228
11 626 0 14.448054
11 626 3 20.110404
11 657 0 14.304197
11 657 3 20.182161
11 689 0 14.180276
11 689 3 20.339040
11 723 0 13.982563
11 723 3 19.567673
11 759 0 13.700312
11 759 3 20.308932
11 796 0 13.498837
11 796 3 20.039639
11 835 0 13.354281
11 835 3 20.101613
11 876 0 13.246206
11 876 3 20.489854
11 919 0 12.867556
11 919 3 19.421984
11 964 0 12.743221
11 964 3 20.260096
11 1012 0 12.727904
11 1012 3 20.129558
11 1062 0 12.536940
11 1062 3 21.625563
11 1115 0 12.304717
11 1115 3 20.433316
11 1170 0 12.241701
11 1170 3 20.420901
11 1228 0 12.074980
11 1228 3 20.683691
11 1289 0 11.785903
11 1289 3 20.414447
11 1353 0 11.654241
11 1353 3 20.052913
11 1420 0 11.503918
11 1420 3 19.840124
11 1491 0 11.642472
11 1491 3 22.638812
11 1565 0 11.225226
11 1565 3 20.189136
11 1643 0 11.249792
11 1643 3 20.571387
11 1725 0 11.150560
11 1725 3 20.995579
11 1811 0 11.371794
11 1811 3 20.902563
11 1901 0 11.526587
11 1901 3 20.663575
11 1996 0 11.440740
11 1996 3 21.962209
12 1 3 205.977192
12 2 3 105.020852
12 3 3 74.953527
12 4 3 61.356774
12 5 0 58.969619
12 5 3 54.105662
12 6 0 58.788238
12 6 3 49.189621
12 7 0 54.512347
12 7 3 45.646177
12 8 0 52.072860
12 8 3 41.141321
12 9 0 50.144067
12 9 3 41.492082
12 10 0 47.188282
12 10 3 39.945098
12 11 0 44.120262
12 11 3 37.023047
12 12 0 41.906162
12 12 3 35.375169
12 13 0 41.575619
12 13 3 34.467238
12 14 0 40.574551
12 14 3 34.737885
12 15 0 40.079653
12 15 3 34.927063
12 16 0 36.443356
12 16 3 32.521455
12 17 0 37.579383
12 17 3 29.796263
12 18 0 35.848918
12 18 3 29.753261
12 19 0 35.848506
12 19 3 29.586212
12 20 0 34.964879
12 20 3 28.901943
12 21 0 34.472767
12 21 3 28.818763
12 22 0 34.475269
12 22 3 28.688873
12 23 0 33.706580
12 23 3 28.237129
12 24 0 32.708044
12 24 3 27.284546
12 25 0 33.191975
12 25 3 28.337175
12 26 0 32.626068
12 26 3 27.695843
12 27 0 32.182804
12 27 3 27.072357
12 28 0 30.987157
12 28 3 26.272758
12 29 0 31.575489
12 29 3 26.710161
12 30 0 31.891883
12 30 3 27.526116
12 31 0 31.060561
12 31 3 25.311472
12 32 0 29.507692
12 32 3 25.849840
12 33 0 30.353790
12 33 3 25.997011
12 34 0 29.938419
12 34 3 25.331919
12 35 0 29.748388
12 35 3 24.866521
12 36 0 29.618936
12 36 3 24.576303
12 37 0 29.636280
12 37 3 24.882504
12 38 0 28.886048
12 38 3 23.616280
12 39 0 28.936614
12 39 3 24.604674
12 40 0 28.629755
12 40 3 24.747567
12 42 0 28.248454
12 42 3 24.871861
12 44 0 28.217622
12 44 3 24.150155
12 46 0 27.842876
12 46 3 23.893090
12 48 0 28.217683
12 48 3 24.640028
12 50 0 27.478146
12 50 3 23.483389
12 52 0 27.839980
12 52 3 23.614459
12 54 0 26.887459
12 54 3 23.156197
12 56 0 25.754760
12 56 3 23.100349
12 58 0 26.518758
12 58 3 22.697082
12 60 0 25.797997
12 60 3 22.770249
12 63 0 25.800913
12 63 3 21.986821
12 66 0 25.233917
12 66 3 21.596498
12 69 0 25.199875
12 69 3 22.450353
12 72 0 24.362754
12 72 3 22.568486
12 75 0 25.123021
12 75 3 22.873178
12 78 0 24.638919
12 78 3 22.473232
12 81 0 24.218835
12 81 3 22.034815
12 85 0 23.693873
12 85 3 22.147294
12 89 0 23.395719
12 89 3 21.405213
12 93 0 23.410643
12 93 3 21.550063
12 97 0 23.440073
12 97 3 20.850496
12 101 0 23.215071
12 101 3 20.624772
12 106 0 22.722094
12 106 3 21.390387
12 111 0 22.435895
12 111 3 21.409429
12 116 0 22.457385
12 116 3 20.824205
12 121 0 21.963827
12 121 3 21.294731
12 127 0 21.944276
12 127 3 21.074339
12 133 0 21.449188
12 133 3 21.289817
12 139 0 21.227529
12 139 3 21.093016
12 145 0 20.954893
12 145 3 21.052203
12 152 0 20.999505
12 152 3 20.989850
12 159 0 20.599607
12 159 3 20.631346
12 166 0 20.819146
12 166 3 20.970870
12 174 0 20.396639
12 174 3 20.964183
12 182 0 19.750650
12 182 3 20.614248
12 191 0 19.736135
12 191 3 20.689698
12 200 0 20.012769
12 200 3 20.775727
12 210 0 19.639687
12 210 3 20.479369
12 220 0 19.440624
12 220 3 21.573440
12 231 0 18.906270
12 231 3 20.587241
12 242 0 19.138224
12 242 3 20.527111
12 254 0 19.007663
12 254 3 20.857180
12 266 0 18.708560
12 266 3 20.335410
12 279 0 18.357096
12 279 3 19.424440
12 292 0 18.326806
12 292 3 20.502388
12 306 0 18.157940
12 306 3 20.498794
12 321 0 18.049938
12 321 3 20.458092
12 337 0 17.825359
12 337 3 20.533450
12 353 0 17.852433
12 353 3 20.370395
12 370 0 17.087736
12 370 3 20.062100
12 388 0 17.101431
12 388 3 20.355440
12 407 0 16.802217
12 407 3 20.100467
12 427 0 16.486484
12 427 3 20.133893
12 448 0 16.916425
12 448 3 20.473679
12 470 0 16.134459
12 470 3 20.202968
12 493 0 15.966786
12 493 3 20.285776
12 517 0 16.073151
12 517 3 20.700786
12 542 0 15.366528
12 542 3 20.391274
12 569 0 15.279122
12 569 3 20.169084
12 597 0 15.028831
12 597 3 20.540672
12 626 0 14.990651
12 626 3 20.533020
12 657 0 14.778106
12 657 3 20.417437
12 689 0 14.594062
12 689 3 20.803390
12 723 0 14.472558
12 723 3 20.401381
12 759 0 14.479948
12 759 3 20.729163
12 796 0 14.247364
12 796 3 20.600986
12 835 0 14.125095
12 835 3 20.442586
12 876 0 13.845531
12 876 3 20.976364
12 919 0 13.454414
12 919 3 20.750646
12 964 0 13.301962
12 964 3 20.667940
12 1012 0 13.340917
12 1012 3 20.379983
12 1062 0 13.279958
12 1062 3 20.804281
12 1115 0 13.431151
12 1115 3 20.945049
12 1170 0 12.953381
12 1170 3 20.927730
12 1228 0 12.790189
12 1228 3 20.854462
12 1289 0 12.851624
12 1289 3 20.663192
12 1353 0 13.095479
12 1353 3 20.246913
12 1420 0 12.996028
12 1420 3 20.743976
12 1491 0 13.256260
12 1491 3 21.234246
12 1565 0 13.747936
12 1565 3 20.151120
12 1643 0 13.079201
12 1643 3 22.491757
12 1725 0 13.679942
12 1725 3 21.614588
12 1811 0 13.399378
12 1811 3 23.247914
12 1901 0 14.903147
12 1901 3 25.020321
12 1996 0 14.199578
12 1996 3 23.702915
13 1 3 110.546750
13 2 3 62.091494
13 3 3 47.113733
13 4 3 43.003214
13 5 0 52.559373
13 5 3 38.621971
13 6 0 50.529467
13 6 3 35.660395
13 7 0 50.090357
13 7 3 33.889704
13 8 0 48.209874
13 8 3 31.023563
13 9 0 46.521554
13 9 3 32.061683
13 10 0 44.954441
13 10 3 29.245290
13 11 0 42.060374
13 11 3 28.082334
13 12 0 40.350787
13 12 3 27.364489
13 13 0 39.843128
13 13 3 26.747195
13 14 0 38.563797
13 14 3 27.092923
13 15 0 38.029688
13 15 3 27.903973
13 16 0 35.058947
13 16 3 26.591776
13 17 0 35.994937
13 17 3 24.493362
13 18 0 34.674449
13 18 3 24.806390
13 19 0 34.568617
13 19 3 24.514314
13 20 0 33.680924
13 20 3 24.128911
13 21 0 33.641608
13 21 3 24.111829
13 22 0 33.211847
13 22 3 24.249135
13 23 0 32.324148
13 23 3 23.602827
13 24 0 31.750413
13 24 3 23.156221
13 25 0 32.138521
13 25 3 24.183864
13 26 0 31.831680
13 26 3 23.634316
13 27 0 31.510310
13 27 3 23.320864
13 28 0 30.318885
13 28 3 22.925990
13 29 0 30.672520
13 29 3 22.989852
13 30 0 30.963990
13 30 3 23.277315
13 31 0 30.567133
13 31 3 22.249783
13 32 0 29.353173
13 32 3 22.636035
13 33 0 29.873030
13 33 3 22.470633
13 34 0 29.337739
13 34 3 22.327212
13 35 0 29.334485
13 35 3 22.121117
13 36 0 29.251407
13 36 3 21.501462
13 37 0 28.866281
13 37 3 22.646226
13 38 0 28.687581
13 38 3 21.330832
13 39 0 28.788378
13 39 3 22.272683
13 40 0 28.225866
13 40 3 23.276098
13 42 0 28.544550
13 42 3 22.682263
13 44 0 27.879408
13 44 3 22.313365
13 46 0 27.211718
13 46 3 21.862833
13 48 0 26.539003
13 48 3 22.112766
13 50 0 26.695010
13 50 3 21.459134
13 52 0 26.836790
13 52 3 21.504765
13 54 0 26.253702
13 54 3 21.754409
13 56 0 25.849538
13 56 3 21.328138
13 58 0 25.976125
13 58 3 20.832437
13 60 0 25.521257
13 60 3 21.072425
13 63 0 25.432798
13 63 3 21.067913
13 66 0 24.967833
13 66 3 20.203972
13 69 0 24.898234
13 69 3 22.336596
13 72 0 24.513113
13 72 3 21.092060
13 75 0 24.632439
13 75 3 21.443265
13 78 0 24.434627
13 78 3 21.300824
13 81 0 23.885889
13 81 3 20.948482
13 85 0 24.066418
13 85 3 21.291156
13 89 0 23.408883
13 89 3 20.272402
13 93 0 23.319282
13 93 3 20.372529
13 97 0 23.325951
13 97 3 20.071098
13 101 0 23.447912
13 101 3 19.745219
13 106 0 22.588789
13 106 3 20.465363
13 111 0 22.445470
13 111 3 20.552995
13 116 0 22.405157
13 116 3 20.575240
13 121 0 22.224895
13 121 3 20.409195
13 127 0 22.376218
13 127 3 20.412270
13 133 0 21.795951
13 133 3 20.392711
13 139 0 21.797449
13 139 3 20.305574
13 145 0 21.455519
13 145 3 21.738566
13 152 0 21.402309
13 152 3 20.420918
13 159 0 21.610374
13 159 3 20.130953
13 166 0 20.982074
13 166 3 20.374413
13 174 0 20.777417
13 174 3 20.445541
13 182 0 20.478542
13 182 3 20.096348
13 191 0 20.024105
13 191 3 20.043183
13 200 0 20.443032
13 200 3 20.490702
13 210 0 20.362200
13 210 3 20.138864
13 220 0 19.909694
13 220 3 19.899971
13 231 0 19.681812
13 231 3 20.342641
13 242 0 19.667541
13 242 3 20.613245
13 254 0 19.625749
13 254 3 20.402723
13 266 0 18.928292
13 266 3 20.505096
13 279 0 19.049699
13 279 3 19.859438
13 292 0 18.717877
13 292 3 21.169791
13 306 0 19.006303
13 306 3 20.667552
13 321 0 18.871722
13 321 3 20.481504
13 337 0 18.696773
13 337 3 20.882404
13 353 0 18.084869
13 353 3 20.535578
13 370 0 18.073062
13 370 3 20.500092
13 388 0 17.747552
13 388 3 20.814025
13 407 0 17.503609
13 407 3 20.705026
13 427 0 17.426391
13 427 3 21.505151
13 448 0 17.655316
13 448 3 20.885708
13 470 0 16.943713
13 470 3 20.457693
13 493 0 16.859928
13 493 3 20.679310
13 517 0 16.747154
13 517 3 20.789914
13 542 0 16.188822
13 542 3 20.589658
13 569 0 16.029167
13 569 3 20.112570
13 597 0 15.829054
13 597 3 20.713845
13 626 0 15.716850
13 626 3 20.803999
13 657 0 15.711868
13 657 3 20.646845
13 689 0 15.476167
13 689 3 21.754036
13 723 0 15.499003
13 723 3 20.980419
13 759 0 15.054821
13 759 3 21.234545
13 796 0 14.832614
13 796 3 21.011138
13 835 0 14.988236
13 835 3 20.979679
13 876 0 14.695961
13 876 3 21.235100
13 919 0 14.969554
13 919 3 20.841147
13 964 0 14.700411
13 964 3 20.837778
13 1012 0 14.529267
13 1012 3 20.995788
13 1062 0 14.805748
13 1062 3 21.075943
13 1115 0 15.205069
13 1115 3 21.408176
13 1170 0 17.011713
13 1170 3 21.152770
13 1228 0 17.963461
13 1228 3 22.404705
13 1289 0 15.814584
13 1289 3 24.562602
13 1353 0 21.548492
13 1353 3 23.137795
13 1420 0 18.960595
13 1420 3 25.390842
13 1491 0 24.631603
13 1491 3 25.209000
13 1565 0 20.264349
13 1565 3 28.913708
13 1643 0 19.475376
13 1643 3 26.723271
13 1725 0 19.354725
13 1725 3 30.568606
13 1811 0 19.445253
13 1811 3 31.080420
13 1901 0 24.352468
13 1901 3 35.816468
13 1996 0 20.379279
13 1996 3 37.865275
14 1 3 63.277103
14 2 3 41.030982
14 3 3 35.103654
14 4 3 32.565538
14 5 0 49.003448
14 5 3 30.313286
14 6 0 47.827964
14 6 3 27.527490
14 7 0 47.637574
14 7 3 26.575003
14 8 0 46.175481
14 8 3 25.326463
14 9 0 44.901555
14 9 3 26.372060
14 10 0 43.061019
14 10 3 25.312578
14 11 0 42.306454
14 11 3 24.019463
14 12 0 39.519717
14 12 3 23.586699
14 13 0 38.935557
14 13 3 22.717336
14 14 0 37.859329
14 14 3 23.518964
14 15 0 37.668241
14 15 3 24.109280
14 16 0 34.389477
14 16 3 24.450811
14 17 0 35.878561
14 17 3 21.596075
14 18 0 34.382173
14 18 3 21.777454
14 19 0 33.988121
14 19 3 22.067291
14 20 0 33.445392
14 20 3 21.213772
14 21 0 33.165676
14 21 3 21.793904
14 22 0 32.730277
14 22 3 21.877055
14 23 0 32.303619
14 23 3 21.976459
14 24 0 31.240423
14 24 3 21.415185
14 25 0 31.564458
14 25 3 21.831274
14 26 0 30.966345
14 26 3 21.537124
14 27 0 30.820756
14 27 3 21.519131
14 28 0 30.128732
14 28 3 21.137246
14 29 0 30.161961
14 29 3 21.394057
14 30 0 30.537493
14 30 3 21.450739
14 31 0 29.524277
14 31 3 21.252737
14 32 0 28.804896
14 32 3 20.953975
14 33 0 29.406879
14 33 3 21.464972
14 34 0 28.766708
14 34 3 20.907592
14 35 0 29.034275
14 35 3 20.483495
14 36 0 28.631627
14 36 3 20.808192
14 37 0 28.777850
14 37 3 20.821396
14 38 0 28.394157
14 38 3 20.006433
14 39 0 28.140573
14 39 3 20.999888
14 40 0 27.883262
14 40 3 21.009729
14 42 0 28.160463
14 42 3 22.672688
14 44 0 27.550369
14 44 3 21.129006
14 46 0 27.400688
14 46 3 20.733971
14 48 0 26.487547
14 48 3 20.904252
14 50 0 27.524791
14 50 3 20.458733
14 52 0 27.076890
14 52 3 20.790377
14 54 0 26.288531
14 54 3 20.722200
14 56 0 26.530794
14 56 3 20.327050
14 58 0 26.708149
14 58 3 19.784195
14 60 0 25.840811
14 60 3 20.448837
14 63 0 26.131806
14 63 3 20.432266
14 66 0 25.414692
14 66 3 19.508078
14 69 0 25.272599
14 69 3 20.484085
14 72 0 27.034149
14 72 3 20.477262
14 75 0 26.084934
14 75 3 20.486144
14 78 0 24.860776
14 78 3 20.647507
14 81 0 24.350240
14 81 3 20.538194
14 85 0 24.954896
14 85 3 20.614619
14 89 0 23.447585
14 89 3 19.968244
14 93 0 23.936151
14 93 3 20.048040
14 97 0 23.541992
14 97 3 20.416850
14 101 0 24.099392
14 101 3 19.277936
14 106 0 22.920869
14 106 3 20.469374
14 111 0 23.171108
14 111 3 20.378061
14 116 0 23.363607
14 116 3 20.399011
14 121 0 22.860583
14 121 3 19.925641
14 127 0 24.997277
14 127 3 20.341176
14 133 0 23.231493
14 133 3 20.689537
14 139 0 23.327400
14 139 3 20.521902
14 145 0 22.183852
14 145 3 20.462766
14 152 0 21.981355
14 152 3 20.763517
14 159 0 21.734472
14 159 3 20.424075
14 166 0 21.605776
14 166 3 20.893895
14 174 0 21.480412
14 174 3 20.773664
14 182 0 22.042952
14 182 3 20.483949
14 191 0 21.547615
14 191 3 20.335548
14 200 0 21.164880
14 200 3 20.776781
14 210 0 20.729244
14 210 3 20.588456
14 220 0 20.967212
14 220 3 20.583340
14 231 0 20.701061
14 231 3 20.799927
14 242 0 20.601516
14 242 3 20.897456
14 254 0 20.342849
14 254 3 20.923532
14 266 0 20.068232
14 266 3 20.821391
14 279 0 19.774778
14 279 3 20.788357
14 292 0 19.803065
14 292 3 20.940870
14 306 0 20.237655
14 306 3 20.830277
14 321 0 20.358669
14 321 3 21.049414
14 337 0 19.247731
14 337 3 20.998886
14 353 0 18.838112
14 353 3 21.053464
14 370 0 18.962737
14 370 3 20.811539
14 388 0 18.448466
14 388 3 20.939119
14 407 0 18.406352
14 407 3 21.050938
14 427 0 18.008273
14 427 3 20.864986
14 448 0 18.365782
14 448 3 21.132280
14 470 0 17.751641
14 470 3 20.848936
14 493 0 17.492518
14 493 3 21.733740
14 517 0 17.553478
14 517 3 21.207902
14 542 0 17.003123
14 542 3 20.570600
14 569 0 17.138389
14 569 3 20.818428
14 597 0 17.709522
14 597 3 20.709050
14 626 0 17.112841
14 626 3 21.106317
14 657 0 17.846091
14 657 3 20.812561
14 689 0 17.525685
14 689 3 21.452189
14 723 0 18.130973
14 723 3 20.855976
14 759 0 18.452132
14 759 3 21.447474
14 796 0 18.780911
14 796 3 21.096798
14 835 0 20.885243
14 835 3 21.162651
14 876 0 20.635859
14 876 3 22.047750
14 919 0 22.368485
14 919 3 23.833353
14 964 0 20.120046
14 964 3 23.862983
14 1012 0 21.801586
14 1012 3 25.916008
15 1 3 43.825109
15 2 3 31.045796
15 3 3 28.249083
15 4 3 25.937687
15 5 0 48.550915
15 5 3 24.893906
15 6 0 48.125072
15 6 3 23.610056
15 7 0 47.962949
15 7 3 22.943884
15 8 0 47.177772
15 8 3 22.500220
15 9 0 45.429125
15 9 3 22.900356
15 10 0 43.402025
15 10 3 22.448339
15 11 0 40.760735
15 11 3 21.901536
15 12 0 39.370555
15 12 3 21.454675
15 13 0 39.067623
15 13 3 21.166906
15 14 0 37.803290
15 14 3 21.509934
15 15 0 37.624930
15 15 3 24.080640
15 16 0 34.123540
15 16 3 21.224730
15 17 0 35.564471
15 17 3 20.271732
15 18 0 34.055298
15 18 3 20.563410
15 19 0 33.655423
15 19 3 20.596903
15 20 0 33.374518
15 20 3 19.986470
15 21 0 32.772852
15 21 3 20.606300
15 22 0 32.483231
15 22 3 20.799816
15 23 0 32.588382
15 23 3 20.542828
15 24 0 31.488560
15 24 3 20.157931
15 25 0 31.903549
15 25 3 20.905995
15 26 0 30.975457
15 26 3 20.664775
15 27 0 31.250574
15 27 3 20.558448
15 28 0 30.329559
15 28 3 20.268856
15 29 0 30.575616
15 29 3 20.536871
15 30 0 30.360052
15 30 3 20.813149
15 31 0 30.175835
15 31 3 20.418578
15 32 0 28.822787
15 32 3 20.196109
15 33 0 29.637783
15 33 3 20.242954
15 34 0 29.489478
15 34 3 20.228119
15 35 0 29.105220
15 35 3 19.669224
15 36 0 29.026566
15 36 3 20.184968
15 37 0 29.666131
15 37 3 20.175420
15 38 0 28.830677
15 38 3 19.514014
15 39 0 28.735028
15 39 3 20.336290
15 40 0 28.859101
15 40 3 20.404175
15 42 0 28.618239
15 42 3 20.365324
15 44 0 28.130736
15 44 3 20.464502
15 46 0 27.838769
15 46 3 20.179674
15 48 0 27.438239
15 48 3 20.348025
15 50 0 28.079285
15 50 3 20.044813
15 52 0 27.515339
15 52 3 20.150590
15 54 0 28.437749
15 54 3 20.293311
15 56 0 28.411639
15 56 3 20.302923
15 58 0 27.958876
15 58 3 19.578671
15 60 0 27.740786
15 60 3 20.349150
15 63 0 26.678229
15 63 3 20.066216
15 66 0 27.688262
15 66 3 20.190008
15 69 0 26.692232
15 69 3 20.792805
15 72 0 26.201343
15 72 3 20.790798
15 75 0 25.880691
15 75 3 20.460475
15 78 0 26.006048
15 78 3 21.018542
15 81 0 26.177791
15 81 3 20.618413
15 85 0 25.771961
15 85 3 20.731371
15 89 0 24.993367
15 89 3 20.075051
15 93 0 26.063695
15 93 3 20.328395
15 97 0 25.351636
15 97 3 20.983372
15 101 0 25.027254
15 101 3 20.467487
15 106 0 24.252623
15 106 3 20.672062
15 111 0 24.945800
15 111 3 20.751464
15 116 0 24.076774
15 116 3 21.469339
15 121 0 24.198972
15 121 3 20.212353
15 127 0 24.818466
15 127 3 20.758175
15 133 0 24.040585
15 133 3 20.738460
15 139 0 24.104690
15 139 3 20.688608
15 145 0 23.618290
15 145 3 20.813671
15 152 0 23.309667
15 152 3 21.135064
15 159 0 23.107471
15 159 3 20.499832
15 166 0 22.857962
15 166 3 20.995010
15 174 0 22.610646
15 174 3 21.034883
15 182 0 22.517993
15 182 3 20.807942
15 191 0 22.336551
15 191 3 20.768901
15 200 0 22.136359
15 200 3 21.146762
15 210 0 21.892360
15 210 3 20.932494
15 220 0 21.782373
15 220 3 21.170060
15 231 0 21.334845
15 231 3 20.833096
15 242 0 21.317058
15 242 3 21.181010
15 254 0 21.281542
15 254 3 21.085783
15 266 0 20.793924
15 266 3 21.234872
15 279 0 21.363740
15 279 3 21.173160
15 292 0 21.329179
15 292 3 21.175495
15 306 0 20.416556
15 306 3 21.244133
15 321 0 20.202345
15 321 3 21.281639
15 337 0 21.380772
15 337 3 21.187391
15 353 0 20.353425
15 353 3 21.264706
15 370 0 20.399639
15 370 3 20.956317
15 388 0 23.501155
15 388 3 21.078707
15 407 0 20.535669
15 407 3 21.046731
15 427 0 20.630286
15 427 3 20.928134
15 448 0 22.034084
15 448 3 21.428227
15 470 0 21.953141
15 470 3 21.302629
15 493 0 23.076667
15 493 3 21.938423
16 1 3 29.539511
16 2 3 26.119707
16 3 3 23.656562
16 4 3 23.094220
16 5 0 48.408093
16 5 3 22.160147
16 6 0 47.878606
16 6 3 21.682869
16 7 0 47.937982
16 7 3 21.377414
16 8 0 46.899334
16 8 3 22.531178
16 9 0 45.339625
16 9 3 21.114662
16 10 0 43.586512
16 10 3 20.935438
16 11 0 41.597693
16 11 3 20.673015
16 12 0 39.550982
16 12 3 20.509178
16 13 0 39.129536
16 13 3 20.167604
16 14 0 38.249553
16 14 3 20.570750
16 15 0 38.224054
16 15 3 21.091328
16 16 0 35.801989
16 16 3 20.249932
16 17 0 36.279140
16 17 3 20.039110
16 18 0 34.815357
16 18 3 19.818091
16 19 0 34.997712
16 19 3 20.209475
16 20 0 33.617393
16 20 3 19.435151
16 21 0 33.559119
16 21 3 20.177534
16 22 0 33.536540
16 22 3 20.245927
16 23 0 33.154381
16 23 3 19.837045
16 24 0 31.912768
16 24 3 19.637584
16 25 0 32.442567
16 25 3 20.346834
16 26 0 31.690809
16 26 3 20.301406
16 27 0 31.881244
16 27 3 20.440736
16 28 0 31.082644
16 28 3 20.015399
16 29 0 31.349578
16 29 3 20.432290
16 30 0 31.452797
16 30 3 20.562463
16 31 0 30.965655
16 31 3 20.096647
16 32 0 29.735449
16 32 3 20.058258
16 33 0 31.119394
16 33 3 20.481982
16 34 0 30.483614
16 34 3 20.361431
16 35 0 30.844704
16 35 3 19.755290
16 36 0 30.068033
16 36 3 20.155616
16 37 0 30.421575
16 37 3 21.259760
16 38 0 30.241054
16 38 3 19.911773
16 39 0 30.061290
16 39 3 20.646457
16 40 0 29.737578
16 40 3 20.651339
16 42 0 30.230501
16 42 3 20.721244
16 44 0 29.865009
16 44 3 20.947298
16 46 0 28.841032
16 46 3 20.656432
16 48 0 28.554062
16 48 3 20.709119
16 50 0 28.810336
16 50 3 20.521791
16 52 0 30.058480
16 52 3 21.640443
16 54 0 28.607981
16 54 3 20.574951
16 56 0 28.166285
16 56 3 20.753467
16 58 0 28.492303
16 58 3 20.652405
16 60 0 27.919290
16 60 3 20.819486
16 63 0 27.841145
16 63 3 20.729665
16 66 0 27.027158
16 66 3 20.648872
16 69 0 27.384229
16 69 3 20.919547
16 72 0 27.004206
16 72 3 20.966557
16 75 0 27.576100
16 75 3 21.099632
16 78 0 28.481909
16 78 3 21.307522
16 81 0 26.854677
16 81 3 20.898856
16 85 0 26.588311
16 85 3 21.061728
16 89 0 26.042814
16 89 3 20.297095
16 93 0 26.017624
16 93 3 21.142527
16 97 0 26.313560
16 97 3 21.156489
16 101 0 26.000523
16 101 3 20.849290
16 106 0 25.419723
16 106 3 20.960171
16 111 0 25.380935
16 111 3 21.253863
16 116 0 25.142707
16 116 3 20.159530
16 121 0 26.348121
16 121 3 20.898897
16 127 0 24.519256
16 127 3 21.043831
16 133 0 24.855707
16 133 3 21.117054
16 139 0 24.354671
16 139 3 20.891456
16 145 0 24.284043
16 145 3 21.227842
16 152 0 24.639632
16 152 3 21.391720
16 159 0 24.342455
16 159 3 20.550895
16 166 0 23.811526
16 166 3 21.422126
16 174 0 24.006460
16 174 3 21.287207
16 182 0 23.183548
16 182 3 22.657591
16 191 0 23.272481
16 191 3 21.336119
16 200 0 22.889241
16 200 3 21.503814
16 210 0 23.230919
16 210 3 21.086497
16 220 0 22.603474
16 220 3 21.501970
16 231 0 22.135600
16 231 3 21.213279
16 242 0 22.326488
16 242 3 21.506344
16 254 0 22.121499
16 254 3 21.551740
17 1 3 21.305420
17 2 3 22.903654
17 3 3 21.749553
17 4 3 21.597197
17 5 0 49.276824
17 5 3 20.941366
17 6 0 48.955164
17 6 3 21.124592
17 7 0 49.293785
17 7 3 20.624730
17 8 0 48.112536
17 8 3 20.401861
17 9 0 46.297493
17 9 3 20.421331
17 10 0 45.205490
17 10 3 20.423548
17 11 0 42.361694
17 11 3 20.163781
17 12 0 40.613219
17 12 3 20.188233
17 13 0 40.099064
17 13 3 20.061507
17 14 0 40.258614
17 14 3 20.827227
17 15 0 38.930289
17 15 3 20.201496
17 16 0 35.869962
17 16 3 20.156437
17 17 0 37.887759
17 17 3 20.620651
17 18 0 36.012135
17 18 3 19.851799
17 19 0 36.062325
17 19 3 20.360573
17 20 0 35.028909
17 20 3 19.756970
17 21 0 35.058759
17 21 3 20.619707
17 22 0 34.912287
17 22 3 20.739376
17 23 0 34.003656
17 23 3 20.097177
17 24 0 33.346280
17 24 3 19.965314
17 25 0 33.720311
17 25 3 20.746694
17 26 0 33.386546
17 26 3 20.588337
17 27 0 33.167187
17 27 3 20.685113
17 28 0 32.713735
17 28 3 20.457461
17 29 0 32.809512
17 29 3 20.890690
17 30 0 32.667589
17 30 3 20.847068
17 31 0 32.301622
17 31 3 20.191272
17 32 0 31.602200
17 32 3 20.650018
17 33 0 32.450199
17 33 3 20.584879
17 34 0 32.513421
17 34 3 20.656948
17 35 0 31.824873
17 35 3 20.267603
17 36 0 32.441015
17 36 3 20.711898
17 37 0 31.797674
17 37 3 21.439341
17 38 0 31.229318
17 38 3 20.889440
17 39 0 31.051441
17 39 3 20.934977
17 40 0 31.083164
17 40 3 20.757267
17 42 0 31.159430
17 42 3 21.215898
17 44 0 30.890852
17 44 3 21.208799
17 46 0 31.856598
17 46 3 21.070151
17 48 0 32.353176
17 48 3 21.103851
17 50 0 29.667385
17 50 3 20.787266
17 52 0 30.045491
17 52 3 20.842429
17 54 0 29.845126
17 54 3 20.775902
17 56 0 28.845244
17 56 3 20.962280
17 58 0 29.175106
17 58 3 20.449323
17 60 0 28.868477
17 60 3 21.323222
17 63 0 29.274444
17 63 3 20.947152
17 66 0 29.092176
17 66 3 21.078300
17 69 0 29.635929
17 69 3 21.243021
17 72 0 28.472800
17 72 3 21.111792
17 75 0 28.319637
17 75 3 21.280740
17 78 0 27.753141
17 78 3 21.143370
17 81 0 27.728363
17 81 3 21.055967
17 85 0 28.190912
17 85 3 21.481617
17 89 0 27.240410
17 89 3 22.441846
17 93 0 27.178150
17 93 3 21.016271
17 97 0 27.854512
17 97 3 22.877707
17 101 0 26.461140
17 101 3 21.367982
17 106 0 27.305821
17 106 3 21.204930
17 111 0 26.584428
17 111 3 21.364279
17 116 0 26.254534
17 116 3 22.776373
17 121 0 26.499320
17 121 3 21.554422
17 127 0 26.784976
17 127 3 21.492904
18 1 3 18.567395
18 2 3 21.499709
18 3 3 22.322549
18 4 3 20.557397
18 5 0 51.126523
18 5 3 20.319296
18 6 0 50.252674
18 6 3 20.285102
18 7 0 50.139657
18 7 3 20.555907
18 8 0 49.502812
18 8 3 20.383990
18 9 0 47.508810
18 9 3 20.456438
18 10 0 46.896691
18 10 3 20.808422
18 11 0 43.887611
18 11 3 20.413780
18 12 0 42.393787
18 12 3 20.897400
18 13 0 42.385491
18 13 3 20.203754
18 14 0 41.712339
18 14 3 20.751027
18 15 0 41.773998
18 15 3 20.883716
18 16 0 37.969494
18 16 3 20.632740
18 17 0 39.565587
18 17 3 21.177614
18 18 0 38.240332
18 18 3 20.550262
18 19 0 38.230346
18 19 3 21.053481
18 20 0 37.488097
18 20 3 20.921556
18 21 0 37.448286
18 21 3 20.917778
18 22 0 37.079358
18 22 3 21.118947
18 23 0 36.826183
18 23 3 20.340689
18 24 0 35.641868
18 24 3 20.296929
18 25 0 35.876335
18 25 3 21.204427
18 26 0 35.298457
18 26 3 20.962732
18 27 0 35.499124
18 27 3 21.294711
18 28 0 34.628475
18 28 3 20.635435
18 29 0 36.319311
18 29 3 21.325539
18 30 0 36.861067
18 30 3 21.216900
18 31 0 35.426020
18 31 3 21.208209
18 32 0 33.516937
18 32 3 20.957692
18 33 0 36.438583
18 33 3 20.950506
18 34 0 35.734616
18 34 3 20.951581
18 35 0 34.115262
18 35 3 20.613797
18 36 0 33.941301
18 36 3 21.665786
18 37 0 35.966300
18 37 3 21.074804
18 38 0 34.570174
18 38 3 21.167956
18 39 0 34.362740
18 39 3 21.417640
18 40 0 33.406254
18 40 3 21.217764
18 42 0 33.351621
18 42 3 21.415172
18 44 0 33.088780
18 44 3 21.486574
18 46 0 32.700131
18 46 3 21.373497
18 48 0 31.615401
18 48 3 21.467768
18 50 0 31.590818
18 50 3 21.069762
18 52 0 31.314977
18 52 3 23.019791
18 54 0 32.445068
18 54 3 21.395116
18 56 0 30.514026
18 56 3 21.220208
18 58 0 30.635863
18 58 3 21.187172
18 60 0 30.768523
18 60 3 21.098376
18 63 0 31.616791
18 63 3 21.598545
19 1 3 17.793935
19 2 3 20.885032
19 3 3 20.236596
19 4 3 20.644644
19 5 0 53.291677
19 5 3 20.677892
19 6 0 53.351054
19 6 3 20.737658
19 7 0 54.508697
19 7 3 20.930551
19 8 0 52.054431
19 8 3 20.631572
19 9 0 50.128300
19 9 3 20.944524
19 10 0 49.674442
19 10 3 21.095205
19 11 0 46.892340
19 11 3 20.756537
19 12 0 46.681867
19 12 3 20.797508
19 13 0 44.641581
19 13 3 21.179644
19 14 0 44.172742
19 14 3 21.287958
19 15 0 44.876712
19 15 3 21.308110
19 16 0 40.541044
19 16 3 20.836417
19 17 0 42.686008
19 17 3 21.360342
19 18 0 40.733894
19 18 3 21.102181
19 19 0 40.554131
19 19 3 20.860260
19 20 0 40.698916
19 20 3 20.987968
19 21 0 40.471102
19 21 3 21.083948
19 22 0 40.236027
19 22 3 21.129271
19 23 0 39.772054
19 23 3 21.547051
19 24 0 38.509179
19 24 3 21.020379
19 25 0 40.344707
19 25 3 21.684911
19 26 0 39.535419
19 26 3 21.186119
19 27 0 38.321029
19 27 3 21.823269
19 28 0 37.067902
19 28 3 20.826471
19 29 0 38.517472
19 29 3 21.651807
19 30 0 39.144001
19 30 3 21.712872
19 31 0 37.064994
19 31 3 21.628878
20 1 3 18.483740
20 2 3 20.767037
20 3 3 20.761896
20 4 3 21.173137
20 5 0 55.273100
20 5 3 21.254315
20 6 0 55.206856
20 6 3 20.936640
20 7 0 56.204661
20 7 3 21.343594
20 8 0 56.572320
20 8 3 20.958386
20 9 0 53.897274
20 9 3 21.211724
20 10 0 53.777038
20 10 3 21.313428
20 11 0 51.156163
20 11 3 21.228460
20 12 0 49.309212
20 12 3 21.209046
20 13 0 48.737931
20 13 3 21.384749
20 14 0 47.907790
20 14 3 21.593772
20 15 0 46.857508
20 15 3 21.387755
