4 24 0 3450.203146
4 24 3 528.960897
4 25 0 3450.080084
4 25 3 698.569384
4 26 0 3357.288478
4 26 3 521.307484
4 27 0 3192.098067
4 27 3 475.314529
4 28 0 3615.280114
4 28 3 465.932980
4 29 0 3516.648714
4 29 3 451.593465
4 30 0 3782.887234
4 30 3 488.818921
4 31 0 2325.979201
4 31 3 453.999091
4 32 0 2255.515239
4 32 3 464.063471
4 33 0 2173.165000
4 33 3 459.075951
4 34 0 2344.199335
4 34 3 425.358978
4 35 0 1965.694012
4 35 3 491.009527
4 36 0 2616.284973
4 36 3 423.924846
4 37 0 2501.954461
4 37 3 400.094543
4 38 0 1865.645355
4 38 3 521.556332
4 39 0 1997.866769
4 39 3 606.974757
4 40 0 2437.213449
4 40 3 624.405451
4 42 0 2428.486370
4 42 3 820.360267
4 44 0 2533.340796
4 44 3 965.785244
4 46 0 3053.172011
4 46 3 1334.820213
4 48 0 1736.554875
4 48 3 924.966152
4 50 0 1311.582080
4 50 3 909.440429
4 52 0 1299.798376
4 52 3 998.901715
4 54 0 1346.102214
4 54 3 1115.702165
4 56 0 1294.060276
4 56 3 1170.860107
4 58 0 1092.996650
4 58 3 1148.277199
4 60 0 1762.454086
4 60 3 1156.194019
4 63 0 1438.980346
4 63 3 1261.651277
4 66 0 1754.844387
4 66 3 1266.822553
4 69 0 1109.679321
4 69 3 1203.960403
4 72 0 966.049160
4 72 3 815.778717
4 75 0 730.810750
4 75 3 805.269609
4 78 0 1000.229816
4 78 3 861.043922
4 81 0 1005.597833
4 81 3 849.757147
4 85 0 1043.810113
4 85 3 868.434806
4 89 0 721.568497
4 89 3 843.678416
4 93 0 963.942704
4 93 3 836.174265
4 97 0 1021.899953
4 97 3 659.654756
4 101 0 1103.913951
4 101 3 695.798992
4 106 0 837.735658
4 106 3 666.524424
4 111 0 859.785526
4 111 3 665.685479
4 116 0 972.047626
4 116 3 720.669511
4 121 0 597.753556
4 121 3 616.508160
4 127 0 765.623914
4 127 3 606.033137
4 133 0 444.136322
4 133 3 607.326084
4 139 0 598.934397
4 139 3 556.779284
4 145 0 562.386682
4 145 3 538.849353
4 152 0 494.482779
4 152 3 493.520031
4 159 0 648.087287
4 159 3 496.992967
4 166 0 492.110196
4 166 3 461.613949
4 174 0 556.397721
4 174 3 512.689914
4 182 0 354.678294
4 182 3 499.578672
4 191 0 710.090453
4 191 3 441.280084
4 200 0 549.811847
4 200 3 454.808003
4 210 0 421.592027
4 210 3 466.264932
4 220 0 495.224265
4 220 3 437.956371
4 231 0 503.095334
4 231 3 436.328479
4 242 0 511.192883
4 242 3 411.835094
4 254 0 592.624104
4 254 3 413.538985
4 266 0 510.279827
4 266 3 405.674801
4 279 0 433.973767
4 279 3 393.652563
4 292 0 329.113399
4 292 3 378.507318
4 306 0 353.493370
4 306 3 469.157058
4 321 0 364.194642
4 321 3 442.680068
4 337 0 366.623756
4 337 3 430.644657
4 353 0 370.842279
4 353 3 390.704516
4 370 0 301.695681
4 370 3 397.013755
4 388 0 202.959411
4 388 3 372.596167
4 407 0 326.667244
4 407 3 343.672296
4 427 0 303.506902
4 427 3 321.611239
4 448 0 308.376744
4 448 3 311.267633
4 470 0 296.313025
4 470 3 300.916856
4 493 0 274.704657
4 493 3 273.097635
4 517 0 244.728946
4 517 3 272.787083
4 542 0 267.802236
4 542 3 269.919079
4 569 0 234.945242
4 569 3 247.243829
4 597 0 178.295748
4 597 3 249.065180
4 626 0 172.068048
4 626 3 228.470456
4 657 0 162.712417
4 657 3 219.577405
4 689 0 163.250260
4 689 3 210.847994
4 723 0 191.413091
4 723 3 200.062137
4 759 0 158.747332
4 759 3 199.585550
4 796 0 187.394453
4 796 3 191.144259
4 835 0 151.016095
4 835 3 181.407096
4 876 0 167.773744
4 876 3 177.266449
4 919 0 138.785024
4 919 3 160.003035
4 964 0 134.599559
4 964 3 158.163189
4 1012 0 134.117172
4 1012 3 157.792654
4 1062 0 131.715414
4 1062 3 150.599877
4 1115 0 134.891137
4 1115 3 139.737226
4 1170 0 119.722935
4 1170 3 136.467631
4 1228 0 124.709543
4 1228 3 132.838616
4 1289 0 116.381733
4 1289 3 122.966107
4 1353 0 110.381143
4 1353 3 119.591832
4 1420 0 110.028828
4 1420 3 120.204231
4 1491 0 106.989598
4 1491 3 116.704217
4 1565 0 100.144829
4 1565 3 111.088028
4 1643 0 95.278084
4 1643 3 105.872440
4 1725 0 90.315301
4 1725 3 101.699708
4 1811 0 87.891316
4 1811 3 98.356270
4 1901 0 83.330426
4 1901 3 95.176164
4 1996 0 80.950834
4 1996 3 91.796522
5 12 0 3676.073910
5 12 3 564.411963
5 13 0 3958.389063
5 13 3 508.664302
5 14 0 3702.704679
5 14 3 617.273135
5 15 0 3078.347003
5 15 3 454.823486
5 16 0 2311.304895
5 16 3 431.318577
5 17 0 2933.502361
5 17 3 509.623451
5 18 0 2577.805996
5 18 3 590.607154
5 19 0 2366.279056
5 19 3 622.419872
5 20 0 2533.546250
5 20 3 662.654153
5 21 0 2559.666550
5 21 3 808.353520
5 22 0 2506.548647
5 22 3 984.954785
5 23 0 2748.791992
5 23 3 1275.101757
5 24 0 1384.579927
5 24 3 791.928919
5 25 0 1814.766868
5 25 3 1105.712678
5 26 0 1572.099524
5 26 3 1039.740182
5 27 0 1518.855293
5 27 3 1132.628569
5 28 0 1313.130754
5 28 3 1112.163689
5 29 0 1681.677608
5 29 3 1205.530765
5 30 0 1893.069607
5 30 3 1188.130822
5 31 0 1678.165487
5 31 3 1212.341424
5 32 0 1527.056763
5 32 3 1178.636172
5 33 0 1433.860256
5 33 3 1103.633790
5 34 0 1481.624247
5 34 3 1155.861309
5 35 0 1105.135245
5 35 3 827.993053
5 36 0 1113.489435
5 36 3 804.092725
5 37 0 1104.888822
5 37 3 811.994748
5 38 0 952.469480
5 38 3 811.566556
5 39 0 1082.334181
5 39 3 818.021925
5 40 0 1000.124994
5 40 3 814.564557
5 42 0 1370.558830
5 42 3 845.022960
5 44 0 833.186464
5 44 3 822.112353
5 46 0 807.269674
5 46 3 939.267623
5 48 0 998.708994
5 48 3 769.379734
5 50 0 953.220080
5 50 3 674.124795
5 52 0 944.398183
5 52 3 659.941155
5 54 0 930.264468
5 54 3 661.614512
5 56 0 1067.186728
5 56 3 745.044407
5 58 0 695.675789
5 58 3 682.919278
5 60 0 657.685223
5 60 3 572.965149
5 63 0 632.849936
5 63 3 651.576987
5 66 0 752.548782
5 66 3 621.365052
5 69 0 769.767034
5 69 3 654.392354
5 72 0 583.381032
5 72 3 533.205052
5 75 0 552.960726
5 75 3 521.364473
5 78 0 489.427392
5 78 3 538.394587
5 81 0 625.515564
5 81 3 546.681959
5 85 0 662.799986
5 85 3 496.129514
5 89 0 495.984932
5 89 3 469.235537
5 93 0 697.717485
5 93 3 468.215270
5 97 0 522.304050
5 97 3 434.144755
5 101 0 514.761088
5 101 3 447.802374
5 106 0 368.811610
5 106 3 409.642767
5 111 0 599.836221
5 111 3 424.986497
5 116 0 550.542826
5 116 3 429.696799
5 121 0 364.973404
5 121 3 417.864501
5 127 0 574.270324
5 127 3 431.512626
5 133 0 400.444674
5 133 3 393.487312
5 139 0 478.143448
5 139 3 367.790692
5 145 0 417.747773
5 145 3 372.752560
5 152 0 337.178845
5 152 3 426.911740
5 159 0 436.024650
5 159 3 452.454606
5 166 0 295.253328
5 166 3 421.302716
5 174 0 390.808424
5 174 3 437.866212
5 182 0 266.425073
5 182 3 397.118067
5 191 0 359.226478
5 191 3 369.017962
5 200 0 237.264347
5 200 3 353.749136
5 210 0 249.359178
5 210 3 336.198569
5 220 0 223.893575
5 220 3 336.916745
5 231 0 300.673939
5 231 3 316.119063
5 242 0 203.057013
5 242 3 301.316080
5 254 0 286.438205
5 254 3 298.201584
5 266 0 216.494519
5 266 3 279.585212
5 279 0 265.928100
5 279 3 269.218148
5 292 0 204.800781
5 292 3 262.161775
5 306 0 178.398391
5 306 3 243.288594
5 321 0 150.079183
5 321 3 223.692631
5 337 0 195.004842
5 337 3 225.348844
5 353 0 188.532018
5 353 3 210.170934
5 370 0 141.882499
5 370 3 211.159783
5 388 0 147.151722
5 388 3 193.816955
5 407 0 165.638867
5 407 3 181.947181
5 427 0 160.813488
5 427 3 174.088824
5 448 0 159.582071
5 448 3 167.027145
5 470 0 156.435151
5 470 3 163.766836
5 493 0 141.396100
5 493 3 151.258630
5 517 0 103.572997
5 517 3 144.639139
5 542 0 138.088061
5 542 3 145.790263
5 569 0 120.813167
5 569 3 134.718688
5 597 0 105.850261
5 597 3 131.984478
5 626 0 105.559842
5 626 3 126.325258
5 657 0 107.026710
5 657 3 124.671035
5 689 0 106.694720
5 689 3 117.896340
5 723 0 105.193289
5 723 3 114.371007
5 759 0 84.556045
5 759 3 110.606276
5 796 0 100.567783
5 796 3 109.109814
5 835 0 93.510220
5 835 3 101.338126
5 876 0 86.789326
5 876 3 99.102508
5 919 0 76.563066
5 919 3 89.474258
5 964 0 72.363291
5 964 3 89.623915
5 1012 0 73.845854
5 1012 3 91.739886
5 1062 0 70.533119
5 1062 3 88.369338
5 1115 0 72.069792
5 1115 3 82.064172
5 1170 0 67.392281
5 1170 3 81.150144
5 1228 0 67.352576
5 1228 3 78.462260
5 1289 0 62.744342
5 1289 3 73.670676
5 1353 0 60.082562
5 1353 3 71.450553
5 1420 0 59.549632
5 1420 3 70.691793
5 1491 0 57.698210
5 1491 3 69.737282
5 1565 0 54.949567
5 1565 3 66.065184
5 1643 0 52.734262
5 1643 3 64.548095
5 1725 0 50.594216
5 1725 3 61.802196
5 1811 0 48.668488
5 1811 3 60.691855
5 1901 0 46.850730
5 1901 3 58.267905
5 1996 0 45.406043
5 1996 3 56.727620
6 6 0 2931.675089
6 6 3 529.115537
6 7 0 3580.309063
6 7 3 696.027083
6 8 0 2555.942641
6 8 3 441.432068
6 9 0 2754.177876
6 9 3 473.968043
6 10 0 3466.425434
6 10 3 864.806286
6 11 0 2638.056644
6 11 3 1010.752701
6 12 0 1453.972151
6 12 3 800.528404
6 13 0 1620.162077
6 13 3 1040.885932
6 14 0 1623.331367
6 14 3 1396.705558
6 15 0 859.273197
6 15 3 1100.327654
6 16 0 1509.931867
6 16 3 1120.600248
6 17 0 1611.047154
6 17 3 1191.826221
6 18 0 1081.878613
6 18 3 797.342400
6 19 0 1063.121906
6 19 3 798.199469
6 20 0 1024.840465
6 20 3 821.277025
6 21 0 1087.613213
6 21 3 813.706854
6 22 0 1018.910814
6 22 3 826.226960
6 23 0 1093.939203
6 23 3 860.561499
6 24 0 980.649485
6 24 3 680.905968
6 25 0 941.897610
6 25 3 758.148619
6 26 0 942.009404
6 26 3 685.903680
6 27 0 857.612368
6 27 3 650.430968
6 28 0 846.647419
6 28 3 649.693809
6 29 0 800.645179
6 29 3 887.965301
6 30 0 679.492145
6 30 3 670.959374
6 31 0 715.439362
6 31 3 696.083887
6 32 0 956.574088
6 32 3 609.469169
6 33 0 693.105643
6 33 3 609.806004
6 34 0 691.994012
6 34 3 598.590124
6 35 0 557.439110
6 35 3 524.728705
6 36 0 547.674030
6 36 3 521.534503
6 37 0 664.950756
6 37 3 509.365653
6 38 0 555.123531
6 38 3 480.531880
6 39 0 603.827106
6 39 3 500.114337
6 40 0 592.920557
6 40 3 541.259205
6 42 0 524.070019
6 42 3 484.209434
6 44 0 453.671460
6 44 3 486.966635
6 46 0 522.479246
6 46 3 499.566399
6 48 0 619.301379
6 48 3 465.041888
6 50 0 437.348894
6 50 3 442.381740
6 52 0 421.327577
6 52 3 434.874934
6 54 0 369.967883
6 54 3 408.317436
6 56 0 413.920659
6 56 3 461.340865
6 58 0 322.576171
6 58 3 424.096027
6 60 0 279.928201
6 60 3 405.930380
6 63 0 440.447712
6 63 3 450.487703
6 66 0 402.380554
6 66 3 393.188577
6 69 0 457.195067
6 69 3 407.953728
6 72 0 383.194797
6 72 3 386.208750
6 75 0 269.760466
6 75 3 366.322995
6 78 0 372.385006
6 78 3 466.906965
6 81 0 338.627179
6 81 3 466.208056
6 85 0 246.839410
6 85 3 430.887019
6 89 0 287.373725
6 89 3 378.023577
6 93 0 247.009329
6 93 3 397.500371
6 97 0 257.558502
6 97 3 364.057359
6 101 0 243.898693
6 101 3 351.137003
6 106 0 261.748272
6 106 3 322.799398
6 111 0 280.950406
6 111 3 313.146945
6 116 0 277.674494
6 116 3 301.731930
6 121 0 220.796376
6 121 3 298.234628
6 127 0 266.691937
6 127 3 291.159736
6 133 0 190.347408
6 133 3 281.504502
6 139 0 184.510563
6 139 3 259.826686
6 145 0 185.766288
6 145 3 255.429943
6 152 0 164.383715
6 152 3 224.100302
6 159 0 202.196053
6 159 3 221.417588
6 166 0 141.942258
6 166 3 215.314498
6 174 0 190.867155
6 174 3 221.772281
6 182 0 173.597816
6 182 3 211.183077
6 191 0 172.801194
6 191 3 188.781393
6 200 0 156.324742
6 200 3 190.140991
6 210 0 124.296303
6 210 3 184.287499
6 220 0 161.376814
6 220 3 181.265377
6 231 0 124.399679
6 231 3 168.604493
6 242 0 120.039362
6 242 3 160.644337
6 254 0 139.955663
6 254 3 158.500699
6 266 0 105.094571
6 266 3 148.872510
6 279 0 131.914924
6 279 3 146.239372
6 292 0 120.762144
6 292 3 141.597975
6 306 0 107.903564
6 306 3 134.485235
6 321 0 87.051143
6 321 3 122.197737
6 337 0 94.267262
6 337 3 122.357612
6 353 0 92.096544
6 353 3 113.351384
6 370 0 99.085518
6 370 3 116.819942
6 388 0 90.704028
6 388 3 109.588279
6 407 0 86.185569
6 407 3 101.185014
6 427 0 85.072871
6 427 3 99.351117
6 448 0 83.174016
6 448 3 93.931959
6 470 0 67.556312
6 470 3 96.208946
6 493 0 75.088012
6 493 3 88.727305
6 517 0 63.740377
6 517 3 84.386985
6 542 0 72.667205
6 542 3 87.576703
6 569 0 65.849566
6 569 3 80.944223
6 597 0 62.741370
6 597 3 78.661772
6 626 0 61.882752
6 626 3 76.438758
6 657 0 60.170701
6 657 3 72.669639
6 689 0 57.946085
6 689 3 69.981457
6 723 0 55.398576
6 723 3 66.623774
6 759 0 55.904207
6 759 3 67.244916
6 796 0 54.108545
6 796 3 65.931869
6 835 0 50.585066
6 835 3 61.733786
6 876 0 49.659542
6 876 3 62.083120
6 919 0 42.792804
6 919 3 57.385092
6 964 0 42.066715
6 964 3 54.014989
6 1012 0 42.477093
6 1012 3 56.241928
6 1062 0 41.902864
6 1062 3 54.383528
6 1115 0 40.021437
6 1115 3 50.283896
6 1170 0 38.858739
6 1170 3 51.368598
6 1228 0 38.226480
6 1228 3 49.704087
6 1289 0 36.756348
6 1289 3 47.804113
6 1353 0 35.512902
6 1353 3 46.762395
6 1420 0 34.752009
6 1420 3 45.944554
6 1491 0 34.015810
6 1491 3 45.556616
6 1565 0 32.797151
6 1565 3 44.475390
6 1643 0 31.464288
6 1643 3 43.462397
6 1725 0 30.234167
6 1725 3 41.827445
6 1811 0 29.577135
6 1811 3 41.504644
6 1901 0 28.679564
6 1901 3 40.252579
6 1996 0 27.530124
6 1996 3 39.740269
7 3 3 517.979534
7 4 3 596.983140
7 5 0 2266.706594
7 5 3 978.005707
7 6 0 1096.313065
7 6 3 855.698269
7 7 0 1171.287874
7 7 3 1314.569920
7 8 0 1068.268478
7 8 3 1146.808970
7 9 0 805.729121
7 9 3 829.002039
7 10 0 829.588219
7 10 3 954.921045
7 11 0 768.178698
7 11 3 807.808120
7 12 0 588.707004
7 12 3 652.685957
7 13 0 608.753498
7 13 3 686.769692
7 14 0 641.075735
7 14 3 796.121485
7 15 0 475.271632
7 15 3 575.370324
7 16 0 765.173504
7 16 3 552.292281
7 17 0 532.888191
7 17 3 562.495806
7 18 0 458.659140
7 18 3 521.995052
7 19 0 451.943924
7 19 3 523.468015
7 20 0 472.981696
7 20 3 504.605503
7 21 0 403.286532
7 21 3 474.623982
7 22 0 443.629904
7 22 3 553.453008
7 23 0 406.112552
7 23 3 502.575430
7 24 0 355.208694
7 24 3 474.474353
7 25 0 448.395043
7 25 3 519.731459
7 26 0 348.085492
7 26 3 460.690190
7 27 0 351.519560
7 27 3 390.315123
7 28 0 313.312175
7 28 3 454.302066
7 29 0 331.352897
7 29 3 454.039153
7 30 0 274.562097
7 30 3 393.835348
7 31 0 357.156656
7 31 3 429.518924
7 32 0 431.230730
7 32 3 393.583003
7 33 0 301.902353
7 33 3 398.415927
7 34 0 307.556222
7 34 3 396.433299
7 35 0 294.424558
7 35 3 354.303989
7 36 0 294.621458
7 36 3 395.353640
7 37 0 304.541819
7 37 3 399.924676
7 38 0 293.694022
7 38 3 459.437675
7 39 0 251.147235
7 39 3 436.742973
7 40 0 276.293449
7 40 3 481.370431
7 42 0 235.766087
7 42 3 436.180917
7 44 0 243.232260
7 44 3 375.741540
7 46 0 278.317198
7 46 3 410.444586
7 48 0 287.408646
7 48 3 372.448688
7 50 0 201.866912
7 50 3 348.044962
7 52 0 228.626315
7 52 3 345.073571
7 54 0 192.501946
7 54 3 321.556896
7 56 0 206.743032
7 56 3 330.378565
7 58 0 205.823784
7 58 3 307.400041
7 60 0 227.712034
7 60 3 295.558086
7 63 0 216.312278
7 63 3 293.625967
7 66 0 165.941205
7 66 3 281.223572
7 69 0 188.771387
7 69 3 282.893758
7 72 0 151.397117
7 72 3 269.437287
7 75 0 125.186876
7 75 3 239.277447
7 78 0 184.974843
7 78 3 239.452513
7 81 0 150.451270
7 81 3 231.844883
7 85 0 129.984602
7 85 3 221.650347
7 89 0 137.165314
7 89 3 199.146329
7 93 0 132.535165
7 93 3 199.597926
7 97 0 108.879892
7 97 3 198.126980
7 101 0 109.501626
7 101 3 190.004596
7 106 0 99.623069
7 106 3 175.059824
7 111 0 129.949470
7 111 3 162.157154
7 116 0 103.902684
7 116 3 166.169527
7 121 0 99.297176
7 121 3 163.386076
7 127 0 123.157168
7 127 3 158.137998
7 133 0 100.711011
7 133 3 150.305683
7 139 0 105.984203
7 139 3 137.385358
7 145 0 91.662221
7 145 3 136.671178
7 152 0 90.632909
7 152 3 124.961058
7 159 0 96.980505
7 159 3 122.348472
7 166 0 91.927876
7 166 3 124.231841
7 174 0 96.879211
7 174 3 123.504539
7 182 0 92.673834
7 182 3 119.106825
7 191 0 84.361321
7 191 3 106.675937
7 200 0 82.006905
7 200 3 109.986571
7 210 0 65.457504
7 210 3 108.297148
7 220 0 78.440330
7 220 3 102.471635
7 231 0 60.877999
7 231 3 99.210781
7 242 0 57.582286
7 242 3 93.108457
7 254 0 69.338066
7 254 3 88.884910
7 266 0 66.243712
7 266 3 86.623613
7 279 0 57.206275
7 279 3 85.352552
7 292 0 55.060790
7 292 3 83.268402
7 306 0 53.482866
7 306 3 80.069531
7 321 0 50.093220
7 321 3 72.684399
7 337 0 52.579893
7 337 3 73.397801
7 353 0 50.392644
7 353 3 70.011808
7 370 0 52.674799
7 370 3 69.019256
7 388 0 49.745710
7 388 3 66.064625
7 407 0 47.266870
7 407 3 61.969754
7 427 0 47.714267
7 427 3 61.615223
7 448 0 44.681599
7 448 3 59.012251
7 470 0 44.119062
7 470 3 58.214023
7 493 0 41.917828
7 493 3 54.657334
7 517 0 39.441402
7 517 3 52.172025
7 542 0 40.710011
7 542 3 54.005809
7 569 0 38.688415
7 569 3 50.411068
7 597 0 37.449129
7 597 3 50.362876
7 626 0 35.571600
7 626 3 49.284524
7 657 0 35.032943
7 657 3 46.384620
7 689 0 33.350612
7 689 3 45.430157
7 723 0 33.151424
7 723 3 43.928491
7 759 0 32.772402
7 759 3 44.048287
7 796 0 32.153959
7 796 3 43.788379
7 835 0 30.900038
7 835 3 42.146528
7 876 0 29.936340
7 876 3 41.389351
7 919 0 27.809583
7 919 3 39.084312
7 964 0 26.936668
7 964 3 38.573377
7 1012 0 27.696399
7 1012 3 38.868415
7 1062 0 27.244260
7 1062 3 38.568191
7 1115 0 25.651114
7 1115 3 36.001664
7 1170 0 25.616516
7 1170 3 36.705309
7 1228 0 24.709508
7 1228 3 35.713330
7 1289 0 24.068307
7 1289 3 34.531898
7 1353 0 23.263420
7 1353 3 34.036829
7 1420 0 23.038736
7 1420 3 34.272603
7 1491 0 22.779947
7 1491 3 34.302040
7 1565 0 22.246830
7 1565 3 33.390979
7 1643 0 21.338054
7 1643 3 32.443575
7 1725 0 20.401904
7 1725 3 31.919384
7 1811 0 20.377345
7 1811 3 31.835820
7 1901 0 20.222841
7 1901 3 31.158801
7 1996 0 19.691532
7 1996 3 31.398715
8 2 3 427.266739
8 3 3 847.449281
8 4 3 1338.404112
8 5 0 701.254680
8 5 3 952.943311
8 6 0 526.725612
8 6 3 693.484075
8 7 0 541.949496
8 7 3 759.666238
8 8 0 436.093887
8 8 3 575.471282
8 9 0 388.472606
8 9 3 519.277124
8 10 0 391.918886
8 10 3 558.691755
8 11 0 345.342850
8 11 3 460.777401
8 12 0 337.646147
8 12 3 436.378901
8 13 0 339.599498
8 13 3 439.532180
8 14 0 312.498133
8 14 3 438.536329
8 15 0 293.883037
8 15 3 426.300560
8 16 0 282.717987
8 16 3 398.911424
8 17 0 267.096261
8 17 3 371.203228
8 18 0 241.027710
8 18 3 351.740847
8 19 0 224.584487
8 19 3 444.059653
8 20 0 235.591663
8 20 3 446.971686
8 21 0 212.243228
8 21 3 429.203380
8 22 0 195.688075
8 22 3 402.698030
8 23 0 204.480580
8 23 3 406.919536
8 24 0 186.912192
8 24 3 373.581113
8 25 0 181.144789
8 25 3 350.846131
8 26 0 178.516102
8 26 3 367.733991
8 27 0 164.558587
8 27 3 319.986364
8 28 0 162.103358
8 28 3 308.408044
8 29 0 169.011788
8 29 3 313.399080
8 30 0 156.858083
8 30 3 296.987665
8 31 0 153.878957
8 31 3 286.236208
8 32 0 128.710423
8 32 3 293.373765
8 33 0 145.212124
8 33 3 277.789446
8 34 0 142.637696
8 34 3 271.059923
8 35 0 130.391958
8 35 3 243.344678
8 36 0 137.495087
8 36 3 249.386293
8 37 0 133.709050
8 37 3 289.131574
8 38 0 130.288741
8 38 3 240.709857
8 39 0 127.544401
8 39 3 214.916363
8 40 0 122.672897
8 40 3 226.549506
8 42 0 118.710423
8 42 3 221.250988
8 44 0 109.312250
8 44 3 203.962870
8 46 0 109.191372
8 46 3 204.584914
8 48 0 104.703237
8 48 3 197.595403
8 50 0 101.707339
8 50 3 188.444813
8 52 0 97.124352
8 52 3 176.962902
8 54 0 95.012501
8 54 3 173.587371
8 56 0 92.793783
8 56 3 168.504828
8 58 0 95.548683
8 58 3 172.580932
8 60 0 88.051868
8 60 3 154.281167
8 63 0 84.237962
8 63 3 158.776007
8 66 0 85.214127
8 66 3 152.309854
8 69 0 82.883085
8 69 3 151.129932
8 72 0 76.887213
8 72 3 141.618810
8 75 0 75.952864
8 75 3 131.675257
8 78 0 75.746388
8 78 3 130.723692
8 81 0 72.448078
8 81 3 128.309931
8 85 0 74.624497
8 85 3 125.502404
8 89 0 64.647321
8 89 3 110.232504
8 93 0 63.291997
8 93 3 111.149666
8 97 0 62.163134
8 97 3 107.338577
8 101 0 64.419267
8 101 3 107.412082
8 106 0 58.682181
8 106 3 97.348106
8 111 0 56.792564
8 111 3 93.078490
8 116 0 56.104489
8 116 3 92.926199
8 121 0 53.012550
8 121 3 91.204871
8 127 0 53.221136
8 127 3 90.923805
8 133 0 50.966102
8 133 3 87.240802
8 139 0 47.886925
8 139 3 77.727682
8 145 0 47.998628
8 145 3 79.450652
8 152 0 46.603491
8 152 3 74.364739
8 159 0 44.932871
8 159 3 71.129019
8 166 0 43.743797
8 166 3 73.440538
8 174 0 44.615008
8 174 3 73.238198
8 182 0 43.905219
8 182 3 71.530531
8 191 0 39.890984
8 191 3 63.805992
8 200 0 40.399914
8 200 3 64.815684
8 210 0 40.546314
8 210 3 62.439073
8 220 0 38.881157
8 220 3 61.740204
8 231 0 37.616404
8 231 3 59.496538
8 242 0 36.594353
8 242 3 57.064090
8 254 0 35.852318
8 254 3 55.634168
8 266 0 34.472557
8 266 3 54.453275
8 279 0 34.287671
8 279 3 53.277181
8 292 0 33.920373
8 292 3 52.248894
8 306 0 32.364679
8 306 3 50.080613
8 321 0 30.261865
8 321 3 47.595178
8 337 0 30.958383
8 337 3 47.546601
8 353 0 29.273805
8 353 3 45.640461
8 370 0 29.979445
8 370 3 45.482297
8 388 0 28.746992
8 388 3 43.702378
8 407 0 27.314107
8 407 3 41.333635
8 427 0 27.226235
8 427 3 41.604132
8 448 0 27.011543
8 448 3 39.882316
8 470 0 26.502984
8 470 3 40.185005
8 493 0 25.373652
8 493 3 37.414758
8 517 0 24.930340
8 517 3 36.373652
8 542 0 25.251670
8 542 3 37.948004
8 569 0 24.017249
8 569 3 36.458361
8 597 0 23.643936
8 597 3 36.354766
8 626 0 22.950993
8 626 3 35.262429
8 657 0 22.610743
8 657 3 34.033514
8 689 0 22.174048
8 689 3 33.500257
8 723 0 22.238454
8 723 3 32.586363
8 759 0 22.039801
8 759 3 32.985392
8 796 0 21.923626
8 796 3 33.112501
8 835 0 20.677431
8 835 3 31.455899
8 876 0 20.557538
8 876 3 31.441337
8 919 0 20.185466
8 919 3 30.503863
8 964 0 19.991698
8 964 3 30.213429
8 1012 0 20.157395
8 1012 3 30.436057
8 1062 0 19.877788
8 1062 3 30.513823
8 1115 0 18.481557
8 1115 3 28.684744
8 1170 0 18.815661
8 1170 3 29.420042
8 1228 0 18.437445
8 1228 3 28.603650
8 1289 0 17.681879
8 1289 3 27.863756
8 1353 0 17.469434
8 1353 3 27.658290
8 1420 0 17.586899
8 1420 3 28.035945
8 1491 0 17.394669
8 1491 3 28.188464
8 1565 0 16.821810
8 1565 3 27.881394
8 1643 0 16.514657
8 1643 3 27.431091
8 1725 0 16.072776
8 1725 3 27.086072
8 1811 0 16.042156
8 1811 3 27.230303
8 1901 0 15.766033
8 1901 3 26.877060
8 1996 0 15.625710
8 1996 3 27.307118
9 1 3 341.384534
9 2 3 1158.668614
9 3 3 736.923901
9 4 3 691.144344
9 5 0 398.313516
9 5 3 564.113639
9 6 0 325.271718
9 6 3 437.330387
9 7 0 307.178868
9 7 3 422.972072
9 8 0 281.671730
9 8 3 394.449207
9 9 0 251.438938
9 9 3 386.200290
9 10 0 237.479925
9 10 3 522.560023
9 11 0 200.793735
9 11 3 369.214640
9 12 0 185.011848
9 12 3 365.163461
9 13 0 184.039702
9 13 3 331.523576
9 14 0 171.823967
9 14 3 304.782249
9 15 0 164.527851
9 15 3 295.321527
9 16 0 151.217736
9 16 3 291.276870
9 17 0 144.731113
9 17 3 265.656569
9 18 0 137.025547
9 18 3 241.829694
9 19 0 126.719587
9 19 3 235.163012
9 20 0 128.973248
9 20 3 239.538890
9 21 0 122.754192
9 21 3 229.417082
9 22 0 116.431071
9 22 3 208.664637
9 23 0 113.200781
9 23 3 204.997101
9 24 0 110.110195
9 24 3 185.295242
9 25 0 107.749854
9 25 3 189.825943
9 26 0 102.517080
9 26 3 181.968671
9 27 0 96.102809
9 27 3 167.185180
9 28 0 95.623504
9 28 3 167.384769
9 29 0 99.757627
9 29 3 189.710103
9 30 0 93.857871
9 30 3 159.086907
9 31 0 95.357938
9 31 3 172.608992
9 32 0 91.449733
9 32 3 152.350449
9 33 0 85.821797
9 33 3 168.287599
9 34 0 86.006756
9 34 3 158.357968
9 35 0 79.854362
9 35 3 143.034561
9 36 0 83.428436
9 36 3 163.957671
9 37 0 84.285055
9 37 3 150.359738
9 38 0 80.092736
9 38 3 131.206695
9 39 0 76.687182
9 39 3 129.354395
9 40 0 79.747774
9 40 3 133.871097
9 42 0 74.882840
9 42 3 122.572288
9 44 0 66.783308
9 44 3 113.680593
9 46 0 69.010514
9 46 3 114.892656
9 48 0 67.992283
9 48 3 112.476803
9 50 0 63.530683
9 50 3 105.039740
9 52 0 61.955683
9 52 3 101.316618
9 54 0 57.751376
9 54 3 103.307137
9 56 0 60.011100
9 56 3 98.737941
9 58 0 58.230466
9 58 3 94.599845
9 60 0 55.268822
9 60 3 88.707416
9 63 0 56.157046
9 63 3 92.629026
9 66 0 54.472404
9 66 3 88.498378
9 69 0 54.666600
9 69 3 89.037151
9 72 0 51.461524
9 72 3 82.994619
9 75 0 48.630902
9 75 3 77.703262
9 78 0 48.736826
9 78 3 77.163558
9 81 0 47.379858
9 81 3 75.075097
9 85 0 47.411848
9 85 3 73.904421
9 89 0 43.569418
9 89 3 67.311927
9 93 0 42.624795
9 93 3 67.218133
9 97 0 41.937726
9 97 3 64.197161
9 101 0 43.000018
9 101 3 64.769536
9 106 0 40.430008
9 106 3 60.191631
9 111 0 39.891896
9 111 3 60.071982
9 116 0 39.084757
9 116 3 58.077017
9 121 0 38.662715
9 121 3 56.877186
9 127 0 38.335329
9 127 3 56.866365
9 133 0 37.163303
9 133 3 54.444405
9 139 0 35.566197
9 139 3 50.680256
9 145 0 34.980468
9 145 3 51.483906
9 152 0 33.640469
9 152 3 46.988151
9 159 0 33.598993
9 159 3 48.190406
9 166 0 32.841193
9 166 3 46.095271
9 174 0 33.785499
9 174 3 47.229472
9 182 0 33.991999
9 182 3 46.359381
9 191 0 31.267615
9 191 3 43.544976
9 200 0 31.452656
9 200 3 43.510242
9 210 0 31.043743
9 210 3 42.287936
9 220 0 31.020775
9 220 3 41.923049
9 231 0 29.777621
9 231 3 40.823388
9 242 0 29.942819
9 242 3 40.145062
9 254 0 28.625472
9 254 3 38.592714
9 266 0 27.984476
9 266 3 38.157712
9 279 0 28.330960
9 279 3 37.916933
9 292 0 27.552623
9 292 3 37.202056
9 306 0 26.708405
9 306 3 36.090983
9 321 0 24.937027
9 321 3 34.385843
9 337 0 25.927148
9 337 3 35.042732
9 353 0 24.704715
9 353 3 33.053192
9 370 0 25.221807
9 370 3 33.568934
9 388 0 24.930855
9 388 3 32.818849
9 407 0 23.277171
9 407 3 31.319921
9 427 0 23.459790
9 427 3 32.081490
9 448 0 22.787445
9 448 3 30.892702
9 470 0 23.175465
9 470 3 31.194930
9 493 0 22.243949
9 493 3 29.398167
9 517 0 21.732955
9 517 3 28.457459
9 542 0 22.403488
9 542 3 30.112745
9 569 0 21.507836
9 569 3 28.875810
9 597 0 21.296655
9 597 3 28.717810
9 626 0 20.477770
9 626 3 27.746094
9 657 0 20.155717
9 657 3 27.524760
9 689 0 19.930897
9 689 3 27.275263
9 723 0 19.980865
9 723 3 27.752951
9 759 0 20.022595
9 759 3 27.502046
9 796 0 19.872700
9 796 3 27.733963
9 835 0 19.075627
9 835 3 26.811771
9 876 0 18.737441
9 876 3 26.060068
9 919 0 18.207573
9 919 3 25.924871
9 964 0 17.866607
9 964 3 26.004498
9 1012 0 18.390236
9 1012 3 26.246040
9 1062 0 18.326768
9 1062 3 28.182868
9 1115 0 17.024891
9 1115 3 25.060257
9 1170 0 17.509032
9 1170 3 25.853783
9 1228 0 17.138567
9 1228 3 25.609774
9 1289 0 16.355512
9 1289 3 24.682164
9 1353 0 16.257518
9 1353 3 25.015513
9 1420 0 16.302401
9 1420 3 25.179650
9 1491 0 16.252640
9 1491 3 25.550642
9 1565 0 15.859825
9 1565 3 25.313229
9 1643 0 15.592129
9 1643 3 24.912020
9 1725 0 15.210059
9 1725 3 24.457276
9 1811 0 15.304748
9 1811 3 24.962522
9 1901 0 15.193405
9 1901 3 25.377868
9 1996 0 14.969513
9 1996 3 25.358648
10 1 3 1166.099211
10 2 3 604.263807
10 3 3 423.616422
10 4 3 403.424090
10 5 0 211.868510
10 5 3 469.330373
10 6 0 176.669280
10 6 3 378.231237
10 7 0 163.226123
10 7 3 325.169582
10 8 0 139.670994
10 8 3 279.222336
10 9 0 130.082184
10 9 3 255.400404
10 10 0 125.558131
10 10 3 232.048504
10 11 0 110.057393
10 11 3 211.833327
10 12 0 104.390670
10 12 3 196.937384
10 13 0 98.109699
10 13 3 183.364350
10 14 0 101.664687
10 14 3 171.596890
10 15 0 94.054267
10 15 3 167.016727
10 16 0 83.829002
10 16 3 152.687297
10 17 0 82.188445
10 17 3 141.858983
10 18 0 77.696691
10 18 3 134.511500
10 19 0 73.783354
10 19 3 132.194157
10 20 0 76.098315
10 20 3 132.238002
10 21 0 74.763145
10 21 3 123.877622
10 22 0 71.805251
10 22 3 115.600400
10 23 0 67.404289
10 23 3 110.842938
10 24 0 64.731411
10 24 3 110.984502
10 25 0 68.895326
10 25 3 116.242497
10 26 0 60.735009
10 26 3 100.185113
10 27 0 59.604504
10 27 3 94.236642
10 28 0 59.253714
10 28 3 93.735243
10 29 0 62.398998
10 29 3 97.997130
10 30 0 60.293703
10 30 3 93.374163
10 31 0 60.530353
10 31 3 105.701539
10 32 0 56.249794
10 32 3 88.904382
10 33 0 56.226443
10 33 3 87.234984
10 34 0 57.232621
10 34 3 88.990182
10 35 0 51.640205
10 35 3 84.232969
10 36 0 54.805182
10 36 3 81.304508
10 37 0 54.130628
10 37 3 89.807635
10 38 0 50.371512
10 38 3 76.232167
10 39 0 48.618160
10 39 3 72.082951
10 40 0 51.120621
10 40 3 77.923613
10 42 0 48.653562
10 42 3 72.977693
10 44 0 46.163428
10 44 3 68.275311
10 46 0 47.087492
10 46 3 70.295950
10 48 0 47.213157
10 48 3 67.460387
10 50 0 43.319027
10 50 3 63.251788
10 52 0 42.469372
10 52 3 61.963826
10 54 0 41.585141
10 54 3 61.320088
10 56 0 42.759437
10 56 3 60.418258
10 58 0 40.192710
10 58 3 56.679531
10 60 0 39.873864
10 60 3 57.369111
10 63 0 41.289808
10 63 3 57.349773
10 66 0 41.019930
10 66 3 55.599454
10 69 0 40.308853
10 69 3 54.298630
10 72 0 40.002380
10 72 3 52.511458
10 75 0 36.651614
10 75 3 48.669820
10 78 0 38.199730
10 78 3 49.778506
10 81 0 37.179939
10 81 3 48.346366
10 85 0 37.217769
10 85 3 48.008019
10 89 0 34.991556
10 89 3 42.989998
10 93 0 32.392227
10 93 3 47.324394
10 97 0 32.624870
10 97 3 44.957068
10 101 0 32.994407
10 101 3 42.926023
10 106 0 31.654205
10 106 3 41.336709
10 111 0 31.680229
10 111 3 40.626722
10 116 0 31.548164
10 116 3 40.561297
10 121 0 31.395352
10 121 3 38.744580
10 127 0 31.955409
10 127 3 39.345271
10 133 0 31.021944
10 133 3 38.490388
10 139 0 28.837650
10 139 3 36.075168
10 145 0 29.464277
10 145 3 35.863653
10 152 0 27.644136
10 152 3 34.639618
10 159 0 28.187863
10 159 3 33.935450
10 166 0 28.674947
10 166 3 34.485154
10 174 0 29.102550
10 174 3 34.612054
10 182 0 29.027437
10 182 3 34.531128
10 191 0 26.511531
10 191 3 32.317022
10 200 0 27.567618
10 200 3 32.487448
10 210 0 27.357930
10 210 3 32.128810
10 220 0 27.682874
10 220 3 32.265376
10 231 0 26.563325
10 231 3 31.308706
10 242 0 26.432334
10 242 3 31.205758
10 254 0 25.829031
10 254 3 30.615786
10 266 0 25.427383
10 266 3 31.466327
10 279 0 29.444550
10 279 3 30.420298
10 292 0 24.977200
10 292 3 29.828921
10 306 0 24.721236
10 306 3 29.216203
10 321 0 22.949892
10 321 3 28.710685
10 337 0 23.589066
10 337 3 28.757668
10 353 0 22.309944
10 353 3 27.303738
10 370 0 23.065428
10 370 3 27.771680
10 388 0 22.761102
10 388 3 27.459795
10 407 0 21.283961
10 407 3 26.512785
10 427 0 21.462302
10 427 3 26.707054
10 448 0 21.079819
10 448 3 26.198169
10 470 0 21.507486
10 470 3 26.586006
10 493 0 20.403250
10 493 3 25.349899
10 517 0 20.151043
10 517 3 25.214276
10 542 0 20.905700
10 542 3 26.321760
10 569 0 19.957655
10 569 3 25.280422
10 597 0 19.623734
10 597 3 25.358056
10 626 0 19.450318
10 626 3 24.691337
10 657 0 19.021036
10 657 3 24.564574
10 689 0 18.697870
10 689 3 24.331722
10 723 0 18.846996
10 723 3 24.374694
10 759 0 19.206827
10 759 3 25.026784
10 796 0 18.987049
10 796 3 25.023881
10 835 0 18.349686
10 835 3 24.068103
10 876 0 17.952604
10 876 3 23.823456
10 919 0 17.677794
10 919 3 23.553166
10 964 0 17.716308
10 964 3 23.934258
10 1012 0 18.045084
10 1012 3 24.229233
10 1062 0 18.223722
10 1062 3 24.550212
10 1115 0 16.876402
10 1115 3 23.439144
10 1170 0 17.624157
10 1170 3 24.133451
10 1228 0 17.199960
10 1228 3 23.718553
10 1289 0 16.169369
10 1289 3 23.121910
10 1353 0 16.247727
10 1353 3 23.387467
10 1420 0 16.428425
10 1420 3 23.549414
10 1491 0 16.332727
10 1491 3 23.794881
10 1565 0 15.873214
10 1565 3 23.735954
10 1643 0 15.653422
10 1643 3 23.319863
10 1725 0 15.533060
10 1725 3 23.206255
10 1811 0 15.474282
10 1811 3 24.340343
10 1901 0 16.731233
10 1901 3 24.127022
10 1996 0 17.257802
10 1996 3 26.848631
11 1 3 626.912815
11 2 3 390.283284
11 3 3 471.248607
11 4 3 290.856309
11 5 0 124.128600
11 5 3 231.845832
11 6 0 109.140935
11 6 3 191.902374
11 7 0 103.295314
11 7 3 172.405074
11 8 0 88.163975
11 8 3 146.178138
11 9 0 83.823847
11 9 3 135.796974
11 10 0 85.401411
11 10 3 134.198560
11 11 0 73.366795
11 11 3 115.386475
11 12 0 68.040843
11 12 3 107.571572
11 13 0 66.556336
11 13 3 94.639116
11 14 0 66.038141
11 14 3 105.052734
11 15 0 66.022599
11 15 3 94.883333
11 16 0 57.122312
11 16 3 82.990787
11 17 0 56.068920
11 17 3 82.729324
11 18 0 54.919434
11 18 3 76.805841
11 19 0 53.015499
11 19 3 78.015023
11 20 0 53.584464
11 20 3 76.230457
11 21 0 54.553688
11 21 3 73.387675
11 22 0 52.532443
11 22 3 73.843393
11 23 0 49.693500
11 23 3 67.457088
11 24 0 48.211354
11 24 3 66.013694
11 25 0 51.578021
11 25 3 68.246153
11 26 0 45.829748
11 26 3 61.686516
11 27 0 44.762974
11 27 3 60.897309
11 28 0 44.637736
11 28 3 57.982063
11 29 0 46.752162
11 29 3 61.218874
11 30 0 46.382221
11 30 3 57.457186
11 31 0 46.822669
11 31 3 60.272871
11 32 0 41.975498
11 32 3 55.902799
11 33 0 44.546711
11 33 3 54.195442
11 34 0 44.665880
11 34 3 53.767771
11 35 0 40.335479
11 35 3 53.820603
11 36 0 43.594177
11 36 3 52.196744
11 37 0 43.478246
11 37 3 53.575528
11 38 0 41.037040
11 38 3 50.052866
11 39 0 39.717943
11 39 3 48.797479
11 40 0 41.000523
11 40 3 48.942263
11 42 0 40.816979
11 42 3 48.236067
11 44 0 37.152490
11 44 3 45.147257
11 46 0 39.408213
11 46 3 45.658301
11 48 0 38.548960
11 48 3 44.858196
11 50 0 36.390134
11 50 3 42.674144
11 52 0 35.863145
11 52 3 41.848789
11 54 0 34.698631
11 54 3 41.576823
11 56 0 37.971799
11 56 3 41.531124
11 58 0 34.882950
11 58 3 39.463484
11 60 0 34.389228
11 60 3 39.465469
11 63 0 36.780825
11 63 3 39.809818
11 66 0 35.862458
11 66 3 38.784812
11 69 0 35.764458
11 69 3 38.549917
11 72 0 35.726491
11 72 3 37.544514
11 75 0 32.323181
11 75 3 35.392070
11 78 0 34.205178
11 78 3 36.613773
11 81 0 33.929498
11 81 3 35.324737
11 85 0 33.998618
11 85 3 35.382445
11 89 0 30.753330
11 89 3 32.438653
11 93 0 30.605721
11 93 3 33.358889
11 97 0 29.928089
11 97 3 32.336642
11 101 0 30.175401
11 101 3 32.264688
11 106 0 29.746377
11 106 3 30.799069
11 111 0 29.373803
11 111 3 31.312124
11 116 0 29.238906
11 116 3 30.646222
11 121 0 29.284188
11 121 3 30.230684
11 127 0 30.461990
11 127 3 31.369558
11 133 0 29.874815
11 133 3 30.230131
11 139 0 27.840233
11 139 3 28.691646
11 145 0 27.692498
11 145 3 28.583692
11 152 0 27.274495
11 152 3 27.818491
11 159 0 27.400435
11 159 3 27.876949
11 166 0 25.947217
11 166 3 27.381407
11 174 0 27.927143
11 174 3 28.581666
11 182 0 27.818092
11 182 3 28.530029
11 191 0 25.095818
11 191 3 26.868457
11 200 0 26.428492
11 200 3 27.367581
11 210 0 26.248989
11 210 3 27.396300
11 220 0 26.311186
11 220 3 27.495030
11 231 0 25.434134
11 231 3 26.803119
11 242 0 25.376332
11 242 3 26.809879
11 254 0 24.799402
11 254 3 26.499731
11 266 0 24.690594
11 266 3 26.208130
11 279 0 24.421948
11 279 3 26.120867
11 292 0 24.365710
11 292 3 26.336475
11 306 0 23.820952
11 306 3 25.789058
11 321 0 22.323136
11 321 3 24.961336
11 337 0 23.379677
11 337 3 25.611137
11 353 0 21.733480
11 353 3 24.441059
11 370 0 23.001512
11 370 3 25.164333
11 388 0 22.138252
11 388 3 25.435403
11 407 0 21.032037
11 407 3 23.965353
11 427 0 21.117017
11 427 3 24.098025
11 448 0 21.373790
11 448 3 23.861390
11 470 0 21.490608
11 470 3 24.495975
11 493 0 21.104535
11 493 3 23.374953
11 517 0 20.461241
11 517 3 23.395350
11 542 0 21.184555
11 542 3 24.016291
11 569 0 20.282980
11 569 3 23.733399
11 597 0 19.980131
11 597 3 23.478243
11 626 0 19.498625
11 626 3 22.961982
11 657 0 19.260302
11 657 3 22.975953
11 689 0 19.334059
11 689 3 22.917124
11 723 0 19.213597
11 723 3 22.904932
11 759 0 19.554553
11 759 3 23.326644
11 796 0 19.302328
11 796 3 23.241370
11 835 0 18.637352
11 835 3 22.822993
11 876 0 18.100903
11 876 3 22.474021
11 919 0 17.817851
11 919 3 22.399722
11 964 0 17.747486
11 964 3 22.385674
11 1012 0 18.161804
11 1012 3 22.851305
11 1062 0 18.282649
11 1062 3 24.107292
11 1115 0 17.199665
11 1115 3 22.391258
11 1170 0 17.756003
11 1170 3 23.272927
11 1228 0 17.159985
11 1228 3 22.942527
11 1289 0 16.381418
11 1289 3 22.447717
11 1353 0 16.345764
11 1353 3 22.616213
11 1420 0 16.445475
11 1420 3 23.251664
11 1491 0 16.573169
11 1491 3 23.581884
11 1565 0 16.235569
11 1565 3 23.488162
11 1643 0 16.771937
11 1643 3 23.311974
11 1725 0 17.873382
11 1725 3 24.097940
11 1811 0 18.318719
11 1811 3 24.442943
11 1901 0 18.714211
11 1901 3 32.633926
11 1996 0 19.488928
11 1996 3 32.211826
12 1 3 393.720750
12 2 3 278.078377
12 3 3 193.018076
12 4 3 156.558564
12 5 0 94.069320
12 5 3 130.753832
12 6 0 85.746844
12 6 3 111.073747
12 7 0 82.199102
12 7 3 99.167933
12 8 0 73.350566
12 8 3 82.684974
12 9 0 68.572997
12 9 3 77.046291
12 10 0 69.678240
12 10 3 77.814386
12 11 0 61.389014
12 11 3 66.381637
12 12 0 58.051386
12 12 3 65.970807
12 13 0 55.476253
12 13 3 61.466078
12 14 0 57.021005
12 14 3 60.310218
12 15 0 56.155271
12 15 3 57.396236
12 16 0 49.423350
12 16 3 53.344130
12 17 0 50.637494
12 17 3 52.983135
12 18 0 47.138185
12 18 3 49.509169
12 19 0 45.828458
12 19 3 48.690858
12 20 0 45.908860
12 20 3 45.994318
12 21 0 48.173612
12 21 3 48.680856
12 22 0 46.756037
12 22 3 45.778253
12 23 0 44.153458
12 23 3 43.507531
12 24 0 42.679845
12 24 3 43.728241
12 25 0 44.599657
12 25 3 43.928507
12 26 0 42.211721
12 26 3 41.867438
12 27 0 40.426558
12 27 3 39.240627
12 28 0 40.855467
12 28 3 40.154518
12 29 0 42.717933
12 29 3 39.733104
12 30 0 42.413737
12 30 3 39.650135
12 31 0 42.782598
12 31 3 40.111270
12 32 0 38.818596
12 32 3 37.687454
12 33 0 40.970259
12 33 3 38.830866
12 34 0 41.571652
12 34 3 38.466096
12 35 0 38.251078
12 35 3 37.149103
12 36 0 40.549799
12 36 3 36.194749
12 37 0 40.125239
12 37 3 36.208077
12 38 0 37.704978
12 38 3 34.929951
12 39 0 36.534452
12 39 3 35.593233
12 40 0 39.070903
12 40 3 34.785769
12 42 0 38.747197
12 42 3 35.124158
12 44 0 35.491617
12 44 3 33.183286
12 46 0 37.447230
12 46 3 34.024537
12 48 0 36.567038
12 48 3 33.663967
12 50 0 34.726378
12 50 3 32.109603
12 52 0 34.126946
12 52 3 32.208463
12 54 0 33.387666
12 54 3 31.464144
12 56 0 36.185735
12 56 3 32.024978
12 58 0 33.743994
12 58 3 30.336469
12 60 0 33.603905
12 60 3 30.342873
12 63 0 35.187265
12 63 3 30.988532
12 66 0 34.788839
12 66 3 30.751325
12 69 0 35.444352
12 69 3 30.650663
12 72 0 34.513510
12 72 3 30.162431
12 75 0 31.444968
12 75 3 28.498818
12 78 0 33.374295
12 78 3 29.639368
12 81 0 33.392719
12 81 3 29.276178
12 85 0 33.171822
12 85 3 29.052322
12 89 0 30.137821
12 89 3 25.766859
12 93 0 30.333677
12 93 3 27.867022
12 97 0 29.756242
12 97 3 27.425345
12 101 0 30.252984
12 101 3 26.913924
12 106 0 29.443781
12 106 3 26.301403
12 111 0 29.074980
12 111 3 25.878031
12 116 0 28.375496
12 116 3 25.945515
12 121 0 28.494744
12 121 3 26.245328
12 127 0 30.118708
12 127 3 26.844947
12 133 0 29.424839
12 133 3 26.476300
12 139 0 27.383983
12 139 3 25.243094
12 145 0 27.180090
12 145 3 25.027282
12 152 0 26.777741
12 152 3 24.523014
12 159 0 26.185552
12 159 3 24.682333
12 166 0 26.131790
12 166 3 24.571039
12 174 0 27.491940
12 174 3 25.534183
12 182 0 27.439366
12 182 3 25.750769
12 191 0 25.288798
12 191 3 24.915286
12 200 0 26.428619
12 200 3 24.830471
12 210 0 26.171708
12 210 3 24.709268
12 220 0 26.258922
12 220 3 25.097860
12 231 0 25.593157
12 231 3 24.513684
12 242 0 25.463310
12 242 3 24.767621
12 254 0 25.048346
12 254 3 24.276273
12 266 0 24.889529
12 266 3 24.394606
12 279 0 24.707102
12 279 3 24.922370
12 292 0 24.824865
12 292 3 24.488656
12 306 0 24.228512
12 306 3 24.107011
12 321 0 22.831788
12 321 3 23.238023
12 337 0 23.735374
12 337 3 24.114911
12 353 0 22.293899
12 353 3 22.446930
12 370 0 23.407624
12 370 3 22.694107
12 388 0 22.562938
12 388 3 23.172292
12 407 0 21.679886
12 407 3 22.775937
12 427 0 21.790656
12 427 3 22.933984
12 448 0 21.551361
12 448 3 22.546062
12 470 0 21.744642
12 470 3 23.246739
12 493 0 20.732866
12 493 3 22.231625
12 517 0 20.656920
12 517 3 22.316001
12 542 0 21.411393
12 542 3 23.561062
12 569 0 20.685127
12 569 3 22.685190
12 597 0 20.197158
12 597 3 22.556144
12 626 0 19.735588
12 626 3 22.226071
12 657 0 19.634153
12 657 3 22.204742
12 689 0 19.441432
12 689 3 22.422641
12 723 0 19.265221
12 723 3 22.624689
12 759 0 19.695992
12 759 3 23.230986
12 796 0 19.508046
12 796 3 23.077740
12 835 0 18.869245
12 835 3 22.822294
12 876 0 18.592041
12 876 3 22.567991
12 919 0 18.264076
12 919 3 22.533079
12 964 0 18.104066
12 964 3 22.546740
12 1012 0 18.455217
12 1012 3 23.109583
12 1062 0 18.654918
12 1062 3 23.672512
12 1115 0 17.527890
12 1115 3 22.631500
12 1170 0 18.046247
12 1170 3 23.357085
12 1228 0 18.294331
12 1228 3 23.010783
12 1289 0 17.658312
12 1289 3 22.800951
12 1353 0 17.954859
12 1353 3 23.054916
12 1420 0 19.902677
12 1420 3 24.446986
12 1491 0 21.555701
12 1491 3 24.735565
12 1565 0 21.831296
12 1565 3 28.511985
12 1643 0 22.349791
12 1643 3 33.130630
12 1725 0 23.811275
12 1725 3 32.393901
12 1811 0 24.963162
12 1811 3 32.955121
12 1901 0 27.056831
12 1901 3 46.713712
12 1996 0 28.582511
12 1996 3 46.505535
13 1 3 290.901195
13 2 3 153.769724
13 3 3 107.605367
13 4 3 87.123024
13 5 0 73.351442
13 5 3 77.034524
13 6 0 69.647115
13 6 3 66.600693
13 7 0 67.241039
13 7 3 60.577773
13 8 0 61.206164
13 8 3 54.198994
13 9 0 57.894345
13 9 3 50.330017
13 10 0 59.125639
13 10 3 49.940036
13 11 0 52.619110
13 11 3 44.998034
13 12 0 50.409853
13 12 3 42.836676
13 13 0 49.301091
13 13 3 41.413405
13 14 0 50.675285
13 14 3 42.151110
13 15 0 50.126058
13 15 3 40.369471
13 16 0 43.864364
13 16 3 39.725610
13 17 0 44.420159
13 17 3 37.679744
13 18 0 42.793467
13 18 3 34.238702
13 19 0 42.297933
13 19 3 35.514439
13 20 0 41.932551
13 20 3 35.162316
13 21 0 44.188372
13 21 3 35.885326
13 22 0 42.845338
13 22 3 34.498734
13 23 0 40.090011
13 23 3 33.129733
13 24 0 39.392038
13 24 3 33.040403
13 25 0 41.542661
13 25 3 32.907049
13 26 0 39.859805
13 26 3 31.559997
13 27 0 38.185079
13 27 3 30.849342
13 28 0 37.800174
13 28 3 30.957337
13 29 0 40.090070
13 29 3 31.565595
13 30 0 39.567744
13 30 3 31.275949
13 31 0 40.326907
13 31 3 31.563242
13 32 0 36.250094
13 32 3 29.518315
13 33 0 38.964400
13 33 3 30.304416
13 34 0 38.572078
13 34 3 30.313858
13 35 0 36.151111
13 35 3 29.356432
13 36 0 38.223746
13 36 3 29.910810
13 37 0 38.751015
13 37 3 30.027470
13 38 0 35.463173
13 38 3 28.445173
13 39 0 35.856856
13 39 3 28.402791
13 40 0 36.564374
13 40 3 29.204850
13 42 0 36.525985
13 42 3 28.492967
13 44 0 34.136881
13 44 3 27.503632
13 46 0 35.978599
13 46 3 28.100261
13 48 0 35.305318
13 48 3 28.239125
13 50 0 33.279256
13 50 3 26.584055
13 52 0 33.246097
13 52 3 27.001964
13 54 0 32.456998
13 54 3 26.427846
13 56 0 34.537488
13 56 3 27.203472
13 58 0 32.266052
13 58 3 26.254518
13 60 0 32.129908
13 60 3 26.165621
13 63 0 33.873674
13 63 3 26.711471
13 66 0 35.733090
13 66 3 26.737842
13 69 0 33.767271
13 69 3 26.832431
13 72 0 32.767274
13 72 3 26.337525
13 75 0 30.620433
13 75 3 25.022802
13 78 0 32.275519
13 78 3 26.280958
13 81 0 32.073117
13 81 3 25.862378
13 85 0 32.284754
13 85 3 26.005244
13 89 0 29.326801
13 89 3 24.341851
13 93 0 29.551021
13 93 3 24.481737
13 97 0 28.684763
13 97 3 24.003309
13 101 0 29.328387
13 101 3 24.208104
13 106 0 28.484262
13 106 3 23.923786
13 111 0 28.062058
13 111 3 23.687492
13 116 0 28.269109
13 116 3 23.671417
13 121 0 28.502742
13 121 3 24.046769
13 127 0 29.762462
13 127 3 25.125690
13 133 0 28.927752
13 133 3 24.297765
13 139 0 26.928842
13 139 3 23.409129
13 145 0 27.340710
13 145 3 23.267777
13 152 0 26.631054
13 152 3 23.516343
13 159 0 26.762439
13 159 3 23.244383
13 166 0 26.099253
13 166 3 23.039628
13 174 0 27.449757
13 174 3 23.781249
13 182 0 27.578678
13 182 3 24.139660
13 191 0 25.570433
13 191 3 22.862201
13 200 0 26.315974
13 200 3 23.255711
13 210 0 26.158612
13 210 3 23.265075
13 220 0 26.338320
13 220 3 23.532779
13 231 0 25.612075
13 231 3 23.318246
13 242 0 25.701279
13 242 3 23.352755
13 254 0 25.082919
13 254 3 23.332742
13 266 0 25.090566
13 266 3 23.205356
13 279 0 24.726056
13 279 3 23.336615
13 292 0 24.781590
13 292 3 23.731648
13 306 0 24.427278
13 306 3 23.333223
13 321 0 23.137306
13 321 3 22.523181
13 337 0 23.690155
13 337 3 23.298694
13 353 0 23.123191
13 353 3 22.463534
13 370 0 23.407003
13 370 3 23.069043
13 388 0 22.719704
13 388 3 22.984288
13 407 0 21.964101
13 407 3 22.572083
13 427 0 23.037202
13 427 3 22.666224
13 448 0 21.610765
13 448 3 22.560426
13 470 0 22.031200
13 470 3 23.254338
13 493 0 20.897729
13 493 3 22.441612
13 517 0 21.032584
13 517 3 22.565869
13 542 0 21.683061
13 542 3 23.547884
13 569 0 20.551060
13 569 3 22.944006
13 597 0 20.502691
13 597 3 22.964015
13 626 0 19.808460
13 626 3 22.524840
13 657 0 19.868220
13 657 3 22.921739
13 689 0 19.713925
13 689 3 23.070227
13 723 0 19.741174
13 723 3 23.012360
13 759 0 19.953491
13 759 3 23.107446
13 796 0 19.878485
13 796 3 23.287327
13 835 0 19.388985
13 835 3 23.226646
13 876 0 19.225234
13 876 3 22.879181
13 919 0 19.162792
13 919 3 22.948316
13 964 0 19.389690
13 964 3 22.945259
13 1012 0 21.308136
13 1012 3 23.213979
13 1062 0 22.164911
13 1062 3 23.783899
13 1115 0 21.268915
13 1115 3 23.115618
13 1170 0 24.988191
13 1170 3 24.807285
13 1228 0 27.709267
13 1228 3 32.879411
13 1289 0 29.065976
13 1289 3 28.542785
13 1353 0 31.810387
13 1353 3 32.744920
13 1420 0 33.715795
13 1420 3 37.974175
13 1491 0 36.313069
13 1491 3 46.702129
13 1565 0 37.005360
13 1565 3 47.682175
13 1643 0 39.287572
13 1643 3 47.667850
13 1725 0 42.354907
13 1725 3 51.590422
13 1811 0 43.657878
13 1811 3 61.441939
13 1901 0 45.712552
13 1901 3 70.485899
13 1996 0 46.643738
13 1996 3 71.685075
14 1 3 149.950215
14 2 3 86.739081
14 3 3 66.415144
14 4 3 57.475827
14 5 0 61.831542
14 5 3 49.518634
14 6 0 60.294730
14 6 3 44.263015
14 7 0 58.901917
14 7 3 41.447112
14 8 0 54.846987
14 8 3 37.778868
14 9 0 52.759354
14 9 3 35.564628
14 10 0 53.902621
14 10 3 36.311718
14 11 0 48.203698
14 11 3 33.012317
14 12 0 46.772399
14 12 3 32.211070
14 13 0 45.694577
14 13 3 32.186650
14 14 0 47.178488
14 14 3 32.393107
14 15 0 46.604572
14 15 3 31.666294
14 16 0 41.306154
14 16 3 30.774055
14 17 0 41.966482
14 17 3 29.684598
14 18 0 41.769630
14 18 3 27.919514
14 19 0 40.092967
14 19 3 28.376988
14 20 0 40.080163
14 20 3 28.613765
14 21 0 42.157300
14 21 3 28.930592
14 22 0 40.928592
14 22 3 28.270163
14 23 0 37.896584
14 23 3 27.173249
14 24 0 37.459502
14 24 3 27.118857
14 25 0 40.055002
14 25 3 27.527642
14 26 0 36.896809
14 26 3 27.117512
14 27 0 36.432685
14 27 3 26.259524
14 28 0 36.167667
14 28 3 26.234642
14 29 0 38.855294
14 29 3 26.908916
14 30 0 38.061984
14 30 3 26.830376
14 31 0 38.502946
14 31 3 27.056152
14 32 0 34.437725
14 32 3 25.493824
14 33 0 37.201694
14 33 3 26.371428
14 34 0 37.331218
14 34 3 26.363848
14 35 0 34.938098
14 35 3 25.361324
14 36 0 36.654485
14 36 3 26.346012
14 37 0 37.201319
14 37 3 26.395276
14 38 0 34.652091
14 38 3 25.055834
14 39 0 34.090155
14 39 3 25.099469
14 40 0 35.541937
14 40 3 25.941937
14 42 0 35.498471
14 42 3 25.876862
14 44 0 32.940260
14 44 3 24.566995
14 46 0 34.639096
14 46 3 25.375455
14 48 0 34.206573
14 48 3 25.464820
14 50 0 32.177090
14 50 3 24.154842
14 52 0 33.181275
14 52 3 24.271480
14 54 0 32.297767
14 54 3 23.844140
14 56 0 34.910505
14 56 3 25.010970
14 58 0 32.086459
14 58 3 23.979014
14 60 0 31.528817
14 60 3 23.953239
14 63 0 33.790126
14 63 3 24.642875
14 66 0 33.459250
14 66 3 24.740211
14 69 0 33.649172
14 69 3 24.824005
14 72 0 32.433457
14 72 3 24.577573
14 75 0 31.059605
14 75 3 23.344014
14 78 0 32.828236
14 78 3 24.344099
14 81 0 31.816818
14 81 3 24.549586
14 85 0 32.112535
14 85 3 24.319101
14 89 0 29.502562
14 89 3 22.333717
14 93 0 29.848019
14 93 3 23.338620
14 97 0 29.272789
14 97 3 22.637442
14 101 0 29.070753
14 101 3 22.698215
14 106 0 28.465604
14 106 3 22.308568
14 111 0 28.444794
14 111 3 22.308870
14 116 0 28.343957
14 116 3 22.439567
14 121 0 28.401925
14 121 3 22.575888
14 127 0 29.635381
14 127 3 23.667239
14 133 0 28.838557
14 133 3 23.161861
14 139 0 27.441112
14 139 3 22.679076
14 145 0 27.414466
14 145 3 22.636387
14 152 0 26.638725
14 152 3 22.601292
14 159 0 26.751728
14 159 3 22.572153
14 166 0 26.995114
14 166 3 22.345318
14 174 0 27.433060
14 174 3 23.091302
14 182 0 27.766531
14 182 3 23.618795
14 191 0 26.787230
14 191 3 22.619048
14 200 0 26.547998
14 200 3 23.153711
14 210 0 26.418383
14 210 3 23.334296
14 220 0 26.805684
14 220 3 23.780239
14 231 0 25.963663
14 231 3 23.149207
14 242 0 26.162292
14 242 3 23.584771
14 254 0 25.541707
14 254 3 23.260472
14 266 0 25.444741
14 266 3 23.839160
14 279 0 24.995614
14 279 3 23.331818
14 292 0 25.077298
14 292 3 23.901404
14 306 0 24.655680
14 306 3 23.382092
14 321 0 23.453894
14 321 3 22.696004
14 337 0 23.948377
14 337 3 23.482286
14 353 0 22.891053
14 353 3 22.883396
14 370 0 23.607250
14 370 3 23.201886
14 388 0 23.079236
14 388 3 23.223695
14 407 0 22.491231
14 407 3 22.696334
14 427 0 22.292429
14 427 3 22.844203
14 448 0 22.105192
14 448 3 23.942694
14 470 0 22.305698
14 470 3 23.397131
14 493 0 21.570576
14 493 3 22.587381
14 517 0 21.905012
14 517 3 22.774394
14 542 0 22.418616
14 542 3 23.690465
14 569 0 22.182765
14 569 3 23.533083
14 597 0 22.429628
14 597 3 23.236807
14 626 0 21.753189
14 626 3 22.929089
14 657 0 22.811824
14 657 3 22.857011
14 689 0 24.499163
14 689 3 22.888705
14 723 0 27.401238
14 723 3 23.198425
14 759 0 30.329741
14 759 3 24.886871
14 796 0 32.476316
14 796 3 24.574667
14 835 0 30.689515
14 835 3 24.547882
14 876 0 35.798950
14 876 3 25.801758
14 919 0 36.680771
14 919 3 27.383141
14 964 0 41.566806
14 964 3 30.267257
14 1012 0 43.323913
14 1012 3 37.518273
15 1 3 86.104394
15 2 3 55.096578
15 3 3 50.895686
15 4 3 40.380893
15 5 0 59.243854
15 5 3 35.251045
15 6 0 58.712541
15 6 3 33.393500
15 7 0 57.915179
15 7 3 32.122524
15 8 0 53.693139
15 8 3 29.229645
15 9 0 51.316881
15 9 3 28.387570
15 10 0 53.812082
15 10 3 29.525119
15 11 0 47.113285
15 11 3 27.087665
15 12 0 45.438086
15 12 3 26.794368
15 13 0 44.472072
15 13 3 26.885178
15 14 0 45.918215
15 14 3 27.193278
15 15 0 45.381586
15 15 3 26.970579
15 16 0 39.974738
15 16 3 26.114637
15 17 0 40.711889
15 17 3 25.557162
15 18 0 40.088126
15 18 3 25.034540
15 19 0 39.042208
15 19 3 24.823434
15 20 0 38.896130
15 20 3 25.003613
15 21 0 41.412333
15 21 3 26.097018
15 22 0 39.994961
15 22 3 25.176989
15 23 0 37.244472
15 23 3 24.378865
15 24 0 37.232807
15 24 3 24.510888
15 25 0 39.204838
15 25 3 25.207668
15 26 0 36.780326
15 26 3 24.271492
15 27 0 36.016380
15 27 3 23.925885
15 28 0 36.267007
15 28 3 23.904750
15 29 0 38.402446
15 29 3 24.593070
15 30 0 37.785827
15 30 3 24.582187
15 31 0 38.666228
15 31 3 25.109279
15 32 0 34.353027
15 32 3 23.739090
15 33 0 37.299614
15 33 3 24.440477
15 34 0 37.161038
15 34 3 24.425799
15 35 0 34.432687
15 35 3 23.543818
15 36 0 36.482673
15 36 3 24.400988
15 37 0 37.073544
15 37 3 24.600160
15 38 0 34.313863
15 38 3 23.478910
15 39 0 34.127629
15 39 3 23.537497
15 40 0 35.606227
15 40 3 24.248103
15 42 0 35.672725
15 42 3 24.506088
15 44 0 33.210554
15 44 3 23.235678
15 46 0 35.728106
15 46 3 24.014517
15 48 0 34.312446
15 48 3 23.978138
15 50 0 32.808597
15 50 3 22.617434
15 52 0 33.755137
15 52 3 22.664045
15 54 0 32.016727
15 54 3 22.537213
15 56 0 34.235328
15 56 3 23.672263
15 58 0 32.215256
15 58 3 22.556635
15 60 0 32.336343
15 60 3 23.314206
15 63 0 34.261320
15 63 3 23.461890
15 66 0 34.357915
15 66 3 23.976795
15 69 0 34.528023
15 69 3 23.977644
15 72 0 33.854850
15 72 3 23.727475
15 75 0 31.357307
15 75 3 22.518277
15 78 0 32.582530
15 78 3 23.733980
15 81 0 32.175871
15 81 3 23.363741
15 85 0 32.221097
15 85 3 23.939722
15 89 0 29.823678
15 89 3 22.275166
15 93 0 30.099126
15 93 3 22.553584
15 97 0 29.313264
15 97 3 22.469339
15 101 0 29.413238
15 101 3 22.596554
15 106 0 28.854980
15 106 3 22.410018
15 111 0 29.179820
15 111 3 22.666377
15 116 0 29.125925
15 116 3 22.583590
15 121 0 28.830125
15 121 3 22.789935
15 127 0 30.086691
15 127 3 23.538431
15 133 0 29.087301
15 133 3 23.053656
15 139 0 28.662021
15 139 3 23.360766
15 145 0 28.350127
15 145 3 22.785968
15 152 0 27.568346
15 152 3 23.078296
15 159 0 27.173517
15 159 3 22.834181
15 166 0 26.934425
15 166 3 22.703950
15 174 0 27.954562
15 174 3 23.383512
15 182 0 28.110094
15 182 3 23.794294
15 191 0 26.305004
15 191 3 22.895825
15 200 0 27.126934
15 200 3 23.126507
15 210 0 27.952759
15 210 3 23.442821
15 220 0 27.878207
15 220 3 23.735850
15 231 0 26.621517
15 231 3 23.379797
15 242 0 26.609197
15 242 3 24.226700
15 254 0 25.898486
15 254 3 23.399062
15 266 0 25.661469
15 266 3 23.657251
15 279 0 25.489194
15 279 3 23.534470
15 292 0 25.797230
15 292 3 24.006346
15 306 0 25.056815
15 306 3 23.413839
15 321 0 24.391405
15 321 3 22.902127
15 337 0 25.021496
15 337 3 23.502558
15 353 0 24.627903
15 353 3 23.060494
15 370 0 27.579532
15 370 3 23.489820
15 388 0 27.783431
15 388 3 23.315634
15 407 0 28.027136
15 407 3 22.967885
15 427 0 29.143323
15 427 3 23.299734
15 448 0 30.453366
15 448 3 23.271751
15 470 0 37.393885
15 470 3 23.535407
15 493 0 34.000598
15 493 3 23.147318
16 1 3 51.696646
16 2 3 37.853530
16 3 3 34.127934
16 4 3 30.892282
16 5 0 58.076431
16 5 3 28.939139
16 6 0 57.985871
16 6 3 27.974800
16 7 0 57.018322
16 7 3 27.163379
16 8 0 53.017109
16 8 3 25.322545
16 9 0 51.131965
16 9 3 24.973872
16 10 0 52.902892
16 10 3 26.174243
16 11 0 46.818476
16 11 3 24.575999
16 12 0 44.982853
16 12 3 24.157976
16 13 0 44.529677
16 13 3 24.943124
16 14 0 45.947877
16 14 3 24.765622
16 15 0 45.860483
16 15 3 25.025288
16 16 0 40.124048
16 16 3 23.872989
16 17 0 41.310724
16 17 3 23.688258
16 18 0 40.425174
16 18 3 23.745671
16 19 0 39.423555
16 19 3 23.119103
16 20 0 39.249480
16 20 3 22.935436
16 21 0 41.742131
16 21 3 24.421818
16 22 0 40.449212
16 22 3 23.861274
16 23 0 37.754862
16 23 3 22.891949
16 24 0 37.502485
16 24 3 22.997707
16 25 0 39.671982
16 25 3 23.218573
16 26 0 37.182592
16 26 3 22.810109
16 27 0 36.338549
16 27 3 22.699960
16 28 0 36.283346
16 28 3 22.584488
16 29 0 38.330936
16 29 3 23.350469
16 30 0 38.206882
16 30 3 23.239593
16 31 0 38.783680
16 31 3 23.815994
16 32 0 34.779363
16 32 3 22.452544
16 33 0 37.424136
16 33 3 23.858730
16 34 0 37.250343
16 34 3 23.204702
16 35 0 34.989595
16 35 3 22.746798
16 36 0 37.171529
16 36 3 23.660597
16 37 0 37.514005
16 37 3 23.550392
16 38 0 34.748193
16 38 3 22.664235
16 39 0 35.360629
16 39 3 25.308065
16 40 0 36.089943
16 40 3 23.541215
16 42 0 36.229696
16 42 3 23.737921
16 44 0 33.702826
16 44 3 22.628625
16 46 0 35.499467
16 46 3 23.580953
16 48 0 35.208752
16 48 3 23.896879
16 50 0 33.769225
16 50 3 22.532321
16 52 0 33.295331
16 52 3 22.763257
16 54 0 32.914403
16 54 3 22.378754
16 56 0 35.699242
16 56 3 23.443050
16 58 0 33.602102
16 58 3 22.777638
16 60 0 32.749942
16 60 3 22.795957
16 63 0 34.055028
16 63 3 23.910144
16 66 0 34.036466
16 66 3 23.800103
16 69 0 34.175618
16 69 3 24.186022
16 72 0 33.038829
16 72 3 23.723288
16 75 0 31.406109
16 75 3 22.717468
16 78 0 32.724471
16 78 3 23.915955
16 81 0 32.128040
16 81 3 23.462972
16 85 0 32.427991
16 85 3 23.942953
16 89 0 30.728941
16 89 3 22.891978
16 93 0 30.897285
16 93 3 23.081246
16 97 0 30.068361
16 97 3 22.680189
16 101 0 30.575115
16 101 3 22.812909
16 106 0 29.794766
16 106 3 22.818146
16 111 0 29.313795
16 111 3 22.725436
16 116 0 29.287723
16 116 3 22.835006
16 121 0 29.493107
16 121 3 23.150973
16 127 0 30.637898
16 127 3 23.854243
16 133 0 30.125382
16 133 3 23.548201
16 139 0 28.690421
16 139 3 22.939324
16 145 0 28.500575
16 145 3 23.221705
16 152 0 28.177403
16 152 3 23.258829
16 159 0 28.118948
16 159 3 23.045259
16 166 0 27.785518
16 166 3 22.828575
16 174 0 29.030673
16 174 3 23.539661
16 182 0 28.908221
16 182 3 24.048248
16 191 0 26.944574
16 191 3 22.941448
16 200 0 27.319905
16 200 3 23.536678
16 210 0 27.949486
16 210 3 23.422014
16 220 0 27.504801
16 220 3 24.096866
16 231 0 26.710340
16 231 3 23.381740
16 242 0 26.773746
16 242 3 23.811503
16 254 0 26.360532
16 254 3 23.200816
17 1 3 33.958293
17 2 3 30.308774
17 3 3 28.788764
17 4 3 27.248528
17 5 0 58.618516
17 5 3 25.703563
17 6 0 57.999886
17 6 3 25.279338
17 7 0 57.306281
17 7 3 24.889555
17 8 0 53.730103
17 8 3 23.455234
17 9 0 51.775274
17 9 3 23.254705
17 10 0 53.725756
17 10 3 24.521167
17 11 0 47.630656
17 11 3 22.822068
17 12 0 46.131669
17 12 3 22.430222
17 13 0 45.320823
17 13 3 22.702724
17 14 0 46.781524
17 14 3 23.387849
17 15 0 46.412416
17 15 3 23.998119
17 16 0 41.194137
17 16 3 22.514012
17 17 0 42.057869
17 17 3 22.643671
17 18 0 40.899966
17 18 3 22.776832
17 19 0 40.173368
17 19 3 22.337599
17 20 0 39.967159
17 20 3 22.502701
17 21 0 42.345941
17 21 3 23.905325
17 22 0 41.079966
17 22 3 23.247678
17 23 0 38.432883
17 23 3 22.665503
17 24 0 37.906906
17 24 3 22.951211
17 25 0 40.439192
17 25 3 23.804141
17 26 0 37.792596
17 26 3 22.744533
17 27 0 37.301015
17 27 3 22.519518
17 28 0 37.209489
17 28 3 22.783566
17 29 0 39.010383
17 29 3 23.577194
17 30 0 38.472722
17 30 3 23.212207
17 31 0 39.166008
17 31 3 24.132514
17 32 0 35.467127
17 32 3 22.849484
17 33 0 38.186322
17 33 3 23.368093
17 34 0 37.956015
17 34 3 23.548234
17 35 0 35.662296
17 35 3 22.819539
17 36 0 37.815012
17 36 3 23.662404
17 37 0 38.456362
17 37 3 23.927083
17 38 0 35.651741
17 38 3 22.961259
17 39 0 36.164102
17 39 3 22.901710
17 40 0 36.784034
17 40 3 23.874902
17 42 0 37.102541
17 42 3 24.124590
17 44 0 34.492058
17 44 3 22.930919
17 46 0 36.432292
17 46 3 23.650107
17 48 0 35.684865
17 48 3 23.984274
17 50 0 34.081400
17 50 3 22.872636
17 52 0 34.266744
17 52 3 23.001411
17 54 0 32.925108
17 54 3 22.685647
17 56 0 34.489267
17 56 3 33.224950
17 58 0 33.330027
17 58 3 22.879401
17 60 0 33.234385
17 60 3 23.015544
17 63 0 33.968431
17 63 3 23.532205
17 66 0 33.888838
17 66 3 23.665423
17 69 0 34.066859
17 69 3 24.034064
17 72 0 33.381315
17 72 3 23.561174
17 75 0 32.328684
17 75 3 23.082810
17 78 0 33.578501
17 78 3 23.681794
17 81 0 33.749854
17 81 3 24.368868
17 85 0 33.858816
17 85 3 23.772357
17 89 0 31.361046
17 89 3 22.924755
17 93 0 31.330083
17 93 3 23.266106
17 97 0 30.812709
17 97 3 22.850036
17 101 0 30.942185
17 101 3 23.166678
17 106 0 30.189773
17 106 3 22.796820
17 111 0 30.143879
17 111 3 22.853864
17 116 0 30.006638
17 116 3 23.016034
17 121 0 30.067303
17 121 3 23.397872
17 127 0 31.124067
17 127 3 23.818255
18 1 3 27.769462
18 2 3 25.701615
18 3 3 25.534901
18 4 3 25.288488
18 5 0 59.863699
18 5 3 24.060950
18 6 0 59.483788
18 6 3 23.762205
18 7 0 58.412980
18 7 3 23.320800
18 8 0 55.189275
18 8 3 22.349760
18 9 0 52.962652
18 9 3 22.644391
18 10 0 54.799488
18 10 3 23.954691
18 11 0 48.778889
18 11 3 22.328085
18 12 0 47.194294
18 12 3 22.478857
18 13 0 46.555155
18 13 3 22.645825
18 14 0 47.675320
18 14 3 23.371188
18 15 0 47.295264
18 15 3 23.938695
18 16 0 42.226214
18 16 3 22.879149
18 17 0 43.790866
18 17 3 23.127332
18 18 0 42.146314
18 18 3 22.721875
18 19 0 42.465027
18 19 3 22.847696
18 20 0 41.492441
18 20 3 23.023946
18 21 0 43.708787
18 21 3 23.871922
18 22 0 42.602965
18 22 3 23.343445
18 23 0 41.184514
18 23 3 23.774796
18 24 0 39.509614
18 24 3 23.296552
18 25 0 41.793591
18 25 3 23.401119
18 26 0 39.492292
18 26 3 22.872279
18 27 0 38.753296
18 27 3 22.967311
18 28 0 38.567381
18 28 3 23.114340
18 29 0 41.842620
18 29 3 23.564984
18 30 0 40.917386
18 30 3 23.623700
18 31 0 40.967603
18 31 3 24.162757
18 32 0 36.793485
18 32 3 22.848261
18 33 0 40.995986
18 33 3 23.733836
18 34 0 41.502372
18 34 3 23.683125
18 35 0 37.260157
18 35 3 22.924326
18 36 0 41.842216
18 36 3 24.041681
18 37 0 42.555019
18 37 3 24.250275
18 38 0 38.557471
18 38 3 23.034040
18 39 0 38.405503
18 39 3 23.156086
18 40 0 40.542129
18 40 3 24.033301
18 42 0 40.644367
18 42 3 24.278185
18 44 0 36.005213
18 44 3 23.053332
18 46 0 40.095456
18 46 3 23.955597
18 48 0 38.766667
18 48 3 24.377765
18 50 0 35.426804
18 50 3 23.065237
18 52 0 34.858834
18 52 3 23.263188
18 54 0 34.436065
18 54 3 23.106173
18 56 0 35.543005
18 56 3 28.873660
18 58 0 34.456588
18 58 3 23.274105
18 60 0 34.573925
18 60 3 23.245149
18 63 0 35.117551
18 63 3 23.106576
19 1 3 23.324745
19 2 3 23.779021
19 3 3 24.144889
19 4 3 24.075834
19 5 0 63.936688
19 5 3 23.815504
19 6 0 61.971517
19 6 3 23.628313
19 7 0 60.588962
19 7 3 23.545065
19 8 0 56.827428
19 8 3 22.498784
19 9 0 54.683784
19 9 3 22.620462
19 10 0 56.805992
19 10 3 24.346093
19 11 0 51.044582
19 11 3 22.617511
19 12 0 49.595949
19 12 3 22.828226
19 13 0 49.520883
19 13 3 22.837357
19 14 0 50.087033
19 14 3 23.864573
19 15 0 50.937095
19 15 3 24.289878
19 16 0 44.725223
19 16 3 23.092743
19 17 0 46.572454
19 17 3 23.170792
19 18 0 45.171006
19 18 3 23.434010
19 19 0 43.945910
19 19 3 22.944746
19 20 0 44.122328
19 20 3 23.460407
19 21 0 48.125260
19 21 3 24.751153
19 22 0 46.620396
19 22 3 23.816018
19 23 0 43.597142
19 23 3 23.291293
19 24 0 42.999110
19 24 3 23.561864
19 25 0 45.385882
19 25 3 24.176893
19 26 0 41.418347
19 26 3 23.151940
19 27 0 41.441581
19 27 3 22.879597
19 28 0 41.079074
19 28 3 23.130446
19 29 0 43.968243
19 29 3 23.699564
19 30 0 43.497000
19 30 3 23.730586
19 31 0 44.235813
19 31 3 24.797644
20 1 3 21.592104
20 2 3 22.484992
20 3 3 23.751395
20 4 3 24.212262
20 5 0 62.693415
20 5 3 23.950270
20 6 0 63.177203
20 6 3 24.133839
20 7 0 63.875388
20 7 3 24.007483
20 8 0 60.444460
20 8 3 22.867779
20 9 0 57.963798
20 9 3 23.278661
20 10 0 61.013034
20 10 3 24.318019
20 11 0 54.246466
20 11 3 22.942077
20 12 0 52.791613
20 12 3 23.185255
20 13 0 51.807944
20 13 3 22.981870
20 14 0 53.894395
20 14 3 24.107927
20 15 0 53.633775
20 15 3 24.580238
