4 1 3 22.265065
4 2 3 14.548188
4 3 3 13.405117
4 4 3 13.347680
4 5 0 76.837496
4 5 3 12.733485
4 6 0 63.145044
4 6 3 13.060901
4 7 0 63.251363
4 7 3 13.212952
4 8 0 47.796757
4 8 3 12.179515
4 9 0 53.000821
4 9 3 11.502255
4 10 0 42.130111
4 10 3 12.132872
4 11 0 44.174711
4 11 3 10.747390
4 12 0 36.863382
4 12 3 12.406515
4 13 0 39.064946
4 13 3 11.895551
4 14 0 33.268543
4 14 3 11.712100
4 15 0 32.452657
4 15 3 11.226435
4 16 0 30.897565
4 16 3 12.162220
4 17 0 39.425965
4 17 3 12.037201
4 18 0 45.191191
4 18 3 10.837833
4 19 0 40.837349
4 19 3 12.077500
4 20 0 36.488447
4 20 3 11.264460
4 21 0 34.428949
4 21 3 11.433755
4 22 0 30.156427
4 22 3 9.546929
4 23 0 30.307354
4 23 3 11.419831
4 24 0 29.360638
4 24 3 9.348160
4 25 0 28.495347
4 25 3 11.236011
4 26 0 30.175862
4 26 3 11.860786
4 27 0 27.193110
4 27 3 9.722949
4 28 0 26.423823
4 28 3 10.877019
4 29 0 24.690974
4 29 3 11.691717
4 30 0 23.068796
4 30 3 10.493887
4 31 0 25.435550
4 31 3 14.315662
4 32 0 22.688339
4 32 3 10.374063
4 33 0 22.392103
4 33 3 12.057519
4 34 0 20.288416
4 34 3 9.907525
4 35 0 20.423621
4 35 3 9.526783
4 36 0 22.447163
4 36 3 10.882958
4 37 0 22.081561
4 37 3 10.550185
4 38 0 21.434099
4 38 3 12.643792
4 39 0 20.450637
4 39 3 11.462832
4 40 0 21.074719
4 40 3 11.406734
4 42 0 18.361368
4 42 3 9.288165
4 44 0 18.740170
4 44 3 9.273439
4 46 0 17.675075
4 46 3 9.371021
4 48 0 19.595807
4 48 3 9.549937
4 50 0 18.550731
4 50 3 10.511256
4 52 0 17.609502
4 52 3 10.923370
4 54 0 18.204441
4 54 3 10.609016
4 56 0 16.261716
4 56 3 9.877699
4 58 0 16.055736
4 58 3 9.701930
4 60 0 17.774048
4 60 3 9.885847
4 63 0 16.889558
4 63 3 8.997139
4 66 0 18.193786
4 66 3 8.682850
4 69 0 18.592496
4 69 3 9.883060
4 72 0 15.356644
4 72 3 8.673527
4 75 0 15.753298
4 75 3 9.016652
4 78 0 17.827000
4 78 3 8.376515
4 81 0 15.568904
4 81 3 8.494473
4 85 0 18.044347
4 85 3 8.561176
4 89 0 17.068124
4 89 3 8.429543
4 93 0 14.077662
4 93 3 9.044577
4 97 0 14.786635
4 97 3 8.201987
4 101 0 14.444031
4 101 3 7.746007
4 106 0 13.712611
4 106 3 7.783793
4 111 0 13.412994
4 111 3 7.310938
4 116 0 13.417012
4 116 3 8.401907
4 121 0 13.542570
4 121 3 7.668419
4 127 0 14.412610
4 127 3 8.306346
4 133 0 12.078443
4 133 3 7.500076
4 139 0 12.831640
4 139 3 7.506941
4 145 0 12.717570
4 145 3 7.436356
4 152 0 13.755220
4 152 3 7.916476
4 159 0 12.734185
4 159 3 7.045016
4 166 0 13.108915
4 166 3 7.084574
4 174 0 13.018931
4 174 3 7.524513
4 182 0 13.422783
4 182 3 7.654407
4 191 0 13.645157
4 191 3 7.700200
4 200 0 12.509767
4 200 3 6.920431
4 210 0 11.835858
4 210 3 7.548096
4 220 0 11.944573
4 220 3 7.514179
4 231 0 10.860825
4 231 3 7.023108
4 242 0 13.083394
4 242 3 6.685449
4 254 0 12.381718
4 254 3 7.436190
4 266 0 12.201274
4 266 3 7.012002
4 279 0 12.051096
4 279 3 7.735594
4 292 0 11.205356
4 292 3 7.248264
4 306 0 11.857324
4 306 3 7.816165
4 321 0 12.010199
4 321 3 7.464477
4 337 0 11.427643
4 337 3 6.899749
4 353 0 12.007949
4 353 3 7.149358
4 370 0 11.580610
4 370 3 7.069069
4 388 0 11.322969
4 388 3 7.166214
4 407 0 12.764355
4 407 3 8.327586
4 427 0 11.875587
4 427 3 7.359476
4 448 0 11.111170
4 448 3 7.189657
4 470 0 12.083369
4 470 3 6.914436
4 493 0 10.832573
4 493 3 7.574653
4 517 0 11.580037
4 517 3 7.401553
4 542 0 12.190910
4 542 3 7.040435
4 569 0 11.869316
4 569 3 7.454439
4 597 0 10.840256
4 597 3 7.366370
4 626 0 10.617099
4 626 3 7.200458
4 657 0 10.679345
4 657 3 7.524893
4 689 0 11.022642
4 689 3 7.489336
4 723 0 11.743178
4 723 3 7.230664
4 759 0 11.911729
4 759 3 7.254715
4 796 0 11.277991
4 796 3 7.773295
4 835 0 11.509049
4 835 3 7.775308
4 876 0 10.775037
4 876 3 7.127378
4 919 0 10.529159
4 919 3 7.580881
4 964 0 10.252393
4 964 3 7.499110
4 1012 0 11.254456
4 1012 3 7.632093
4 1062 0 10.150226
4 1062 3 6.842571
4 1115 0 10.592282
4 1115 3 7.573410
4 1170 0 10.316872
4 1170 3 7.140365
4 1228 0 10.350549
4 1228 3 7.569025
4 1289 0 10.147635
4 1289 3 7.230903
4 1353 0 9.475767
4 1353 3 7.337513
4 1420 0 10.257735
4 1420 3 7.182399
4 1491 0 9.610521
4 1491 3 6.481298
4 1565 0 10.888455
4 1565 3 7.658775
4 1643 0 10.494490
4 1643 3 7.691101
4 1725 0 9.067841
4 1725 3 6.454019
4 1811 0 10.115809
4 1811 3 8.258620
4 1901 0 10.402419
4 1901 3 8.222619
4 1996 0 9.038631
4 1996 3 6.513077
5 1 3 15.338775
5 2 3 11.430142
5 3 3 10.976471
5 4 3 10.926653
5 5 0 70.432068
5 5 3 10.888527
5 6 0 58.213892
5 6 3 10.232471
5 7 0 54.078409
5 7 3 10.396220
5 8 0 43.455452
5 8 3 9.580319
5 9 0 46.381527
5 9 3 10.334392
5 10 0 35.504538
5 10 3 9.460522
5 11 0 36.368977
5 11 3 9.897138
5 12 0 28.899832
5 12 3 9.203162
5 13 0 33.382107
5 13 3 10.144506
5 14 0 26.951513
5 14 3 9.336878
5 15 0 26.195300
5 15 3 9.405882
5 16 0 23.105683
5 16 3 9.438973
5 17 0 23.133525
5 17 3 9.387245
5 18 0 25.608701
5 18 3 9.613151
5 19 0 23.197961
5 19 3 9.774668
5 20 0 22.351867
5 20 3 9.740639
5 21 0 20.409779
5 21 3 9.306133
5 22 0 18.780160
5 22 3 9.270735
5 23 0 18.539165
5 23 3 9.028708
5 24 0 17.963326
5 24 3 9.229035
5 25 0 17.699862
5 25 3 9.005509
5 26 0 18.815352
5 26 3 9.718872
5 27 0 17.164638
5 27 3 9.329260
5 28 0 17.393619
5 28 3 9.380146
5 29 0 16.455658
5 29 3 8.986584
5 30 0 16.227708
5 30 3 8.937901
5 31 0 17.802448
5 31 3 9.340156
5 32 0 15.848283
5 32 3 8.832072
5 33 0 16.372525
5 33 3 8.811583
5 34 0 15.454497
5 34 3 8.317051
5 35 0 15.363103
5 35 3 8.433035
5 36 0 16.167041
5 36 3 8.321585
5 37 0 17.113565
5 37 3 8.763252
5 38 0 16.144730
5 38 3 8.740633
5 39 0 15.853986
5 39 3 8.405047
5 40 0 16.092145
5 40 3 8.357039
5 42 0 15.169390
5 42 3 7.991519
5 44 0 14.119254
5 44 3 8.060807
5 46 0 14.392188
5 46 3 7.893990
5 48 0 14.703281
5 48 3 7.953608
5 50 0 16.499952
5 50 3 8.957553
5 52 0 15.886850
5 52 3 7.691737
5 54 0 14.772398
5 54 3 7.886913
5 56 0 15.393540
5 56 3 7.506864
5 58 0 14.837284
5 58 3 7.622228
5 60 0 16.204163
5 60 3 7.506130
5 63 0 15.091622
5 63 3 8.294954
5 66 0 17.071030
5 66 3 9.547957
5 69 0 13.031789
5 69 3 7.451430
5 72 0 13.606362
5 72 3 7.931902
5 75 0 13.740314
5 75 3 7.499300
5 78 0 14.322661
5 78 3 8.080461
5 81 0 14.732576
5 81 3 7.543671
5 85 0 12.524693
5 85 3 7.374690
5 89 0 11.686337
5 89 3 7.240533
5 93 0 12.330063
5 93 3 6.946379
5 97 0 12.385480
5 97 3 7.201607
5 101 0 12.749837
5 101 3 6.879790
5 106 0 12.071806
5 106 3 7.428020
5 111 0 12.729637
5 111 3 7.198219
5 116 0 11.853588
5 116 3 7.461919
5 121 0 10.988443
5 121 3 6.928231
5 127 0 11.364747
5 127 3 7.382474
5 133 0 11.090596
5 133 3 6.571754
5 139 0 11.776684
5 139 3 7.355765
5 145 0 10.409071
5 145 3 6.771431
5 152 0 11.570695
5 152 3 7.585687
5 159 0 10.902816
5 159 3 6.575165
5 166 0 10.864728
5 166 3 7.235174
5 174 0 10.936144
5 174 3 7.421677
5 182 0 11.267149
5 182 3 7.710072
5 191 0 10.745791
5 191 3 6.990374
5 200 0 11.418252
5 200 3 7.549359
5 210 0 10.872570
5 210 3 6.929133
5 220 0 10.612369
5 220 3 6.850404
5 231 0 10.841652
5 231 3 6.657471
5 242 0 10.219298
5 242 3 7.318410
5 254 0 12.418582
5 254 3 7.144231
5 266 0 11.055322
5 266 3 7.376892
5 279 0 11.537148
5 279 3 7.527509
5 292 0 11.307856
5 292 3 7.281215
5 306 0 9.559447
5 306 3 6.666253
5 321 0 10.574862
5 321 3 7.139131
5 337 0 11.046772
5 337 3 7.229872
5 353 0 11.379008
5 353 3 7.633905
5 370 0 11.328164
5 370 3 7.400811
5 388 0 10.600730
5 388 3 7.035658
5 407 0 10.941755
5 407 3 7.186158
5 427 0 11.510279
5 427 3 7.965179
5 448 0 10.603046
5 448 3 7.119472
5 470 0 11.283316
5 470 3 7.613808
5 493 0 11.556243
5 493 3 7.253362
5 517 0 10.674402
5 517 3 7.348175
5 542 0 11.355221
5 542 3 7.697448
5 569 0 10.797552
5 569 3 7.547579
5 597 0 10.733670
5 597 3 7.379105
5 626 0 11.327662
5 626 3 7.428021
5 657 0 10.526013
5 657 3 7.068555
5 689 0 10.693626
5 689 3 6.879233
5 723 0 9.700089
5 723 3 7.060458
5 759 0 11.181910
5 759 3 7.739674
5 796 0 11.218042
5 796 3 7.481742
5 835 0 11.926015
5 835 3 7.741745
5 876 0 10.330787
5 876 3 7.596095
5 919 0 10.535506
5 919 3 7.508744
5 964 0 9.916943
5 964 3 7.152999
5 1012 0 10.715749
5 1012 3 8.489341
5 1062 0 10.569931
5 1062 3 7.308028
5 1115 0 10.949669
5 1115 3 8.005931
5 1170 0 9.982713
5 1170 3 8.068932
5 1228 0 10.568839
5 1228 3 9.766011
5 1289 0 9.785082
5 1289 3 9.250239
5 1353 0 9.946812
5 1353 3 8.875870
5 1420 0 10.158985
5 1420 3 10.812396
5 1491 0 9.861861
5 1491 3 9.607853
5 1565 0 10.131333
5 1565 3 12.426008
5 1643 0 10.508027
5 1643 3 12.474298
5 1725 0 9.274721
5 1725 3 8.920517
5 1811 0 10.341932
5 1811 3 11.843543
5 1901 0 10.317138
5 1901 3 10.531468
5 1996 0 9.332855
5 1996 3 9.027672
6 1 3 14.443821
6 2 3 10.830806
6 3 3 10.278629
6 4 3 9.735718
6 5 0 36.629037
6 5 3 9.641462
6 6 0 32.440285
6 6 3 9.434566
6 7 0 31.446967
6 7 3 9.841418
6 8 0 25.306400
6 8 3 9.259256
6 9 0 26.126211
6 9 3 9.459837
6 10 0 21.657181
6 10 3 9.263445
6 11 0 22.204897
6 11 3 9.545573
6 12 0 18.461770
6 12 3 9.187717
6 13 0 20.218079
6 13 3 9.839350
6 14 0 17.638902
6 14 3 9.153602
6 15 0 17.406551
6 15 3 8.842489
6 16 0 16.403948
6 16 3 8.589236
6 17 0 17.383513
6 17 3 8.651625
6 18 0 18.630297
6 18 3 8.616253
6 19 0 17.943566
6 19 3 8.547943
6 20 0 17.462574
6 20 3 8.230169
6 21 0 16.348147
6 21 3 8.042005
6 22 0 15.316764
6 22 3 7.798208
6 23 0 15.263275
6 23 3 7.681010
6 24 0 14.585274
6 24 3 7.535378
6 25 0 14.304236
6 25 3 7.404841
6 26 0 14.410718
6 26 3 7.736723
6 27 0 14.272354
6 27 3 7.545708
6 28 0 13.939700
6 28 3 7.419696
6 29 0 12.884029
6 29 3 7.222594
6 30 0 12.866397
6 30 3 7.128646
6 31 0 13.212404
6 31 3 7.476933
6 32 0 12.840138
6 32 3 7.170254
6 33 0 13.753859
6 33 3 7.139077
6 34 0 13.046432
6 34 3 6.908276
6 35 0 13.099208
6 35 3 6.775105
6 36 0 13.606084
6 36 3 6.947611
6 37 0 13.554384
6 37 3 7.505582
6 38 0 13.030063
6 38 3 7.267245
6 39 0 12.935919
6 39 3 7.080581
6 40 0 12.369456
6 40 3 7.111075
6 42 0 12.807862
6 42 3 6.922566
6 44 0 12.288642
6 44 3 6.872014
6 46 0 12.022140
6 46 3 6.822600
6 48 0 11.735663
6 48 3 6.780042
6 50 0 13.885850
6 50 3 6.865647
6 52 0 13.260090
6 52 3 7.399244
6 54 0 14.494366
6 54 3 8.017205
6 56 0 12.488286
6 56 3 7.455382
6 58 0 12.117135
6 58 3 7.424315
6 60 0 12.662337
6 60 3 8.037958
6 63 0 11.293730
6 63 3 7.372700
6 66 0 13.484399
6 66 3 9.447486
6 69 0 13.629494
6 69 3 7.594158
6 72 0 10.648247
6 72 3 6.981083
6 75 0 12.919990
6 75 3 7.111313
6 78 0 10.456948
6 78 3 6.783065
6 81 0 11.395456
6 81 3 7.321478
6 85 0 11.865990
6 85 3 6.709857
6 89 0 12.075611
6 89 3 6.588810
6 93 0 11.914780
6 93 3 7.515124
6 97 0 10.842776
6 97 3 6.849818
6 101 0 10.750782
6 101 3 6.845852
6 106 0 10.360317
6 106 3 6.665502
6 111 0 10.482889
6 111 3 6.580546
6 116 0 11.141967
6 116 3 6.667132
6 121 0 10.583892
6 121 3 6.251901
6 127 0 10.881612
6 127 3 6.507952
6 133 0 9.940392
6 133 3 6.156854
6 139 0 10.115772
6 139 3 6.912968
6 145 0 9.564191
6 145 3 6.243606
6 152 0 10.216808
6 152 3 6.766615
6 159 0 9.774847
6 159 3 6.179272
6 166 0 10.960030
6 166 3 6.974000
6 174 0 10.765170
6 174 3 6.516563
6 182 0 10.315727
6 182 3 6.864369
6 191 0 10.963706
6 191 3 6.531247
6 200 0 10.105016
6 200 3 7.102235
6 210 0 10.065636
6 210 3 7.236640
6 220 0 10.056671
6 220 3 7.226357
6 231 0 9.865557
6 231 3 6.497377
6 242 0 10.762708
6 242 3 7.263022
6 254 0 9.912688
6 254 3 7.430666
6 266 0 10.419774
6 266 3 7.105945
6 279 0 10.473935
6 279 3 6.828760
6 292 0 10.688318
6 292 3 7.601000
6 306 0 10.902205
6 306 3 6.433182
6 321 0 10.905442
6 321 3 7.165264
6 337 0 11.236154
6 337 3 7.015515
6 353 0 10.774253
6 353 3 6.921275
6 370 0 10.942946
6 370 3 6.882672
6 388 0 9.965452
6 388 3 6.671882
6 407 0 10.911261
6 407 3 6.987661
6 427 0 10.948749
6 427 3 7.103573
6 448 0 10.064295
6 448 3 6.884922
6 470 0 11.133160
6 470 3 7.266777
6 493 0 10.064477
6 493 3 7.287172
6 517 0 10.673166
6 517 3 7.278680
6 542 0 11.138616
6 542 3 8.238271
6 569 0 10.932329
6 569 3 8.118007
6 597 0 12.798103
6 597 3 9.025785
6 626 0 11.283840
6 626 3 9.632048
6 657 0 10.083129
6 657 3 10.300483
6 689 0 11.414739
6 689 3 10.711543
6 723 0 10.219842
6 723 3 8.607603
6 759 0 11.870592
6 759 3 11.672356
6 796 0 11.367129
6 796 3 10.894614
6 835 0 12.930539
6 835 3 13.945277
6 876 0 10.512704
6 876 3 8.998140
6 919 0 12.102788
6 919 3 12.312147
6 964 0 12.265006
6 964 3 12.641770
6 1012 0 13.204389
6 1012 3 12.784787
6 1062 0 11.710385
6 1062 3 11.908617
6 1115 0 12.012691
6 1115 3 12.885346
6 1170 0 10.572451
6 1170 3 11.476378
6 1228 0 12.220198
6 1228 3 12.045937
6 1289 0 13.404916
6 1289 3 11.835508
6 1353 0 12.153046
6 1353 3 12.085626
6 1420 0 12.095060
6 1420 3 12.400343
6 1491 0 11.885344
6 1491 3 10.340679
6 1565 0 11.975594
6 1565 3 10.779417
6 1643 0 10.759887
6 1643 3 12.404974
6 1725 0 11.175105
6 1725 3 10.511743
6 1811 0 11.105733
6 1811 3 11.185273
6 1901 0 10.750251
6 1901 3 13.390317
6 1996 0 11.335159
6 1996 3 11.903786
7 1 3 16.832346
7 2 3 9.524122
7 3 3 9.469223
7 4 3 9.449851
7 5 0 23.596323
7 5 3 9.648819
7 6 0 22.058603
7 6 3 9.526704
7 7 0 22.208601
7 7 3 9.689812
7 8 0 19.023245
7 8 3 8.704886
7 9 0 20.688108
7 9 3 8.688188
7 10 0 17.677039
7 10 3 8.069279
7 11 0 18.580002
7 11 3 8.185541
7 12 0 15.747667
7 12 3 7.792924
7 13 0 16.037026
7 13 3 7.903725
7 14 0 14.657486
7 14 3 7.284805
7 15 0 14.583187
7 15 3 7.205615
7 16 0 13.550627
7 16 3 7.050912
7 17 0 15.109392
7 17 3 7.088035
7 18 0 15.232454
7 18 3 7.200557
7 19 0 15.101468
7 19 3 7.343671
7 20 0 14.020192
7 20 3 7.145648
7 21 0 13.766526
7 21 3 7.046383
7 22 0 13.485734
7 22 3 6.841047
7 23 0 13.139335
7 23 3 6.660191
7 24 0 12.778754
7 24 3 6.698992
7 25 0 12.898383
7 25 3 6.633600
7 26 0 12.934596
7 26 3 6.792281
7 27 0 12.757623
7 27 3 6.679624
7 28 0 12.329958
7 28 3 6.698135
7 29 0 12.062595
7 29 3 6.600479
7 30 0 11.632092
7 30 3 6.469384
7 31 0 12.465971
7 31 3 6.750786
7 32 0 11.570166
7 32 3 6.530970
7 33 0 12.611147
7 33 3 6.599857
7 34 0 11.890829
7 34 3 6.378826
7 35 0 11.796650
7 35 3 6.236601
7 36 0 12.167468
7 36 3 6.409830
7 37 0 12.280440
7 37 3 6.700191
7 38 0 12.364040
7 38 3 6.863031
7 39 0 11.907706
7 39 3 6.690836
7 40 0 11.536417
7 40 3 6.576221
7 42 0 11.378548
7 42 3 6.358373
7 44 0 11.606593
7 44 3 6.383071
7 46 0 11.046673
7 46 3 6.361383
7 48 0 10.319516
7 48 3 6.273558
7 50 0 13.410562
7 50 3 7.675033
7 52 0 12.768794
7 52 3 6.754213
7 54 0 11.691293
7 54 3 7.029416
7 56 0 12.595097
7 56 3 6.669427
7 58 0 12.601677
7 58 3 6.749912
7 60 0 11.931750
7 60 3 6.522971
7 63 0 12.398730
7 63 3 6.875104
7 66 0 11.437725
7 66 3 7.748015
7 69 0 10.812340
7 69 3 6.749752
7 72 0 12.033655
7 72 3 6.778963
7 75 0 10.486397
7 75 3 6.611610
7 78 0 11.823254
7 78 3 6.641379
7 81 0 11.274505
7 81 3 6.500716
7 85 0 10.543153
7 85 3 7.030186
7 89 0 10.691054
7 89 3 6.843575
7 93 0 10.452605
7 93 3 7.116047
7 97 0 10.618539
7 97 3 6.440705
7 101 0 10.257176
7 101 3 6.470914
7 106 0 10.375960
7 106 3 6.175977
7 111 0 10.337782
7 111 3 6.126974
7 116 0 10.992809
7 116 3 6.949794
7 121 0 10.088010
7 121 3 6.163906
7 127 0 10.810399
7 127 3 6.777956
7 133 0 9.593596
7 133 3 6.126498
7 139 0 9.627305
7 139 3 6.447864
7 145 0 9.374299
7 145 3 6.015685
7 152 0 10.371210
7 152 3 6.489741
7 159 0 10.047416
7 159 3 6.288996
7 166 0 9.778564
7 166 3 6.499381
7 174 0 9.620324
7 174 3 7.233860
7 182 0 10.790822
7 182 3 7.271079
7 191 0 10.496411
7 191 3 7.014736
7 200 0 9.734074
7 200 3 6.493979
7 210 0 9.992251
7 210 3 6.425388
7 220 0 9.804971
7 220 3 6.489278
7 231 0 9.776304
7 231 3 6.235514
7 242 0 11.042605
7 242 3 6.956844
7 254 0 11.222444
7 254 3 6.432092
7 266 0 11.124088
7 266 3 7.146599
7 279 0 10.490765
7 279 3 7.474593
7 292 0 11.944723
7 292 3 8.513624
7 306 0 12.855885
7 306 3 9.661342
7 321 0 11.871980
7 321 3 9.893442
7 337 0 12.332061
7 337 3 10.569361
7 353 0 12.131901
7 353 3 10.495618
7 370 0 12.618101
7 370 3 10.999850
7 388 0 12.484528
7 388 3 10.729303
7 407 0 12.648820
7 407 3 11.463319
7 427 0 11.995335
7 427 3 11.527604
7 448 0 12.563755
7 448 3 10.998086
7 470 0 11.990149
7 470 3 12.978973
7 493 0 12.661272
7 493 3 11.026316
7 517 0 11.696604
7 517 3 10.289459
7 542 0 11.487359
7 542 3 11.293945
7 569 0 13.420340
7 569 3 12.261355
7 597 0 11.804137
7 597 3 12.250179
7 626 0 11.804376
7 626 3 12.107149
7 657 0 10.900039
7 657 3 10.158483
7 689 0 11.817530
7 689 3 11.866512
7 723 0 12.282529
7 723 3 11.195347
7 759 0 12.617640
7 759 3 12.051449
7 796 0 12.121423
7 796 3 12.592871
7 835 0 12.465102
7 835 3 12.781717
7 876 0 10.794231
7 876 3 12.121139
7 919 0 12.227405
7 919 3 12.978095
7 964 0 11.319387
7 964 3 11.919551
7 1012 0 12.920044
7 1012 3 13.822601
7 1062 0 12.290984
7 1062 3 11.712244
7 1115 0 13.025402
7 1115 3 13.659548
7 1170 0 10.839054
7 1170 3 11.716607
7 1228 0 12.291923
7 1228 3 13.172847
7 1289 0 12.524077
7 1289 3 14.699079
7 1353 0 11.897018
7 1353 3 12.394041
7 1420 0 11.744321
7 1420 3 13.806979
7 1491 0 11.803023
7 1491 3 11.260188
7 1565 0 12.417495
7 1565 3 14.280532
7 1643 0 11.153982
7 1643 3 11.586105
7 1725 0 11.724476
7 1725 3 11.584859
7 1811 0 12.560053
7 1811 3 11.915160
7 1901 0 10.863931
7 1901 3 10.928176
7 1996 0 12.325515
7 1996 3 15.626625
8 1 3 14.989557
8 2 3 9.352394
8 3 3 9.200987
8 4 3 8.804494
8 5 0 20.090977
8 5 3 8.186962
8 6 0 18.534478
8 6 3 7.695419
8 7 0 18.565200
8 7 3 7.766458
8 8 0 16.700856
8 8 3 7.153609
8 9 0 17.195959
8 9 3 7.196622
8 10 0 16.114490
8 10 3 6.881492
8 11 0 16.531744
8 11 3 7.249182
8 12 0 14.388882
8 12 3 6.822839
8 13 0 15.058399
8 13 3 6.982181
8 14 0 14.080446
8 14 3 6.641481
8 15 0 14.054802
8 15 3 6.694058
8 16 0 12.236983
8 16 3 6.591134
8 17 0 13.837820
8 17 3 6.575895
8 18 0 13.957534
8 18 3 6.762399
8 19 0 14.085114
8 19 3 6.857431
8 20 0 13.357863
8 20 3 6.668099
8 21 0 13.112596
8 21 3 6.560285
8 22 0 12.862270
8 22 3 6.513474
8 23 0 12.522941
8 23 3 6.294582
8 24 0 12.190429
8 24 3 6.300544
8 25 0 12.160645
8 25 3 6.253988
8 26 0 12.346630
8 26 3 6.534970
8 27 0 11.996241
8 27 3 6.316929
8 28 0 11.948718
8 28 3 6.486622
8 29 0 11.572834
8 29 3 6.227737
8 30 0 11.378102
8 30 3 6.174834
8 31 0 11.989737
8 31 3 6.574200
8 32 0 11.209618
8 32 3 6.310183
8 33 0 12.031544
8 33 3 6.286576
8 34 0 11.686891
8 34 3 6.027864
8 35 0 11.653969
8 35 3 6.046701
8 36 0 11.721872
8 36 3 6.259849
8 37 0 11.955061
8 37 3 6.441917
8 38 0 11.811862
8 38 3 6.609477
8 39 0 11.705172
8 39 3 6.542714
8 40 0 11.176587
8 40 3 6.324625
8 42 0 10.611604
8 42 3 6.084892
8 44 0 10.695295
8 44 3 6.164133
8 46 0 10.374201
8 46 3 6.042076
8 48 0 9.850241
8 48 3 6.056416
8 50 0 12.108465
8 50 3 6.286984
8 52 0 12.133836
8 52 3 6.933389
8 54 0 12.846073
8 54 3 7.418111
8 56 0 11.508314
8 56 3 7.005326
8 58 0 11.510187
8 58 3 7.237548
8 60 0 11.952445
8 60 3 7.591878
8 63 0 10.776571
8 63 3 7.160072
8 66 0 11.989178
8 66 3 6.149145
8 69 0 12.032827
8 69 3 7.083990
8 72 0 10.998856
8 72 3 7.668709
8 75 0 11.516635
8 75 3 6.330599
8 78 0 11.645645
8 78 3 7.272206
8 81 0 10.817386
8 81 3 6.958815
8 85 0 10.787525
8 85 3 6.687760
8 89 0 11.102737
8 89 3 6.356446
8 93 0 10.187054
8 93 3 6.303630
8 97 0 10.611749
8 97 3 6.302561
8 101 0 9.972240
8 101 3 6.238826
8 106 0 9.692397
8 106 3 5.956873
8 111 0 9.917229
8 111 3 6.000348
8 116 0 10.525060
8 116 3 6.868437
8 121 0 9.872808
8 121 3 5.977822
8 127 0 10.581518
8 127 3 6.858930
8 133 0 9.982531
8 133 3 5.800556
8 139 0 10.691891
8 139 3 6.291312
8 145 0 10.860758
8 145 3 6.799658
8 152 0 11.491813
8 152 3 9.005503
8 159 0 11.357660
8 159 3 7.402974
8 166 0 11.960159
8 166 3 8.670264
8 174 0 11.858104
8 174 3 8.171646
8 182 0 12.044258
8 182 3 10.282403
8 191 0 11.287166
8 191 3 9.482111
8 200 0 11.690064
8 200 3 9.339158
8 210 0 12.162696
8 210 3 10.392568
8 220 0 11.902708
8 220 3 10.674079
8 231 0 11.410284
8 231 3 9.900732
8 242 0 12.553967
8 242 3 13.386403
8 254 0 12.821419
8 254 3 10.828578
8 266 0 12.230022
8 266 3 10.563454
8 279 0 12.048969
8 279 3 10.913844
8 292 0 11.916792
8 292 3 11.838255
8 306 0 13.268120
8 306 3 13.209500
8 321 0 12.878538
8 321 3 11.747214
8 337 0 12.392794
8 337 3 11.617188
8 353 0 13.455868
8 353 3 11.444296
8 370 0 11.796714
8 370 3 11.089829
8 388 0 13.463815
8 388 3 12.760856
8 407 0 12.338317
8 407 3 12.313334
8 427 0 12.788428
8 427 3 12.263185
8 448 0 13.127268
8 448 3 11.991803
8 470 0 12.268134
8 470 3 10.783415
8 493 0 12.427006
8 493 3 15.318280
8 517 0 12.216064
8 517 3 13.213266
8 542 0 12.429199
8 542 3 11.761037
8 569 0 11.688821
8 569 3 11.740189
8 597 0 11.780225
8 597 3 11.062535
8 626 0 11.458545
8 626 3 11.603988
8 657 0 11.993225
8 657 3 10.386371
8 689 0 11.661928
8 689 3 12.804254
8 723 0 12.611508
8 723 3 14.634060
8 759 0 12.100194
8 759 3 14.054631
8 796 0 10.929725
8 796 3 11.379064
8 835 0 11.590091
8 835 3 13.287000
8 876 0 12.238217
8 876 3 11.750445
8 919 0 12.591323
8 919 3 13.427770
8 964 0 11.948099
8 964 3 13.204317
8 1012 0 11.495056
8 1012 3 13.164314
8 1062 0 11.606363
8 1062 3 14.065876
8 1115 0 12.992122
8 1115 3 16.213015
8 1170 0 12.060558
8 1170 3 16.188495
8 1228 0 11.423182
8 1228 3 17.784802
8 1289 0 12.694643
8 1289 3 16.561423
8 1353 0 13.122804
8 1353 3 16.057306
8 1420 0 11.058488
8 1420 3 13.937280
8 1491 0 14.265990
8 1491 3 19.300878
8 1565 0 12.172463
8 1565 3 16.829210
8 1643 0 12.090375
8 1643 3 12.397357
8 1725 0 12.743264
8 1725 3 18.507582
8 1811 0 11.613464
8 1811 3 18.387082
8 1901 0 12.177571
8 1901 3 16.238646
8 1996 0 13.792022
8 1996 3 20.731072
9 1 3 11.558501
9 2 3 8.749319
9 3 3 7.738803
9 4 3 7.196490
9 5 0 20.087500
9 5 3 7.093947
9 6 0 16.918354
9 6 3 6.578942
9 7 0 16.759381
9 7 3 6.745545
9 8 0 15.301872
9 8 3 6.428082
9 9 0 15.717001
9 9 3 6.448949
9 10 0 15.106835
9 10 3 6.412441
9 11 0 15.309704
9 11 3 6.782449
9 12 0 13.607868
9 12 3 6.475041
9 13 0 14.000829
9 13 3 6.585826
9 14 0 13.249364
9 14 3 6.248274
9 15 0 13.610332
9 15 3 6.366152
9 16 0 11.839237
9 16 3 6.336852
9 17 0 13.214547
9 17 3 6.199539
9 18 0 13.004635
9 18 3 6.434105
9 19 0 13.177552
9 19 3 6.456875
9 20 0 12.742021
9 20 3 6.389626
9 21 0 12.780617
9 21 3 6.463463
9 22 0 12.659249
9 22 3 6.262440
9 23 0 12.450546
9 23 3 6.204500
9 24 0 12.023680
9 24 3 6.171836
9 25 0 12.015540
9 25 3 6.205444
9 26 0 12.264561
9 26 3 6.544616
9 27 0 11.676265
9 27 3 6.349612
9 28 0 11.825704
9 28 3 6.284690
9 29 0 11.328754
9 29 3 6.156401
9 30 0 11.204938
9 30 3 6.096035
9 31 0 11.960982
9 31 3 6.251634
9 32 0 10.955144
9 32 3 6.126679
9 33 0 11.985696
9 33 3 6.164967
9 34 0 12.157222
9 34 3 6.052719
9 35 0 11.689839
9 35 3 6.100161
9 36 0 11.843920
9 36 3 6.163670
9 37 0 11.763323
9 37 3 6.105235
9 38 0 11.899016
9 38 3 6.458424
9 39 0 11.683316
9 39 3 6.524771
9 40 0 11.076806
9 40 3 6.101978
9 42 0 10.524991
9 42 3 5.816437
9 44 0 10.605277
9 44 3 5.911280
9 46 0 10.301618
9 46 3 5.811047
9 48 0 10.103868
9 48 3 5.812770
9 50 0 13.088765
9 50 3 7.738622
9 52 0 13.372308
9 52 3 5.980082
9 54 0 11.660149
9 54 3 6.559035
9 56 0 13.115258
9 56 3 6.188766
9 58 0 13.011835
9 58 3 6.123285
9 60 0 11.971199
9 60 3 6.407795
9 63 0 12.928240
9 63 3 6.017030
9 66 0 12.771866
9 66 3 7.234745
9 69 0 11.497930
9 69 3 7.149069
9 72 0 12.334377
9 72 3 6.116139
9 75 0 12.027218
9 75 3 7.483186
9 78 0 11.801091
9 78 3 8.717006
9 81 0 12.489461
9 81 3 7.898223
9 85 0 11.925381
9 85 3 7.968225
9 89 0 12.087936
9 89 3 7.871123
9 93 0 12.718169
9 93 3 9.505794
9 97 0 11.595349
9 97 3 8.455172
9 101 0 10.992404
9 101 3 8.125294
9 106 0 10.994956
9 106 3 7.992717
9 111 0 10.982924
9 111 3 8.348868
9 116 0 12.146634
9 116 3 8.748598
9 121 0 11.294602
9 121 3 7.963317
9 127 0 12.271220
9 127 3 8.916102
9 133 0 12.076600
9 133 3 8.997134
9 139 0 12.097190
9 139 3 10.266685
9 145 0 12.634384
9 145 3 8.421173
9 152 0 12.517913
9 152 3 9.642940
9 159 0 13.022272
9 159 3 8.463043
9 166 0 12.788756
9 166 3 9.738534
9 174 0 11.908449
9 174 3 11.100174
9 182 0 12.007193
9 182 3 10.314677
9 191 0 11.600391
9 191 3 9.750330
9 200 0 11.550710
9 200 3 9.700932
9 210 0 12.710701
9 210 3 10.344362
9 220 0 12.239670
9 220 3 10.668736
9 231 0 12.690868
9 231 3 9.852867
9 242 0 13.108572
9 242 3 9.609155
9 254 0 11.738443
9 254 3 11.376769
9 266 0 11.964013
9 266 3 11.086735
9 279 0 13.059050
9 279 3 12.590108
9 292 0 11.814946
9 292 3 9.520576
9 306 0 12.508741
9 306 3 13.444892
9 321 0 12.903051
9 321 3 11.911630
9 337 0 12.221068
9 337 3 10.459681
9 353 0 13.322163
9 353 3 13.477738
9 370 0 11.651410
9 370 3 11.640753
9 388 0 13.243827
9 388 3 12.733796
9 407 0 12.958419
9 407 3 14.054004
9 427 0 14.647015
9 427 3 13.812753
9 448 0 13.499943
9 448 3 14.333176
9 470 0 11.835572
9 470 3 13.501996
9 493 0 12.314153
9 493 3 12.858741
9 517 0 13.001426
9 517 3 12.529353
9 542 0 12.256334
9 542 3 13.996533
9 569 0 14.209054
9 569 3 16.556135
9 597 0 13.261270
9 597 3 15.235626
9 626 0 11.300402
9 626 3 12.115033
9 657 0 12.726422
9 657 3 15.830510
9 689 0 10.810928
9 689 3 12.479140
9 723 0 11.608493
9 723 3 15.146761
9 759 0 12.531187
9 759 3 16.290955
9 796 0 11.534171
9 796 3 12.874555
9 835 0 11.796064
9 835 3 13.635990
9 876 0 13.687269
9 876 3 19.913494
9 919 0 11.951500
9 919 3 17.406032
9 964 0 13.265690
9 964 3 16.502379
9 1012 0 11.852690
9 1012 3 15.612336
9 1062 0 13.620627
9 1062 3 17.136183
9 1115 0 13.290543
9 1115 3 18.518661
9 1170 0 13.836475
9 1170 3 17.119664
9 1228 0 12.502515
9 1228 3 15.728188
9 1289 0 12.820347
9 1289 3 16.414377
9 1353 0 13.408813
9 1353 3 23.084071
9 1420 0 13.518255
9 1420 3 14.886889
9 1491 0 11.826467
9 1491 3 26.913417
9 1565 0 11.905721
9 1565 3 15.894718
9 1643 0 12.879177
9 1643 3 15.964593
9 1725 0 12.890877
9 1725 3 24.342285
9 1811 0 14.290144
9 1811 3 17.728496
9 1901 0 12.826481
9 1901 3 14.894776
9 1996 0 11.780682
9 1996 3 22.814313
10 1 3 10.410825
10 2 3 7.127632
10 3 3 6.866078
10 4 3 6.662274
10 5 0 21.014462
10 5 3 7.064115
10 6 0 18.327358
10 6 3 6.184117
10 7 0 16.342575
10 7 3 6.099619
10 8 0 14.923441
10 8 3 6.104262
10 9 0 14.841814
10 9 3 6.114680
10 10 0 14.470884
10 10 3 6.179619
10 11 0 14.346674
10 11 3 6.292454
10 12 0 13.018450
10 12 3 6.144659
10 13 0 13.166480
10 13 3 6.234225
10 14 0 12.782016
10 14 3 6.038922
10 15 0 13.196197
10 15 3 6.270359
10 16 0 11.732332
10 16 3 6.307128
10 17 0 12.891769
10 17 3 5.995056
10 18 0 13.064107
10 18 3 6.004432
10 19 0 12.960846
10 19 3 6.071283
10 20 0 12.598483
10 20 3 5.922158
10 21 0 12.725234
10 21 3 6.234103
10 22 0 12.698708
10 22 3 6.052343
10 23 0 12.621071
10 23 3 5.882940
10 24 0 12.604059
10 24 3 5.954615
10 25 0 12.901718
10 25 3 6.031610
10 26 0 13.122129
10 26 3 6.051623
10 27 0 12.782215
10 27 3 6.118857
10 28 0 12.780115
10 28 3 6.210034
10 29 0 12.864532
10 29 3 5.963377
10 30 0 12.824283
10 30 3 5.886245
10 31 0 13.194172
10 31 3 6.061501
10 32 0 12.715630
10 32 3 5.979679
10 33 0 13.183207
10 33 3 5.906562
10 34 0 13.719751
10 34 3 6.088959
10 35 0 12.984790
10 35 3 5.988450
10 36 0 13.175587
10 36 3 6.144622
10 37 0 13.264031
10 37 3 6.424392
10 38 0 13.237517
10 38 3 6.869120
10 39 0 13.084131
10 39 3 6.924036
10 40 0 13.015798
10 40 3 7.277905
10 42 0 12.227485
10 42 3 6.848404
10 44 0 12.346537
10 44 3 7.155074
10 46 0 12.157732
10 46 3 7.262612
10 48 0 11.512610
10 48 3 7.436218
10 50 0 15.677950
10 50 3 8.733898
10 52 0 14.920526
10 52 3 9.563544
10 54 0 16.151583
10 54 3 10.538795
10 56 0 14.453399
10 56 3 10.054667
10 58 0 14.545579
10 58 3 10.266908
10 60 0 15.880737
10 60 3 10.827688
10 63 0 14.562328
10 63 3 11.034267
10 66 0 14.383103
10 66 3 7.902376
10 69 0 15.641440
10 69 3 9.110427
10 72 0 15.886644
10 72 3 11.526928
10 75 0 13.972441
10 75 3 9.081839
10 78 0 14.701487
10 78 3 9.128314
10 81 0 12.984537
10 81 3 8.331884
10 85 0 12.433260
10 85 3 8.740305
10 89 0 12.075501
10 89 3 8.429740
10 93 0 14.178320
10 93 3 11.309549
10 97 0 13.375312
10 97 3 8.985973
10 101 0 12.481718
10 101 3 8.130380
10 106 0 12.714440
10 106 3 8.527350
10 111 0 12.628038
10 111 3 8.454747
10 116 0 14.421834
10 116 3 10.391556
10 121 0 12.835911
10 121 3 9.529515
10 127 0 14.103304
10 127 3 10.037408
10 133 0 13.140722
10 133 3 10.016135
10 139 0 13.489027
10 139 3 10.580015
10 145 0 14.978765
10 145 3 8.985405
10 152 0 14.699951
10 152 3 11.017581
10 159 0 13.469799
10 159 3 10.997689
10 166 0 14.111370
10 166 3 10.304477
10 174 0 13.758449
10 174 3 10.323604
10 182 0 14.128713
10 182 3 10.420454
10 191 0 12.691057
10 191 3 11.587439
10 200 0 13.515526
10 200 3 10.461624
10 210 0 13.235124
10 210 3 13.076197
10 220 0 13.251932
10 220 3 13.598766
10 231 0 12.075486
10 231 3 12.661476
10 242 0 14.918042
10 242 3 13.338517
10 254 0 15.231385
10 254 3 12.659250
10 266 0 15.779895
10 266 3 12.042390
10 279 0 14.278287
10 279 3 11.226781
10 292 0 13.383172
10 292 3 13.084852
10 306 0 15.140425
10 306 3 14.614300
10 321 0 15.589645
10 321 3 15.998163
10 337 0 14.277771
10 337 3 15.082301
10 353 0 14.188699
10 353 3 16.262700
10 370 0 13.972597
10 370 3 13.248876
10 388 0 14.054177
10 388 3 17.406531
10 407 0 13.736192
10 407 3 16.128329
10 427 0 13.497881
10 427 3 16.881004
10 448 0 13.725331
10 448 3 18.703817
10 470 0 13.380727
10 470 3 13.269341
10 493 0 14.593437
10 493 3 16.336935
10 517 0 13.447899
10 517 3 18.051334
10 542 0 13.987993
10 542 3 16.881140
10 569 0 13.658507
10 569 3 18.365640
10 597 0 13.680655
10 597 3 17.814918
10 626 0 13.613755
10 626 3 16.561841
10 657 0 12.997120
10 657 3 18.483566
10 689 0 13.416844
10 689 3 18.860496
10 723 0 13.384671
10 723 3 18.514784
10 759 0 13.210766
10 759 3 21.606444
10 796 0 13.328609
10 796 3 19.231626
10 835 0 14.247512
10 835 3 21.504826
10 876 0 13.882070
10 876 3 21.229368
10 919 0 15.842309
10 919 3 22.244590
10 964 0 13.157245
10 964 3 24.200182
10 1012 0 13.500129
10 1012 3 17.650954
10 1062 0 13.676184
10 1062 3 21.117309
10 1115 0 13.040503
10 1115 3 18.178917
10 1170 0 12.694878
10 1170 3 20.342602
10 1228 0 13.803178
10 1228 3 20.742153
10 1289 0 13.360400
10 1289 3 18.267829
10 1353 0 12.938857
10 1353 3 24.046885
10 1420 0 12.680126
10 1420 3 27.934926
10 1491 0 13.439274
10 1491 3 17.349337
10 1565 0 12.954118
10 1565 3 27.764575
10 1643 0 13.523406
10 1643 3 33.237319
10 1725 0 13.280719
10 1725 3 30.312698
10 1811 0 13.385235
10 1811 3 31.016071
10 1901 0 13.211215
10 1901 3 39.817644
10 1996 0 13.763418
10 1996 3 49.360218
11 1 3 8.519548
11 2 3 6.337298
11 3 3 6.340553
11 4 3 6.185986
11 5 0 21.308928
11 5 3 6.653825
11 6 0 21.103187
11 6 3 6.691463
11 7 0 17.692095
11 7 3 6.366986
11 8 0 15.646679
11 8 3 5.970176
11 9 0 16.362191
11 9 3 5.840630
11 10 0 16.685098
11 10 3 5.961898
11 11 0 16.837344
11 11 3 5.977772
11 12 0 16.258475
11 12 3 6.102931
11 13 0 16.387450
11 13 3 5.909362
11 14 0 15.972539
11 14 3 5.788933
11 15 0 16.156862
11 15 3 6.022031
11 16 0 15.021583
11 16 3 5.986003
11 17 0 16.742141
11 17 3 5.818624
11 18 0 16.487616
11 18 3 6.052998
11 19 0 17.506113
11 19 3 6.594443
11 20 0 16.146870
11 20 3 6.786653
11 21 0 16.298798
11 21 3 7.318408
11 22 0 16.452007
11 22 3 7.345840
11 23 0 15.891451
11 23 3 7.472083
11 24 0 15.642603
11 24 3 7.682723
11 25 0 15.819436
11 25 3 7.639542
11 26 0 15.735698
11 26 3 7.891468
11 27 0 15.217400
11 27 3 7.777627
11 28 0 15.197256
11 28 3 8.196811
11 29 0 15.132759
11 29 3 7.906485
11 30 0 15.029014
11 30 3 7.919055
11 31 0 15.296298
11 31 3 8.305454
11 32 0 14.460532
11 32 3 8.021464
11 33 0 14.694949
11 33 3 7.796123
11 34 0 15.072886
11 34 3 8.221308
11 35 0 14.465248
11 35 3 7.836413
11 36 0 14.407183
11 36 3 8.040746
11 37 0 14.602838
11 37 3 8.104211
11 38 0 14.393038
11 38 3 8.582524
11 39 0 14.282604
11 39 3 8.314301
11 40 0 14.396242
11 40 3 8.342628
11 42 0 13.591037
11 42 3 7.929172
11 44 0 13.599396
11 44 3 7.873212
11 46 0 13.136807
11 46 3 7.746387
11 48 0 12.939683
11 48 3 8.383542
11 50 0 15.608159
11 50 3 11.217194
11 52 0 17.554886
11 52 3 9.462199
11 54 0 14.837860
11 54 3 9.403338
11 56 0 17.424964
11 56 3 9.485411
11 58 0 17.581916
11 58 3 9.252491
11 60 0 14.206652
11 60 3 9.649549
11 63 0 15.736722
11 63 3 8.183614
11 66 0 17.775881
11 66 3 11.849072
11 69 0 14.868254
11 69 3 13.691346
11 72 0 14.284454
11 72 3 11.493506
11 75 0 13.658330
11 75 3 9.800726
11 78 0 16.245653
11 78 3 11.320329
11 81 0 13.232985
11 81 3 8.248868
11 85 0 14.573462
11 85 3 9.018074
11 89 0 14.233128
11 89 3 8.509457
11 93 0 14.630359
11 93 3 9.394237
11 97 0 14.748087
11 97 3 10.538266
11 101 0 14.798216
11 101 3 10.158511
11 106 0 15.249703
11 106 3 10.747210
11 111 0 14.115247
11 111 3 10.435965
11 116 0 15.207743
11 116 3 12.465011
11 121 0 15.113174
11 121 3 11.164549
11 127 0 15.126242
11 127 3 13.184952
11 133 0 15.535146
11 133 3 12.343399
11 139 0 15.172354
11 139 3 12.708214
11 145 0 17.374221
11 145 3 10.311363
11 152 0 17.097360
11 152 3 13.965221
11 159 0 15.117405
11 159 3 14.430542
11 166 0 15.961389
11 166 3 12.176144
11 174 0 16.241016
11 174 3 12.668517
11 182 0 14.356075
11 182 3 12.562878
11 191 0 15.163443
11 191 3 11.792342
11 200 0 15.455850
11 200 3 13.498488
11 210 0 17.425972
11 210 3 15.282452
11 220 0 17.720571
11 220 3 14.608235
11 231 0 16.304397
11 231 3 16.358991
11 242 0 15.485199
11 242 3 15.219838
11 254 0 16.584864
11 254 3 15.618824
11 266 0 15.814503
11 266 3 16.204827
11 279 0 16.233603
11 279 3 17.098485
11 292 0 15.356006
11 292 3 19.860571
11 306 0 15.934036
11 306 3 17.057537
11 321 0 15.797698
11 321 3 18.857039
11 337 0 14.292074
11 337 3 19.414098
11 353 0 15.350503
11 353 3 18.094672
11 370 0 15.719180
11 370 3 23.352516
11 388 0 15.355307
11 388 3 18.668296
11 407 0 15.715687
11 407 3 18.328171
11 427 0 15.910058
11 427 3 16.345649
11 448 0 15.338133
11 448 3 19.926418
11 470 0 14.422030
11 470 3 26.369770
11 493 0 14.556148
11 493 3 20.054999
11 517 0 15.141613
11 517 3 22.618789
11 542 0 13.895290
11 542 3 28.500999
11 569 0 14.798313
11 569 3 17.840117
11 597 0 15.191836
11 597 3 20.059896
11 626 0 13.664655
11 626 3 24.960856
11 657 0 14.308997
11 657 3 19.501755
11 689 0 13.812312
11 689 3 31.858025
11 723 0 14.698582
11 723 3 24.500537
11 759 0 13.621878
11 759 3 31.109608
11 796 0 13.426941
11 796 3 34.721889
11 835 0 13.987729
11 835 3 29.473811
11 876 0 15.074730
11 876 3 33.470849
11 919 0 14.457232
11 919 3 23.357698
11 964 0 13.597821
11 964 3 42.612022
11 1012 0 13.794702
11 1012 3 37.838716
11 1062 0 14.356587
11 1062 3 35.222296
11 1115 0 14.279401
11 1115 3 43.032643
11 1170 0 14.047287
11 1170 3 40.830985
11 1228 0 13.769065
11 1228 3 36.083777
11 1289 0 13.271304
11 1289 3 40.902700
11 1353 0 13.456190
11 1353 3 40.627901
11 1420 0 14.227167
11 1420 3 44.655384
11 1491 0 13.375522
11 1491 3 41.932068
11 1565 0 14.177898
11 1565 3 51.232648
11 1643 0 13.921106
11 1643 3 52.261584
11 1725 0 14.835843
11 1725 3 50.408907
11 1811 0 13.775830
11 1811 3 52.930146
11 1901 0 14.774694
11 1901 3 57.535299
11 1996 0 15.501677
11 1996 3 61.574601
12 1 3 7.206268
12 2 3 6.108364
12 3 3 6.157554
12 4 3 6.111864
12 5 0 33.783583
12 5 3 7.409883
12 6 0 31.044267
12 6 3 6.896271
12 7 0 28.247951
12 7 3 6.386440
12 8 0 23.344582
12 8 3 6.040308
12 9 0 22.778018
12 9 3 6.306661
12 10 0 21.680499
12 10 3 6.829176
12 11 0 21.036544
12 11 3 7.278631
12 12 0 19.612237
12 12 3 7.724794
12 13 0 19.339475
12 13 3 7.701593
12 14 0 18.578195
12 14 3 7.442614
12 15 0 18.205723
12 15 3 7.747872
12 16 0 16.505616
12 16 3 8.008776
12 17 0 19.156666
12 17 3 7.686703
12 18 0 19.216705
12 18 3 7.917809
12 19 0 18.860697
12 19 3 7.931120
12 20 0 17.391603
12 20 3 8.248319
12 21 0 17.131386
12 21 3 7.848830
12 22 0 17.060215
12 22 3 8.182169
12 23 0 16.426162
12 23 3 8.168698
12 24 0 16.090976
12 24 3 8.129996
12 25 0 16.062914
12 25 3 7.866006
12 26 0 16.483712
12 26 3 8.315639
12 27 0 15.596177
12 27 3 8.059752
12 28 0 15.085330
12 28 3 8.201684
12 29 0 15.133143
12 29 3 7.988367
12 30 0 15.191537
12 30 3 8.117671
12 31 0 15.596807
12 31 3 8.468400
12 32 0 14.382201
12 32 3 8.362071
12 33 0 14.986856
12 33 3 7.968569
12 34 0 15.641366
12 34 3 8.393779
12 35 0 15.032604
12 35 3 8.433688
12 36 0 14.424451
12 36 3 8.254593
12 37 0 14.769385
12 37 3 8.163687
12 38 0 14.893767
12 38 3 8.543646
12 39 0 14.654799
12 39 3 8.311916
12 40 0 14.347252
12 40 3 8.345452
12 42 0 16.617348
12 42 3 8.855627
12 44 0 14.556956
12 44 3 8.792998
12 46 0 14.990439
12 46 3 8.216092
12 48 0 13.672941
12 48 3 8.387151
12 50 0 20.703618
12 50 3 9.473894
12 52 0 18.607083
12 52 3 11.838234
12 54 0 20.731428
12 54 3 12.464371
12 56 0 18.053876
12 56 3 11.404574
12 58 0 18.834443
12 58 3 11.180313
12 60 0 21.287969
12 60 3 12.903181
12 63 0 19.771651
12 63 3 14.107133
12 66 0 18.071441
12 66 3 9.146260
12 69 0 19.942697
12 69 3 11.330496
12 72 0 17.634839
12 72 3 11.730117
12 75 0 14.581780
12 75 3 10.699943
12 78 0 15.540346
12 78 3 11.555586
12 81 0 16.113423
12 81 3 10.703458
12 85 0 16.459974
12 85 3 11.252293
12 89 0 15.642001
12 89 3 12.216849
12 93 0 17.349245
12 93 3 15.707781
12 97 0 17.426527
12 97 3 11.608217
12 101 0 17.176556
12 101 3 14.099190
12 106 0 17.344792
12 106 3 12.896043
12 111 0 16.187614
12 111 3 13.789121
12 116 0 19.192943
12 116 3 15.865914
12 121 0 16.524689
12 121 3 15.060842
12 127 0 20.047021
12 127 3 16.167888
12 133 0 16.460830
12 133 3 14.621010
12 139 0 16.423935
12 139 3 15.941010
12 145 0 16.835074
12 145 3 14.010296
12 152 0 17.937952
12 152 3 14.151782
12 159 0 15.750183
12 159 3 15.746350
12 166 0 17.150871
12 166 3 17.484355
12 174 0 17.826520
12 174 3 15.465373
12 182 0 18.189069
12 182 3 15.804604
12 191 0 17.099055
12 191 3 15.109024
12 200 0 17.836909
12 200 3 18.473750
12 210 0 17.597109
12 210 3 21.419084
12 220 0 16.523862
12 220 3 23.379237
12 231 0 16.783983
12 231 3 21.801950
12 242 0 18.339111
12 242 3 22.038738
12 254 0 16.974977
12 254 3 21.152753
12 266 0 17.785688
12 266 3 28.840691
12 279 0 18.491196
12 279 3 19.157397
12 292 0 16.709367
12 292 3 27.205124
12 306 0 17.678197
12 306 3 26.617844
12 321 0 17.137916
12 321 3 25.666064
12 337 0 18.717472
12 337 3 33.037426
12 353 0 16.080217
12 353 3 30.018345
12 370 0 16.690390
12 370 3 32.134974
12 388 0 16.213734
12 388 3 24.553033
12 407 0 16.489942
12 407 3 28.404146
12 427 0 16.869292
12 427 3 32.149684
12 448 0 17.098243
12 448 3 33.789216
12 470 0 16.634448
12 470 3 42.066794
12 493 0 15.503676
12 493 3 35.767894
12 517 0 15.281769
12 517 3 40.308759
12 542 0 14.345705
12 542 3 44.493237
12 569 0 14.668073
12 569 3 38.944694
12 597 0 15.300269
12 597 3 40.310444
12 626 0 14.640014
12 626 3 43.687574
12 657 0 15.030554
12 657 3 46.159248
12 689 0 15.574792
12 689 3 41.383828
12 723 0 15.117399
12 723 3 43.096185
12 759 0 15.200697
12 759 3 47.170409
12 796 0 15.172793
12 796 3 50.364558
12 835 0 15.177086
12 835 3 47.511587
12 876 0 14.896918
12 876 3 46.674975
12 919 0 14.889461
12 919 3 43.654602
12 964 0 15.147107
12 964 3 51.422216
12 1012 0 14.920019
12 1012 3 49.264481
12 1062 0 14.650833
12 1062 3 51.981497
12 1115 0 14.764554
12 1115 3 49.862123
12 1170 0 16.070073
12 1170 3 50.396436
12 1228 0 16.110772
12 1228 3 55.204791
12 1289 0 15.657453
12 1289 3 59.876373
12 1353 0 16.393151
12 1353 3 54.240981
12 1420 0 15.625668
12 1420 3 53.837145
12 1491 0 16.886118
12 1491 3 62.079164
12 1565 0 17.011350
12 1565 3 61.898585
12 1643 0 17.547098
12 1643 3 63.739254
12 1725 0 19.376275
12 1725 3 68.372207
12 1811 0 18.026051
12 1811 3 70.886626
12 1901 0 20.450383
12 1901 3 73.889352
12 1996 0 20.560591
12 1996 3 77.767417
13 1 3 6.826529
13 2 3 5.953055
13 3 3 6.109102
13 4 3 6.112142
13 5 0 40.937458
13 5 3 10.711843
13 6 0 36.849224
13 6 3 8.084964
13 7 0 33.112726
13 7 3 9.738173
13 8 0 30.057357
13 8 3 8.896957
13 9 0 27.356906
13 9 3 8.330134
13 10 0 24.459081
13 10 3 8.368732
13 11 0 23.465271
13 11 3 8.717682
13 12 0 20.770067
13 12 3 7.855550
13 13 0 20.756834
13 13 3 8.031509
13 14 0 19.178602
13 14 3 7.988434
13 15 0 19.053328
13 15 3 8.009343
13 16 0 17.003690
13 16 3 7.858441
13 17 0 23.527732
13 17 3 9.059590
13 18 0 20.947347
13 18 3 8.644222
13 19 0 20.168660
13 19 3 8.646687
13 20 0 20.929953
13 20 3 8.512215
13 21 0 19.022730
13 21 3 8.123305
13 22 0 18.308274
13 22 3 8.114290
13 23 0 18.233649
13 23 3 8.380813
13 24 0 17.359774
13 24 3 8.316769
13 25 0 16.669248
13 25 3 8.114813
13 26 0 16.535979
13 26 3 8.545581
13 27 0 16.466505
13 27 3 8.642033
13 28 0 16.546650
13 28 3 8.567885
13 29 0 16.238144
13 29 3 8.539473
13 30 0 15.760624
13 30 3 8.695888
13 31 0 16.597796
13 31 3 8.980076
13 32 0 15.282513
13 32 3 9.343960
13 33 0 16.868280
13 33 3 8.825406
13 34 0 16.173070
13 34 3 9.130862
13 35 0 16.041393
13 35 3 9.397755
13 36 0 15.412837
13 36 3 9.195566
13 37 0 16.070137
13 37 3 9.327059
13 38 0 16.099891
13 38 3 9.446676
13 39 0 15.351315
13 39 3 9.430217
13 40 0 14.615346
13 40 3 9.477382
13 42 0 19.176757
13 42 3 12.091464
13 44 0 17.825762
13 44 3 10.709899
13 46 0 18.977596
13 46 3 11.679211
13 48 0 16.392033
13 48 3 10.622060
13 50 0 19.225126
13 50 3 14.714867
13 52 0 19.609573
13 52 3 18.084428
13 54 0 22.995778
13 54 3 10.210956
13 56 0 19.767729
13 56 3 18.275242
13 58 0 20.213952
13 58 3 18.176068
13 60 0 20.216731
13 60 3 11.478166
13 63 0 22.999509
13 63 3 11.038518
13 66 0 19.374447
13 66 3 16.648388
13 69 0 19.611521
13 69 3 16.991817
13 72 0 19.235528
13 72 3 16.927214
13 75 0 18.343749
13 75 3 13.935554
13 78 0 20.328958
13 78 3 17.759170
13 81 0 19.730665
13 81 3 15.882648
13 85 0 18.857762
13 85 3 16.011096
13 89 0 18.442000
13 89 3 16.202166
13 93 0 21.365672
13 93 3 19.252135
13 97 0 17.827921
13 97 3 17.728303
13 101 0 19.604231
13 101 3 16.860875
13 106 0 18.878954
13 106 3 18.428431
13 111 0 19.619307
13 111 3 18.059534
13 116 0 18.604973
13 116 3 20.148163
13 121 0 18.955770
13 121 3 15.493113
13 127 0 18.349899
13 127 3 22.228227
13 133 0 18.938613
13 133 3 16.906570
13 139 0 20.201841
13 139 3 22.039593
13 145 0 21.405785
13 145 3 23.786814
13 152 0 20.371330
13 152 3 19.609128
13 159 0 21.534435
13 159 3 24.613319
13 166 0 21.379091
13 166 3 30.244466
13 174 0 21.201882
13 174 3 31.424443
13 182 0 20.146359
13 182 3 29.997972
13 191 0 21.247190
13 191 3 32.853864
13 200 0 20.039895
13 200 3 34.931982
13 210 0 21.274619
13 210 3 32.993336
13 220 0 21.081612
13 220 3 39.232639
13 231 0 19.890236
13 231 3 38.779019
13 242 0 19.618684
13 242 3 37.186163
13 254 0 20.286861
13 254 3 38.567962
13 266 0 19.784077
13 266 3 46.185798
13 279 0 19.756048
13 279 3 46.039246
13 292 0 20.264475
13 292 3 44.264937
13 306 0 19.461569
13 306 3 40.397566
13 321 0 19.574661
13 321 3 44.241886
13 337 0 20.547697
13 337 3 43.898136
13 353 0 19.865812
13 353 3 45.351807
13 370 0 18.836495
13 370 3 46.977421
13 388 0 18.977433
13 388 3 48.941751
13 407 0 18.348196
13 407 3 48.870854
13 427 0 18.155474
13 427 3 48.029359
13 448 0 19.849665
13 448 3 44.970468
13 470 0 17.852639
13 470 3 46.160401
13 493 0 18.598263
13 493 3 50.413089
13 517 0 17.742406
13 517 3 45.964082
13 542 0 17.522422
13 542 3 50.012761
13 569 0 18.466152
13 569 3 47.821219
13 597 0 18.455450
13 597 3 53.805337
13 626 0 17.738553
13 626 3 52.494957
13 657 0 17.934430
13 657 3 53.038589
13 689 0 17.794228
13 689 3 52.719522
13 723 0 17.171298
13 723 3 53.815521
13 759 0 17.046579
13 759 3 52.554853
13 796 0 17.624584
13 796 3 50.165577
13 835 0 17.290481
13 835 3 54.307903
13 876 0 18.909670
13 876 3 50.580376
13 919 0 18.580569
13 919 3 52.979759
13 964 0 19.143270
13 964 3 51.078240
13 1012 0 18.903681
13 1012 3 56.976316
13 1062 0 20.949321
13 1062 3 58.207702
13 1115 0 22.034805
13 1115 3 60.545857
13 1170 0 21.063739
13 1170 3 60.520163
13 1228 0 22.327073
13 1228 3 67.394656
13 1289 0 22.652668
13 1289 3 72.544562
13 1353 0 25.602837
13 1353 3 75.907638
13 1420 0 23.779362
13 1420 3 73.059660
13 1491 0 25.567981
13 1491 3 81.774560
13 1565 0 24.178611
13 1565 3 78.710671
13 1643 0 25.007833
13 1643 3 82.200344
13 1725 0 25.825747
13 1725 3 87.369557
13 1811 0 26.058845
13 1811 3 86.148544
13 1901 0 26.052760
13 1901 3 92.708645
13 1996 0 27.560822
13 1996 3 95.345486
14 1 3 6.537203
14 2 3 5.827425
14 3 3 7.857112
14 4 3 8.238466
14 5 0 40.269028
14 5 3 12.873276
14 6 0 43.014600
14 6 3 9.645409
14 7 0 37.750465
14 7 3 11.229833
14 8 0 33.808065
14 8 3 10.607581
14 9 0 32.423086
14 9 3 9.997438
14 10 0 30.072912
14 10 3 9.650381
14 11 0 28.891782
14 11 3 9.491394
14 12 0 23.507209
14 12 3 8.646351
14 13 0 23.203863
14 13 3 8.928322
14 14 0 22.725865
14 14 3 9.018140
14 15 0 21.662984
14 15 3 8.791709
14 16 0 18.593870
14 16 3 8.816858
14 17 0 29.669962
14 17 3 11.646806
14 18 0 27.078255
14 18 3 10.810771
14 19 0 27.755110
14 19 3 11.548924
14 20 0 28.116824
14 20 3 12.122342
14 21 0 25.737450
14 21 3 10.178308
14 22 0 24.682690
14 22 3 10.759767
14 23 0 23.329219
14 23 3 10.290142
14 24 0 22.348499
14 24 3 10.079362
14 25 0 20.897581
14 25 3 9.665350
14 26 0 19.943271
14 26 3 9.964093
14 27 0 19.032981
14 27 3 9.825478
14 28 0 20.000642
14 28 3 9.646170
14 29 0 18.898636
14 29 3 9.664457
14 30 0 17.354320
14 30 3 9.506504
14 31 0 18.491531
14 31 3 9.878995
14 32 0 18.041173
14 32 3 9.752720
14 33 0 24.324602
14 33 3 11.185156
14 34 0 18.434203
14 34 3 10.633456
14 35 0 19.467153
14 35 3 10.330745
14 36 0 22.506283
14 36 3 10.120981
14 37 0 19.226151
14 37 3 10.514220
14 38 0 20.158532
14 38 3 11.064297
14 39 0 18.030460
14 39 3 10.491260
14 40 0 18.355358
14 40 3 10.282375
14 42 0 23.810627
14 42 3 16.211104
14 44 0 22.880724
14 44 3 16.851741
14 46 0 23.356950
14 46 3 15.463595
14 48 0 22.489665
14 48 3 17.648651
14 50 0 22.526344
14 50 3 19.622179
14 52 0 18.431662
14 52 3 14.267831
14 54 0 22.316480
14 54 3 16.551738
14 56 0 18.834278
14 56 3 14.128784
14 58 0 18.947482
14 58 3 13.824770
14 60 0 22.949303
14 60 3 17.699380
14 63 0 24.025325
14 63 3 16.127482
14 66 0 23.719970
14 66 3 19.453900
14 69 0 25.887298
14 69 3 18.974482
14 72 0 24.541707
14 72 3 23.034886
14 75 0 22.580159
14 75 3 19.203520
14 78 0 22.767762
14 78 3 26.856831
14 81 0 23.575997
14 81 3 18.039510
14 85 0 24.064426
14 85 3 22.209716
14 89 0 24.495512
14 89 3 21.552712
14 93 0 23.112615
14 93 3 25.056911
14 97 0 26.752997
14 97 3 29.611324
14 101 0 26.700223
14 101 3 30.361527
14 106 0 25.349883
14 106 3 30.679962
14 111 0 26.248677
14 111 3 29.454540
14 116 0 23.739589
14 116 3 31.544880
14 121 0 25.725330
14 121 3 34.126747
14 127 0 26.360329
14 127 3 36.945390
14 133 0 25.983240
14 133 3 39.057310
14 139 0 27.414095
14 139 3 40.914007
14 145 0 25.604026
14 145 3 40.364566
14 152 0 25.989102
14 152 3 39.147873
14 159 0 25.772006
14 159 3 41.379475
14 166 0 26.966172
14 166 3 43.313158
14 174 0 26.289800
14 174 3 41.937421
14 182 0 25.597490
14 182 3 47.551364
14 191 0 23.656044
14 191 3 45.968776
14 200 0 23.434629
14 200 3 47.716926
14 210 0 23.185543
14 210 3 48.788883
14 220 0 26.489643
14 220 3 45.618937
14 231 0 22.687168
14 231 3 47.171714
14 242 0 24.215657
14 242 3 51.585025
14 254 0 24.145953
14 254 3 49.783145
14 266 0 24.577536
14 266 3 46.477779
14 279 0 24.143669
14 279 3 47.464225
14 292 0 22.845720
14 292 3 49.737676
14 306 0 23.521478
14 306 3 50.553598
14 321 0 22.522231
14 321 3 49.374218
14 337 0 23.737061
14 337 3 47.673151
14 353 0 23.317648
14 353 3 51.945757
14 370 0 23.726174
14 370 3 52.408375
14 388 0 23.653159
14 388 3 53.144070
14 407 0 22.368155
14 407 3 53.190656
14 427 0 22.210394
14 427 3 54.431003
14 448 0 21.778264
14 448 3 53.096860
14 470 0 22.292856
14 470 3 51.522018
14 493 0 22.134777
14 493 3 54.633391
14 517 0 20.721662
14 517 3 54.439409
14 542 0 21.717101
14 542 3 54.492252
14 569 0 21.882756
14 569 3 53.016921
14 597 0 20.901922
14 597 3 55.989882
14 626 0 22.124189
14 626 3 50.506958
14 657 0 21.712298
14 657 3 54.054984
14 689 0 23.795078
14 689 3 56.751502
14 723 0 24.338569
14 723 3 54.633382
14 759 0 26.461663
14 759 3 59.159981
14 796 0 27.331376
14 796 3 62.448397
14 835 0 31.291618
14 835 3 64.862892
14 876 0 28.038341
14 876 3 66.531905
14 919 0 30.731227
14 919 3 71.087547
14 964 0 32.183128
14 964 3 78.644839
14 1012 0 31.884907
14 1012 3 77.696562
15 1 3 6.407812
15 2 3 7.746883
15 3 3 8.434405
15 4 3 8.345625
15 5 0 47.283632
15 5 3 10.044916
15 6 0 49.391680
15 6 3 9.779509
15 7 0 51.872032
15 7 3 11.163163
15 8 0 44.268666
15 8 3 10.551544
15 9 0 38.963479
15 9 3 12.094833
15 10 0 38.523518
15 10 3 12.222061
15 11 0 37.864115
15 11 3 13.769335
15 12 0 33.435127
15 12 3 11.412180
15 13 0 32.175273
15 13 3 12.486153
15 14 0 33.346695
15 14 3 12.336655
15 15 0 31.795430
15 15 3 10.893844
15 16 0 24.953103
15 16 3 10.559404
15 17 0 35.211729
15 17 3 15.377041
15 18 0 34.531805
15 18 3 14.614128
15 19 0 31.527912
15 19 3 16.683449
15 20 0 31.835156
15 20 3 14.832984
15 21 0 34.653001
15 21 3 15.868426
15 22 0 35.596603
15 22 3 15.826382
15 23 0 29.643349
15 23 3 14.198365
15 24 0 33.403408
15 24 3 14.142198
15 25 0 34.752680
15 25 3 14.031099
15 26 0 30.803567
15 26 3 13.023994
15 27 0 31.247649
15 27 3 13.036578
15 28 0 34.274269
15 28 3 14.629525
15 29 0 32.774969
15 29 3 15.636304
15 30 0 32.698548
15 30 3 13.423118
15 31 0 29.270147
15 31 3 12.240946
15 32 0 31.105326
15 32 3 15.802897
15 33 0 37.699213
15 33 3 20.472270
15 34 0 36.462314
15 34 3 18.905406
15 35 0 37.497936
15 35 3 18.291924
15 36 0 37.860918
15 36 3 22.331138
15 37 0 37.569572
15 37 3 23.671678
15 38 0 42.654167
15 38 3 20.823590
15 39 0 36.722120
15 39 3 22.258267
15 40 0 35.562186
15 40 3 23.658912
15 42 0 29.239186
15 42 3 35.796188
15 44 0 29.069157
15 44 3 38.108578
15 46 0 28.706966
15 46 3 37.603316
15 48 0 25.479929
15 48 3 31.922246
15 50 0 30.006138
15 50 3 28.477115
15 52 0 29.695895
15 52 3 22.244922
15 54 0 27.937577
15 54 3 30.276855
15 56 0 30.111904
15 56 3 31.265143
15 58 0 30.523338
15 58 3 29.604421
15 60 0 26.472028
15 60 3 36.733312
15 63 0 30.231956
15 63 3 36.013146
15 66 0 27.518683
15 66 3 33.711935
15 69 0 31.060337
15 69 3 31.810022
15 72 0 30.409470
15 72 3 34.843490
15 75 0 30.099358
15 75 3 37.648800
15 78 0 30.185257
15 78 3 39.554053
15 81 0 31.744369
15 81 3 42.942149
15 85 0 31.022716
15 85 3 44.513554
15 89 0 31.497663
15 89 3 43.329392
15 93 0 32.544133
15 93 3 43.182674
15 97 0 29.937625
15 97 3 45.734873
15 101 0 30.386776
15 101 3 46.628992
15 106 0 30.993816
15 106 3 43.579327
15 111 0 29.896075
15 111 3 43.931018
15 116 0 29.247487
15 116 3 50.178300
15 121 0 31.342430
15 121 3 47.384655
15 127 0 29.556175
15 127 3 50.337748
15 133 0 30.489340
15 133 3 46.788387
15 139 0 31.112705
15 139 3 50.041553
15 145 0 31.277622
15 145 3 45.822493
15 152 0 28.929462
15 152 3 46.651610
15 159 0 28.682292
15 159 3 48.741677
15 166 0 30.202066
15 166 3 51.090854
15 174 0 29.636245
15 174 3 49.142218
15 182 0 28.378652
15 182 3 47.359834
15 191 0 28.801826
15 191 3 49.698551
15 200 0 29.456018
15 200 3 50.382852
15 210 0 28.650236
15 210 3 51.347224
15 220 0 29.199414
15 220 3 50.878218
15 231 0 27.229735
15 231 3 53.861003
15 242 0 26.829448
15 242 3 51.677747
15 254 0 27.025224
15 254 3 52.207978
15 266 0 28.475627
15 266 3 50.309073
15 279 0 28.199035
15 279 3 53.682206
15 292 0 26.170265
15 292 3 55.011348
15 306 0 27.944660
15 306 3 52.911573
15 321 0 25.871040
15 321 3 54.931857
15 337 0 27.785124
15 337 3 55.288834
15 353 0 25.739211
15 353 3 54.697288
15 370 0 27.961698
15 370 3 53.558942
15 388 0 27.262296
15 388 3 55.115861
15 407 0 27.882710
15 407 3 54.291773
15 427 0 29.521878
15 427 3 51.964946
15 448 0 31.070134
15 448 3 52.075441
15 470 0 29.184379
15 470 3 55.715129
15 493 0 33.153720
15 493 3 55.313873
16 1 3 8.197113
16 2 3 8.587913
16 3 3 8.864567
16 4 3 9.349005
16 5 0 58.262265
16 5 3 15.659843
16 6 0 57.190319
16 6 3 15.112281
16 7 0 59.829660
16 7 3 16.943748
16 8 0 68.735330
16 8 3 14.377638
16 9 0 59.043047
16 9 3 16.089947
16 10 0 57.848476
16 10 3 15.170669
16 11 0 58.378703
16 11 3 16.736345
16 12 0 50.388926
16 12 3 15.919876
16 13 0 51.369400
16 13 3 17.131869
16 14 0 53.499668
16 14 3 19.519355
16 15 0 54.588728
16 15 3 19.957209
16 16 0 50.741584
16 16 3 21.182070
16 17 0 44.643846
16 17 3 29.878239
16 18 0 44.384648
16 18 3 27.384577
16 19 0 45.130157
16 19 3 33.687266
16 20 0 43.113975
16 20 3 33.331386
16 21 0 40.661600
16 21 3 33.571526
16 22 0 47.293836
16 22 3 32.788405
16 23 0 46.556490
16 23 3 37.798681
16 24 0 44.955499
16 24 3 38.957076
16 25 0 43.529700
16 25 3 35.362592
16 26 0 45.329064
16 26 3 38.233613
16 27 0 42.713342
16 27 3 39.214385
16 28 0 41.768715
16 28 3 35.838698
16 29 0 40.230753
16 29 3 36.884398
16 30 0 36.760667
16 30 3 32.322654
16 31 0 41.082538
16 31 3 33.851017
16 32 0 33.913139
16 32 3 35.408210
16 33 0 31.537964
16 33 3 33.141106
16 34 0 40.602326
16 34 3 38.027871
16 35 0 40.157328
16 35 3 40.836985
16 36 0 32.165825
16 36 3 31.786216
16 37 0 33.816797
16 37 3 31.932855
16 38 0 42.236418
16 38 3 38.902119
16 39 0 41.246698
16 39 3 39.837289
16 40 0 39.077504
16 40 3 40.894804
16 42 0 33.581447
16 42 3 31.847340
16 44 0 37.284416
16 44 3 35.764947
16 46 0 35.265092
16 46 3 26.846066
16 48 0 36.217558
16 48 3 35.024409
16 50 0 46.539141
16 50 3 40.538978
16 52 0 45.408527
16 52 3 43.145568
16 54 0 43.955993
16 54 3 43.974888
16 56 0 43.802939
16 56 3 47.076359
16 58 0 43.950141
16 58 3 44.881770
16 60 0 38.832303
16 60 3 47.046487
16 63 0 41.388553
16 63 3 44.648942
16 66 0 41.608679
16 66 3 46.548250
16 69 0 38.871176
16 69 3 51.289624
16 72 0 40.189538
16 72 3 48.916047
16 75 0 38.509368
16 75 3 47.361440
16 78 0 39.533098
16 78 3 48.560830
16 81 0 39.487461
16 81 3 50.783100
16 85 0 37.963401
16 85 3 48.852578
16 89 0 38.485743
16 89 3 50.519334
16 93 0 37.574376
16 93 3 47.485951
16 97 0 41.148976
16 97 3 50.231424
16 101 0 39.585316
16 101 3 50.812979
16 106 0 37.598320
16 106 3 49.732926
16 111 0 39.312337
16 111 3 49.653509
16 116 0 39.336925
16 116 3 53.133915
16 121 0 36.851470
16 121 3 51.553858
16 127 0 36.859160
16 127 3 52.325782
16 133 0 38.411554
16 133 3 51.087846
16 139 0 39.882400
16 139 3 51.764477
16 145 0 37.056329
16 145 3 52.926224
16 152 0 36.323134
16 152 3 52.719159
16 159 0 41.135415
16 159 3 52.904511
16 166 0 37.791029
16 166 3 52.188061
16 174 0 34.125590
16 174 3 50.725160
16 182 0 35.323703
16 182 3 54.020891
16 191 0 35.792599
16 191 3 53.259849
16 200 0 35.737898
16 200 3 54.461124
16 210 0 35.153106
16 210 3 54.207099
16 220 0 35.661519
16 220 3 55.653927
16 231 0 36.523371
16 231 3 55.032012
16 242 0 35.767175
16 242 3 53.469038
16 254 0 36.368438
16 254 3 53.303652
