4 1 3 24.110476
4 2 3 19.562260
4 3 3 18.669037
4 4 3 16.694788
4 5 0 88.463464
4 5 3 14.924567
4 6 0 79.393989
4 6 3 14.684268
4 7 0 68.468751
4 7 3 15.058411
4 8 0 61.841995
4 8 3 14.279901
4 9 0 58.222961
4 9 3 14.594321
4 10 0 52.956313
4 10 3 14.248359
4 11 0 48.197405
4 11 3 14.101045
4 12 0 44.802389
4 12 3 15.221433
4 13 0 34.520383
4 13 3 16.359606
4 14 0 39.030638
4 14 3 15.056674
4 15 0 37.988850
4 15 3 13.872292
4 16 0 36.573376
4 16 3 14.042328
4 17 0 54.023645
4 17 3 12.183885
4 18 0 51.227850
4 18 3 14.089815
4 19 0 43.906544
4 19 3 13.701456
4 20 0 44.153008
4 20 3 13.966034
4 21 0 41.993943
4 21 3 11.943177
4 22 0 38.749021
4 22 3 14.701288
4 23 0 36.259164
4 23 3 14.323458
4 24 0 36.795026
4 24 3 15.005273
4 25 0 33.252241
4 25 3 14.204690
4 26 0 22.088036
4 26 3 14.771785
4 27 0 33.875763
4 27 3 15.310832
4 28 0 31.056678
4 28 3 13.465938
4 29 0 31.193530
4 29 3 14.492857
4 30 0 29.040013
4 30 3 13.948638
4 31 0 27.419474
4 31 3 13.972455
4 32 0 27.650943
4 32 3 14.361627
4 33 0 25.066594
4 33 3 14.104413
4 34 0 25.953191
4 34 3 13.377070
4 35 0 25.235017
4 35 3 14.668675
4 36 0 25.207798
4 36 3 14.491067
4 37 0 24.355964
4 37 3 14.204064
4 38 0 23.211246
4 38 3 14.365338
4 39 0 22.813840
4 39 3 14.746976
4 40 0 23.100742
4 40 3 14.546544
4 42 0 21.845736
4 42 3 12.101951
4 44 0 23.268128
4 44 3 12.091559
4 46 0 21.544711
4 46 3 11.665938
4 48 0 21.684857
4 48 3 11.782079
4 50 0 18.871728
4 50 3 12.166655
4 52 0 17.973634
4 52 3 12.082602
4 54 0 18.085075
4 54 3 11.902752
4 56 0 17.299619
4 56 3 12.152986
4 58 0 17.274600
4 58 3 11.636076
4 60 0 17.703472
4 60 3 11.195666
4 63 0 18.275747
4 63 3 11.254836
4 66 0 17.736213
4 66 3 10.971673
4 69 0 16.550666
4 69 3 10.676081
4 72 0 17.027802
4 72 3 10.470720
4 75 0 16.208190
4 75 3 10.354695
4 78 0 16.124984
4 78 3 9.844702
4 81 0 14.961256
4 81 3 10.041935
4 85 0 15.281221
4 85 3 9.905057
4 89 0 13.872385
4 89 3 9.448140
4 93 0 14.977977
4 93 3 9.317694
4 97 0 15.046131
4 97 3 9.252808
4 101 0 15.212678
4 101 3 9.146437
4 106 0 14.604705
4 106 3 8.832451
4 111 0 14.638320
4 111 3 8.812077
4 116 0 13.488699
4 116 3 8.672089
4 121 0 12.906260
4 121 3 8.640442
4 127 0 13.406041
4 127 3 8.555094
4 133 0 11.988756
4 133 3 8.186115
4 139 0 12.570217
4 139 3 8.022445
4 145 0 12.272427
4 145 3 7.983499
4 152 0 11.919884
4 152 3 7.908536
4 159 0 12.433456
4 159 3 7.910433
4 166 0 11.997864
4 166 3 7.571997
4 174 0 12.102560
4 174 3 7.767646
4 182 0 10.775459
4 182 3 7.502182
4 191 0 11.558553
4 191 3 7.502567
4 200 0 10.911140
4 200 3 7.345706
4 210 0 10.720711
4 210 3 7.269853
4 220 0 10.786756
4 220 3 7.274293
4 231 0 10.974438
4 231 3 7.367954
4 242 0 10.988333
4 242 3 7.243581
4 254 0 10.958366
4 254 3 7.258862
4 266 0 10.848382
4 266 3 7.307452
4 279 0 10.402278
4 279 3 7.157687
4 292 0 10.228311
4 292 3 7.056779
4 306 0 9.950857
4 306 3 7.388898
4 321 0 10.388878
4 321 3 7.174344
4 337 0 10.368491
4 337 3 7.179532
4 353 0 10.181361
4 353 3 6.813830
4 370 0 10.193494
4 370 3 7.024934
4 388 0 9.161141
4 388 3 6.843955
4 407 0 9.942140
4 407 3 7.047862
4 427 0 9.682054
4 427 3 6.799760
4 448 0 9.758266
4 448 3 6.543526
4 470 0 9.771688
4 470 3 6.805756
4 493 0 9.781678
4 493 3 6.804677
4 517 0 9.865080
4 517 3 6.799568
4 542 0 9.981759
4 542 3 6.815831
4 569 0 9.173669
4 569 3 6.434181
4 597 0 9.506339
4 597 3 6.999040
4 626 0 8.809792
4 626 3 6.311565
4 657 0 9.373374
4 657 3 6.743293
4 689 0 9.465211
4 689 3 6.576828
4 723 0 9.351180
4 723 3 6.610812
4 759 0 9.223687
4 759 3 6.815638
4 796 0 9.088481
4 796 3 6.418413
4 835 0 8.809980
4 835 3 6.482538
4 876 0 8.970380
4 876 3 6.397640
4 919 0 8.925113
4 919 3 6.265767
4 964 0 8.960139
4 964 3 6.664864
4 1012 0 8.910607
4 1012 3 6.477793
4 1062 0 8.965764
4 1062 3 6.578118
4 1115 0 8.741346
4 1115 3 6.368691
4 1170 0 8.578225
4 1170 3 6.441048
4 1228 0 8.471060
4 1228 3 6.333345
4 1289 0 8.473635
4 1289 3 6.133888
4 1353 0 8.720615
4 1353 3 6.406811
4 1420 0 8.418413
4 1420 3 6.055764
4 1491 0 8.500352
4 1491 3 6.239663
4 1565 0 8.621492
4 1565 3 6.563914
4 1643 0 8.533171
4 1643 3 6.445826
4 1725 0 8.422445
4 1725 3 6.355747
4 1811 0 8.548625
4 1811 3 6.085607
4 1901 0 8.392848
4 1901 3 6.289632
4 1996 0 8.330803
4 1996 3 6.207442
5 1 3 16.720975
5 2 3 14.239614
5 3 3 20.806441
5 4 3 13.066333
5 5 0 82.708472
5 5 3 12.441925
5 6 0 68.532950
5 6 3 12.702116
5 7 0 60.908723
5 7 3 12.634802
5 8 0 53.367053
5 8 3 11.706047
5 9 0 48.984260
5 9 3 11.714857
5 10 0 44.820668
5 10 3 12.352751
5 11 0 38.327351
5 11 3 11.297874
5 12 0 36.687728
5 12 3 11.957213
5 13 0 34.952877
5 13 3 12.045973
5 14 0 31.106724
5 14 3 11.971621
5 15 0 28.273379
5 15 3 11.445097
5 16 0 26.107255
5 16 3 11.915644
5 17 0 28.437697
5 17 3 12.175124
5 18 0 27.368025
5 18 3 12.250401
5 19 0 24.935029
5 19 3 11.868043
5 20 0 23.062780
5 20 3 11.852787
5 21 0 22.961514
5 21 3 11.694777
5 22 0 22.322616
5 22 3 11.994178
5 23 0 20.143604
5 23 3 11.493688
5 24 0 21.466197
5 24 3 12.306091
5 25 0 19.334473
5 25 3 11.408969
5 26 0 19.820390
5 26 3 12.997568
5 27 0 20.597134
5 27 3 12.360398
5 28 0 19.398738
5 28 3 12.068648
5 29 0 19.159720
5 29 3 11.846166
5 30 0 18.421625
5 30 3 11.269759
5 31 0 18.129731
5 31 3 10.897970
5 32 0 18.522314
5 32 3 10.946626
5 33 0 17.120163
5 33 3 10.579509
5 34 0 18.749339
5 34 3 10.825512
5 35 0 18.352515
5 35 3 11.040195
5 36 0 17.369790
5 36 3 10.488670
5 37 0 17.002138
5 37 3 10.253647
5 38 0 16.808155
5 38 3 10.105171
5 39 0 18.026213
5 39 3 10.342716
5 40 0 16.088963
5 40 3 10.028629
5 42 0 16.667745
5 42 3 9.981915
5 44 0 15.488832
5 44 3 9.803221
5 46 0 16.042495
5 46 3 9.422657
5 48 0 15.636368
5 48 3 9.405174
5 50 0 14.530098
5 50 3 9.100671
5 52 0 14.108888
5 52 3 8.812530
5 54 0 14.451026
5 54 3 8.763807
5 56 0 13.734583
5 56 3 8.579351
5 58 0 13.950390
5 58 3 8.660426
5 60 0 13.693059
5 60 3 8.320874
5 63 0 13.401591
5 63 3 8.617199
5 66 0 12.917832
5 66 3 8.273368
5 69 0 12.679585
5 69 3 8.106057
5 72 0 12.365461
5 72 3 7.987653
5 75 0 12.657636
5 75 3 7.978206
5 78 0 11.845181
5 78 3 7.795848
5 81 0 11.963072
5 81 3 7.846026
5 85 0 12.278325
5 85 3 7.905911
5 89 0 11.674739
5 89 3 7.560808
5 93 0 11.974648
5 93 3 7.394894
5 97 0 11.658908
5 97 3 7.838274
5 101 0 11.315921
5 101 3 7.915354
5 106 0 11.103424
5 106 3 7.304223
5 111 0 11.342617
5 111 3 7.367604
5 116 0 11.126585
5 116 3 7.344250
5 121 0 10.614262
5 121 3 7.190917
5 127 0 10.666175
5 127 3 7.219549
5 133 0 10.345461
5 133 3 7.119208
5 139 0 10.572642
5 139 3 7.070646
5 145 0 10.400678
5 145 3 7.086352
5 152 0 10.217599
5 152 3 6.772989
5 159 0 10.248713
5 159 3 6.879455
5 166 0 9.907066
5 166 3 6.933855
5 174 0 10.040180
5 174 3 6.815093
5 182 0 9.574654
5 182 3 6.706322
5 191 0 9.829252
5 191 3 6.690500
5 200 0 9.461551
5 200 3 6.577513
5 210 0 9.623704
5 210 3 6.588341
5 220 0 9.253584
5 220 3 6.593085
5 231 0 9.777479
5 231 3 6.683642
5 242 0 9.443416
5 242 3 6.536711
5 254 0 9.574835
5 254 3 6.624888
5 266 0 9.377037
5 266 3 6.621500
5 279 0 9.413825
5 279 3 6.632343
5 292 0 9.718252
5 292 3 6.949847
5 306 0 9.354575
5 306 3 6.547832
5 321 0 9.359047
5 321 3 6.529268
5 337 0 9.192563
5 337 3 6.458774
5 353 0 9.099312
5 353 3 6.351457
5 370 0 9.005190
5 370 3 6.477055
5 388 0 9.043673
5 388 3 6.352493
5 407 0 9.007706
5 407 3 6.408610
5 427 0 8.970616
5 427 3 6.281511
5 448 0 9.065563
5 448 3 6.368984
5 470 0 8.851489
5 470 3 6.333353
5 493 0 9.087031
5 493 3 6.408036
5 517 0 9.036112
5 517 3 6.359998
5 542 0 8.993600
5 542 3 6.544311
5 569 0 8.846366
5 569 3 6.247269
5 597 0 8.532434
5 597 3 6.550537
5 626 0 8.636851
5 626 3 6.062429
5 657 0 8.695014
5 657 3 6.163575
5 689 0 8.803197
5 689 3 6.598330
5 723 0 8.645150
5 723 3 6.189825
5 759 0 8.452154
5 759 3 6.239177
5 796 0 8.683326
5 796 3 6.310502
5 835 0 8.706995
5 835 3 6.236840
5 876 0 8.463162
5 876 3 6.421703
5 919 0 8.464151
5 919 3 6.310173
5 964 0 8.451286
5 964 3 6.487376
5 1012 0 8.348419
5 1012 3 6.533883
5 1062 0 8.693431
5 1062 3 6.673675
5 1115 0 8.261452
5 1115 3 6.582308
5 1170 0 8.418218
5 1170 3 6.562517
5 1228 0 8.273053
5 1228 3 7.204813
5 1289 0 8.377511
5 1289 3 7.852286
5 1353 0 8.439618
5 1353 3 9.028448
5 1420 0 8.454899
5 1420 3 8.279736
5 1491 0 8.602540
5 1491 3 8.267232
5 1565 0 8.123118
5 1565 3 8.373700
5 1643 0 8.293478
5 1643 3 8.613435
5 1725 0 8.292510
5 1725 3 8.989525
5 1811 0 8.424238
5 1811 3 9.775051
5 1901 0 8.223926
5 1901 3 8.773094
5 1996 0 8.271837
5 1996 3 9.344716
6 1 3 14.779348
6 2 3 13.256310
6 3 3 12.866332
6 4 3 12.189114
6 5 0 41.869795
6 5 3 11.898140
6 6 0 37.086952
6 6 3 11.617776
6 7 0 32.438223
6 7 3 12.190134
6 8 0 27.596106
6 8 3 11.421821
6 9 0 26.021622
6 9 3 11.918900
6 10 0 24.933189
6 10 3 12.146714
6 11 0 22.682569
6 11 3 11.828876
6 12 0 20.855097
6 12 3 11.783270
6 13 0 20.130005
6 13 3 11.697932
6 14 0 19.115985
6 14 3 11.688217
6 15 0 18.659402
6 15 3 11.242133
6 16 0 18.185438
6 16 3 10.687513
6 17 0 20.159125
6 17 3 10.686846
6 18 0 19.745316
6 18 3 10.593821
6 19 0 18.175266
6 19 3 10.112087
6 20 0 17.010425
6 20 3 9.794166
6 21 0 17.304182
6 21 3 9.664851
6 22 0 16.737054
6 22 3 9.670826
6 23 0 15.528674
6 23 3 9.044967
6 24 0 16.161212
6 24 3 9.455661
6 25 0 15.009981
6 25 3 8.849749
6 26 0 14.873757
6 26 3 8.961386
6 27 0 15.318857
6 27 3 9.106959
6 28 0 14.317440
6 28 3 8.833511
6 29 0 14.094102
6 29 3 8.706633
6 30 0 13.617073
6 30 3 8.375706
6 31 0 13.406149
6 31 3 8.132308
6 32 0 14.040127
6 32 3 8.316636
6 33 0 13.930047
6 33 3 8.047023
6 34 0 14.366044
6 34 3 8.351742
6 35 0 14.327241
6 35 3 8.490415
6 36 0 14.107104
6 36 3 8.190636
6 37 0 13.634493
6 37 3 7.958244
6 38 0 13.498991
6 38 3 8.051841
6 39 0 13.896539
6 39 3 8.210585
6 40 0 12.907796
6 40 3 7.845583
6 42 0 12.702969
6 42 3 7.766377
6 44 0 12.600163
6 44 3 7.838175
6 46 0 12.764843
6 46 3 7.696252
6 48 0 12.341291
6 48 3 7.584825
6 50 0 12.096744
6 50 3 7.411858
6 52 0 11.797965
6 52 3 7.292815
6 54 0 11.786314
6 54 3 7.444470
6 56 0 11.420933
6 56 3 7.345280
6 58 0 11.190350
6 58 3 7.351203
6 60 0 10.845271
6 60 3 7.114802
6 63 0 11.329805
6 63 3 7.190531
6 66 0 11.216737
6 66 3 7.119681
6 69 0 11.364186
6 69 3 7.115640
6 72 0 10.742553
6 72 3 6.933381
6 75 0 10.355478
6 75 3 6.909223
6 78 0 10.354180
6 78 3 6.871869
6 81 0 10.304875
6 81 3 6.817173
6 85 0 10.202084
6 85 3 6.875036
6 89 0 10.187794
6 89 3 6.702215
6 93 0 9.709285
6 93 3 6.515738
6 97 0 10.069456
6 97 3 6.683091
6 101 0 9.962015
6 101 3 6.866168
6 106 0 9.839736
6 106 3 6.760766
6 111 0 9.729894
6 111 3 6.701530
6 116 0 9.914810
6 116 3 6.611646
6 121 0 9.672781
6 121 3 6.400185
6 127 0 9.676405
6 127 3 6.479520
6 133 0 9.533886
6 133 3 6.511600
6 139 0 9.226913
6 139 3 6.479494
6 145 0 9.325759
6 145 3 6.596723
6 152 0 9.147033
6 152 3 6.247604
6 159 0 9.270307
6 159 3 6.573907
6 166 0 9.017374
6 166 3 6.288372
6 174 0 9.018479
6 174 3 6.300129
6 182 0 9.080886
6 182 3 6.292155
6 191 0 8.980691
6 191 3 6.238113
6 200 0 8.855560
6 200 3 6.193988
6 210 0 8.828739
6 210 3 6.244606
6 220 0 8.843621
6 220 3 6.142362
6 231 0 8.867481
6 231 3 6.257648
6 242 0 8.783727
6 242 3 6.274739
6 254 0 8.834151
6 254 3 6.303750
6 266 0 8.787740
6 266 3 6.207102
6 279 0 8.854238
6 279 3 6.228660
6 292 0 8.871201
6 292 3 6.340199
6 306 0 9.028434
6 306 3 6.708388
6 321 0 8.782517
6 321 3 6.159723
6 337 0 8.783027
6 337 3 6.209430
6 353 0 8.583325
6 353 3 6.035863
6 370 0 8.661073
6 370 3 6.265707
6 388 0 8.537771
6 388 3 6.060197
6 407 0 8.838102
6 407 3 6.137731
6 427 0 8.634898
6 427 3 6.350923
6 448 0 8.506855
6 448 3 6.279658
6 470 0 8.520202
6 470 3 6.065238
6 493 0 8.636803
6 493 3 6.402670
6 517 0 8.791291
6 517 3 6.556228
6 542 0 8.609501
6 542 3 6.075063
6 569 0 9.048948
6 569 3 7.216312
6 597 0 8.368957
6 597 3 6.602958
6 626 0 8.793358
6 626 3 7.767903
6 657 0 8.699409
6 657 3 7.591619
6 689 0 8.829051
6 689 3 8.332500
6 723 0 8.565396
6 723 3 7.799511
6 759 0 8.939651
6 759 3 9.019719
6 796 0 9.054309
6 796 3 9.004369
6 835 0 8.951666
6 835 3 8.850076
6 876 0 8.908637
6 876 3 8.540064
6 919 0 8.968544
6 919 3 9.122282
6 964 0 9.285036
6 964 3 9.508372
6 1012 0 9.054490
6 1012 3 8.917613
6 1062 0 9.366211
6 1062 3 10.423635
6 1115 0 8.873925
6 1115 3 8.649594
6 1170 0 9.212159
6 1170 3 9.370672
6 1228 0 9.260597
6 1228 3 10.033287
6 1289 0 8.895884
6 1289 3 9.433323
6 1353 0 8.787349
6 1353 3 9.207807
6 1420 0 9.181111
6 1420 3 9.791873
6 1491 0 8.988812
6 1491 3 10.360465
6 1565 0 8.617346
6 1565 3 8.884707
6 1643 0 8.802228
6 1643 3 9.184969
6 1725 0 8.797866
6 1725 3 9.526451
6 1811 0 8.482418
6 1811 3 9.098923
6 1901 0 8.947105
6 1901 3 9.286075
6 1996 0 9.141597
6 1996 3 9.201826
7 1 3 14.812390
7 2 3 11.984513
7 3 3 12.128530
7 4 3 11.636450
7 5 0 25.845470
7 5 3 11.688534
7 6 0 23.609114
7 6 3 11.933370
7 7 0 21.580761
7 7 3 11.774827
7 8 0 20.067241
7 8 3 10.678617
7 9 0 20.159121
7 9 3 10.608999
7 10 0 18.611841
7 10 3 10.212901
7 11 0 17.467239
7 11 3 9.740052
7 12 0 16.618220
7 12 3 9.377481
7 13 0 15.826553
7 13 3 8.894440
7 14 0 15.032809
7 14 3 8.601127
7 15 0 14.643486
7 15 3 8.525317
7 16 0 14.229855
7 16 3 8.311278
7 17 0 15.308862
7 17 3 8.395673
7 18 0 14.919614
7 18 3 8.353427
7 19 0 14.034382
7 19 3 7.999764
7 20 0 13.623450
7 20 3 7.751646
7 21 0 13.472998
7 21 3 7.709012
7 22 0 13.039717
7 22 3 7.660163
7 23 0 12.760015
7 23 3 7.288407
7 24 0 13.256134
7 24 3 7.719234
7 25 0 12.941686
7 25 3 7.393974
7 26 0 12.571831
7 26 3 7.381956
7 27 0 13.040235
7 27 3 7.532461
7 28 0 11.966501
7 28 3 7.243883
7 29 0 12.266804
7 29 3 7.325081
7 30 0 11.548541
7 30 3 7.104073
7 31 0 11.935677
7 31 3 6.997962
7 32 0 11.764477
7 32 3 7.138943
7 33 0 12.360391
7 33 3 7.059300
7 34 0 12.225147
7 34 3 7.195954
7 35 0 12.401977
7 35 3 7.258019
7 36 0 11.646165
7 36 3 7.092794
7 37 0 11.543156
7 37 3 6.914349
7 38 0 11.686360
7 38 3 7.027542
7 39 0 11.671715
7 39 3 7.039850
7 40 0 11.196318
7 40 3 6.867511
7 42 0 11.049106
7 42 3 6.852711
7 44 0 11.223473
7 44 3 6.910746
7 46 0 10.845532
7 46 3 6.900120
7 48 0 10.671529
7 48 3 6.822883
7 50 0 10.730495
7 50 3 6.705928
7 52 0 10.662907
7 52 3 6.610072
7 54 0 10.470263
7 54 3 6.656101
7 56 0 10.354234
7 56 3 6.652917
7 58 0 10.345502
7 58 3 6.597256
7 60 0 10.238243
7 60 3 6.542391
7 63 0 10.273492
7 63 3 6.636822
7 66 0 10.139699
7 66 3 6.549465
7 69 0 9.969647
7 69 3 6.489108
7 72 0 9.621808
7 72 3 6.366663
7 75 0 9.550906
7 75 3 6.399652
7 78 0 9.665322
7 78 3 6.383668
7 81 0 9.533567
7 81 3 6.340423
7 85 0 9.569237
7 85 3 6.323694
7 89 0 9.356584
7 89 3 6.310422
7 93 0 9.119098
7 93 3 6.226951
7 97 0 9.413390
7 97 3 6.160068
7 101 0 9.312470
7 101 3 6.197559
7 106 0 9.261491
7 106 3 6.352440
7 111 0 9.272365
7 111 3 6.276024
7 116 0 9.083932
7 116 3 6.255741
7 121 0 8.945030
7 121 3 6.073032
7 127 0 8.932336
7 127 3 6.106078
7 133 0 9.072347
7 133 3 6.108614
7 139 0 9.039651
7 139 3 6.054406
7 145 0 9.008357
7 145 3 6.088205
7 152 0 8.600015
7 152 3 6.134477
7 159 0 9.007589
7 159 3 6.355822
7 166 0 8.680517
7 166 3 6.006351
7 174 0 8.632866
7 174 3 6.025964
7 182 0 8.632509
7 182 3 6.044555
7 191 0 8.576902
7 191 3 5.992423
7 200 0 8.456055
7 200 3 5.921225
7 210 0 8.457350
7 210 3 5.982689
7 220 0 8.557602
7 220 3 6.012209
7 231 0 8.555603
7 231 3 6.129431
7 242 0 8.655863
7 242 3 6.017079
7 254 0 8.788003
7 254 3 6.153110
7 266 0 8.818083
7 266 3 6.219547
7 279 0 8.930711
7 279 3 6.148530
7 292 0 9.394446
7 292 3 6.886716
7 306 0 9.090117
7 306 3 7.755296
7 321 0 9.181352
7 321 3 7.562470
7 337 0 9.080260
7 337 3 7.922671
7 353 0 9.176877
7 353 3 7.751318
7 370 0 9.305718
7 370 3 8.121290
7 388 0 9.310588
7 388 3 8.111834
7 407 0 9.270292
7 407 3 8.484196
7 427 0 9.045030
7 427 3 8.860986
7 448 0 8.875479
7 448 3 8.708559
7 470 0 9.214854
7 470 3 8.691038
7 493 0 9.485797
7 493 3 8.544905
7 517 0 8.985424
7 517 3 9.104634
7 542 0 9.494689
7 542 3 9.094750
7 569 0 8.985231
7 569 3 9.806866
7 597 0 9.457654
7 597 3 9.268295
7 626 0 9.322139
7 626 3 9.731934
7 657 0 9.385861
7 657 3 9.179599
7 689 0 8.905666
7 689 3 8.731333
7 723 0 9.032618
7 723 3 9.811166
7 759 0 9.137280
7 759 3 9.093842
7 796 0 9.246458
7 796 3 9.854886
7 835 0 9.267151
7 835 3 9.546157
7 876 0 8.858144
7 876 3 9.507778
7 919 0 8.917111
7 919 3 9.543259
7 964 0 9.173116
7 964 3 10.520402
7 1012 0 9.005312
7 1012 3 9.138584
7 1062 0 8.609231
7 1062 3 9.906024
7 1115 0 8.734609
7 1115 3 8.991764
7 1170 0 8.907560
7 1170 3 9.656694
7 1228 0 8.991282
7 1228 3 9.746065
7 1289 0 9.281760
7 1289 3 9.382541
7 1353 0 8.596646
7 1353 3 10.061999
7 1420 0 9.234825
7 1420 3 10.706777
7 1491 0 8.883078
7 1491 3 9.750434
7 1565 0 8.904526
7 1565 3 8.998222
7 1643 0 8.742372
7 1643 3 9.971981
7 1725 0 8.791031
7 1725 3 9.882718
7 1811 0 8.957198
7 1811 3 10.037401
7 1901 0 9.226831
7 1901 3 10.554824
7 1996 0 9.098886
7 1996 3 10.383023
8 1 3 13.881569
8 2 3 12.026460
8 3 3 11.954152
8 4 3 10.943700
8 5 0 20.403941
8 5 3 9.868670
8 6 0 19.227231
8 6 3 9.226581
8 7 0 18.140851
8 7 3 8.836739
8 8 0 16.754991
8 8 3 8.266452
8 9 0 16.863129
8 9 3 8.266631
8 10 0 16.062242
8 10 3 7.975149
8 11 0 15.136327
8 11 3 7.676875
8 12 0 14.682572
8 12 3 7.579737
8 13 0 14.396618
8 13 3 7.444797
8 14 0 13.499227
8 14 3 7.267348
8 15 0 13.392201
8 15 3 7.191731
8 16 0 12.467718
8 16 3 7.189480
8 17 0 13.519938
8 17 3 7.086981
8 18 0 13.115437
8 18 3 7.072691
8 19 0 12.848827
8 19 3 6.899033
8 20 0 12.341237
8 20 3 6.759266
8 21 0 12.407649
8 21 3 6.849261
8 22 0 12.203138
8 22 3 6.728496
8 23 0 11.727265
8 23 3 6.589351
8 24 0 11.893630
8 24 3 6.816608
8 25 0 11.895451
8 25 3 6.753213
8 26 0 11.685853
8 26 3 6.716009
8 27 0 11.657771
8 27 3 6.759707
8 28 0 11.194102
8 28 3 6.543764
8 29 0 11.161829
8 29 3 6.567193
8 30 0 11.023451
8 30 3 6.466701
8 31 0 11.050363
8 31 3 6.421305
8 32 0 10.763884
8 32 3 6.505018
8 33 0 11.305709
8 33 3 6.446330
8 34 0 11.489171
8 34 3 6.515325
8 35 0 11.284469
8 35 3 6.561836
8 36 0 11.011684
8 36 3 6.407338
8 37 0 10.928522
8 37 3 6.336395
8 38 0 10.938914
8 38 3 6.432211
8 39 0 11.007032
8 39 3 6.573685
8 40 0 10.648249
8 40 3 6.399086
8 42 0 10.485978
8 42 3 6.353349
8 44 0 10.524473
8 44 3 6.410086
8 46 0 10.256132
8 46 3 6.394615
8 48 0 9.908443
8 48 3 6.298882
8 50 0 10.211367
8 50 3 6.264835
8 52 0 10.051308
8 52 3 6.246773
8 54 0 10.118678
8 54 3 6.231196
8 56 0 9.864612
8 56 3 6.233746
8 58 0 9.921351
8 58 3 6.309511
8 60 0 9.851671
8 60 3 6.203831
8 63 0 9.720444
8 63 3 6.217505
8 66 0 9.724863
8 66 3 6.159295
8 69 0 9.614287
8 69 3 6.231762
8 72 0 9.348109
8 72 3 6.048085
8 75 0 9.333361
8 75 3 6.119343
8 78 0 9.301099
8 78 3 6.136267
8 81 0 9.267616
8 81 3 6.119822
8 85 0 9.112435
8 85 3 6.026833
8 89 0 9.139870
8 89 3 6.303058
8 93 0 8.972346
8 93 3 6.138833
8 97 0 9.102384
8 97 3 6.009819
8 101 0 9.117094
8 101 3 5.886203
8 106 0 9.221272
8 106 3 6.014076
8 111 0 9.145600
8 111 3 5.931909
8 116 0 9.072704
8 116 3 6.164844
8 121 0 8.832532
8 121 3 6.306755
8 127 0 8.895133
8 127 3 6.131111
8 133 0 9.188981
8 133 3 5.982082
8 139 0 9.153656
8 139 3 6.129375
8 145 0 9.401839
8 145 3 6.199672
8 152 0 9.277474
8 152 3 7.247350
8 159 0 9.564660
8 159 3 7.670216
8 166 0 9.293854
8 166 3 7.409986
8 174 0 9.428602
8 174 3 7.771472
8 182 0 9.481451
8 182 3 7.952325
8 191 0 9.410990
8 191 3 7.990981
8 200 0 9.230193
8 200 3 7.958297
8 210 0 9.405170
8 210 3 8.233154
8 220 0 9.346726
8 220 3 8.343192
8 231 0 9.396720
8 231 3 8.365071
8 242 0 9.434001
8 242 3 8.405045
8 254 0 9.598374
8 254 3 8.432565
8 266 0 9.360365
8 266 3 8.977528
8 279 0 9.714933
8 279 3 8.515363
8 292 0 9.510680
8 292 3 9.259323
8 306 0 9.415426
8 306 3 8.912217
8 321 0 9.198561
8 321 3 8.759834
8 337 0 9.166944
8 337 3 8.756456
8 353 0 9.001398
8 353 3 8.693583
8 370 0 9.082388
8 370 3 8.660119
8 388 0 8.998747
8 388 3 8.852891
8 407 0 9.155880
8 407 3 8.923992
8 427 0 9.168151
8 427 3 8.794250
8 448 0 9.018063
8 448 3 9.099997
8 470 0 9.201383
8 470 3 9.441358
8 493 0 9.339321
8 493 3 9.715394
8 517 0 9.123160
8 517 3 9.751969
8 542 0 8.954315
8 542 3 10.019739
8 569 0 8.560450
8 569 3 8.546446
8 597 0 9.344747
8 597 3 10.360680
8 626 0 8.911486
8 626 3 9.330578
8 657 0 9.018619
8 657 3 10.272125
8 689 0 8.943301
8 689 3 9.955767
8 723 0 9.215880
8 723 3 9.997225
8 759 0 9.209343
8 759 3 10.714531
8 796 0 8.763264
8 796 3 9.837123
8 835 0 9.211091
8 835 3 11.003922
8 876 0 9.042291
8 876 3 11.769852
8 919 0 9.049953
8 919 3 11.589060
8 964 0 9.123945
8 964 3 10.447632
8 1012 0 8.993136
8 1012 3 10.784551
8 1062 0 8.761944
8 1062 3 9.728958
8 1115 0 8.887329
8 1115 3 10.547030
8 1170 0 9.027874
8 1170 3 12.120833
8 1228 0 8.612086
8 1228 3 10.834555
8 1289 0 9.155744
8 1289 3 11.883914
8 1353 0 8.751517
8 1353 3 10.214571
8 1420 0 8.689170
8 1420 3 11.834762
8 1491 0 8.860804
8 1491 3 10.825552
8 1565 0 8.673879
8 1565 3 11.548729
8 1643 0 8.904062
8 1643 3 11.756572
8 1725 0 8.905104
8 1725 3 11.558437
8 1811 0 8.906410
8 1811 3 12.366916
8 1901 0 9.141075
8 1901 3 12.027871
8 1996 0 8.825060
8 1996 3 11.844493
9 1 3 14.158404
9 2 3 11.245514
9 3 3 9.507548
9 4 3 8.276590
9 5 0 18.304161
9 5 3 7.770384
9 6 0 17.224312
9 6 3 7.535180
9 7 0 16.458644
9 7 3 7.309736
9 8 0 15.424816
9 8 3 7.096638
9 9 0 15.449940
9 9 3 7.112985
9 10 0 14.629361
9 10 3 6.948935
9 11 0 13.943941
9 11 3 6.779237
9 12 0 13.554915
9 12 3 6.829490
9 13 0 13.476932
9 13 3 6.738141
9 14 0 12.696942
9 14 3 6.635155
9 15 0 12.713274
9 15 3 6.649569
9 16 0 11.842805
9 16 3 6.582251
9 17 0 12.652495
9 17 3 6.486313
9 18 0 12.332172
9 18 3 6.455079
9 19 0 12.222288
9 19 3 6.467394
9 20 0 11.781052
9 20 3 6.303179
9 21 0 12.005077
9 21 3 6.415962
9 22 0 11.716031
9 22 3 6.240066
9 23 0 11.406233
9 23 3 6.199597
9 24 0 11.264248
9 24 3 6.262587
9 25 0 11.423427
9 25 3 6.326826
9 26 0 11.204854
9 26 3 6.338787
9 27 0 11.165405
9 27 3 6.343225
9 28 0 10.816423
9 28 3 6.162262
9 29 0 10.906315
9 29 3 6.172003
9 30 0 10.814784
9 30 3 6.139190
9 31 0 10.889468
9 31 3 6.134786
9 32 0 10.388048
9 32 3 6.113246
9 33 0 11.097375
9 33 3 6.004181
9 34 0 10.957562
9 34 3 6.111967
9 35 0 10.943720
9 35 3 6.126158
9 36 0 10.904611
9 36 3 6.090647
9 37 0 10.814822
9 37 3 6.033016
9 38 0 10.866206
9 38 3 6.155867
9 39 0 10.691366
9 39 3 6.168681
9 40 0 10.536578
9 40 3 6.078013
9 42 0 10.339289
9 42 3 6.016838
9 44 0 10.302781
9 44 3 6.130365
9 46 0 10.171817
9 46 3 6.083552
9 48 0 9.839365
9 48 3 6.034045
9 50 0 10.390222
9 50 3 6.066607
9 52 0 10.313881
9 52 3 5.989104
9 54 0 10.339297
9 54 3 6.205128
9 56 0 10.144504
9 56 3 6.142472
9 58 0 10.417858
9 58 3 6.063451
9 60 0 10.134709
9 60 3 5.974287
9 63 0 10.230495
9 63 3 5.915847
9 66 0 10.214433
9 66 3 6.032116
9 69 0 10.155957
9 69 3 6.164428
9 72 0 9.949959
9 72 3 6.138274
9 75 0 10.032419
9 75 3 6.620353
9 78 0 10.097805
9 78 3 7.022141
9 81 0 10.079919
9 81 3 7.512286
9 85 0 9.963502
9 85 3 7.701010
9 89 0 10.261301
9 89 3 7.814439
9 93 0 10.325889
9 93 3 7.720592
9 97 0 9.958230
9 97 3 8.513753
9 101 0 10.015297
9 101 3 8.188782
9 106 0 10.095956
9 106 3 8.078471
9 111 0 10.096582
9 111 3 8.190162
9 116 0 10.232435
9 116 3 8.382169
9 121 0 10.105150
9 121 3 8.435977
9 127 0 10.048872
9 127 3 8.594806
9 133 0 9.842954
9 133 3 9.336288
9 139 0 9.828259
9 139 3 9.092361
9 145 0 9.932324
9 145 3 8.695777
9 152 0 9.671635
9 152 3 8.237477
9 159 0 10.147840
9 159 3 9.291176
9 166 0 9.850496
9 166 3 8.564317
9 174 0 9.785313
9 174 3 8.633822
9 182 0 9.811090
9 182 3 8.753317
9 191 0 9.619827
9 191 3 8.734232
9 200 0 9.531131
9 200 3 8.623286
9 210 0 9.603555
9 210 3 8.694583
9 220 0 9.480310
9 220 3 8.716086
9 231 0 9.593636
9 231 3 8.724718
9 242 0 9.689737
9 242 3 9.351948
9 254 0 9.890902
9 254 3 9.430682
9 266 0 9.525475
9 266 3 10.043806
9 279 0 9.952500
9 279 3 8.967566
9 292 0 9.468036
9 292 3 9.099460
9 306 0 9.400943
9 306 3 9.644580
9 321 0 9.209470
9 321 3 9.424419
9 337 0 9.410923
9 337 3 8.903337
9 353 0 9.427447
9 353 3 9.272416
9 370 0 9.582098
9 370 3 9.557150
9 388 0 9.583525
9 388 3 10.047269
9 407 0 9.426102
9 407 3 10.064906
9 427 0 9.366239
9 427 3 10.209296
9 448 0 10.463955
9 448 3 9.801931
9 470 0 9.456306
9 470 3 9.839873
9 493 0 9.541933
9 493 3 10.530563
9 517 0 9.395224
9 517 3 11.720750
9 542 0 9.335247
9 542 3 11.318343
9 569 0 9.475610
9 569 3 10.420297
9 597 0 8.730381
9 597 3 9.955842
9 626 0 8.948258
9 626 3 10.540433
9 657 0 9.061088
9 657 3 11.014980
9 689 0 9.376893
9 689 3 11.781897
9 723 0 9.218098
9 723 3 11.311012
9 759 0 8.903600
9 759 3 11.061340
9 796 0 9.090025
9 796 3 11.317650
9 835 0 9.227953
9 835 3 11.741022
9 876 0 9.122694
9 876 3 12.218070
9 919 0 8.866734
9 919 3 11.647699
9 964 0 9.327677
9 964 3 11.036767
9 1012 0 8.976842
9 1012 3 12.385847
9 1062 0 9.879397
9 1062 3 12.652879
9 1115 0 9.074359
9 1115 3 11.146055
9 1170 0 9.155431
9 1170 3 12.013394
9 1228 0 9.149341
9 1228 3 11.524789
9 1289 0 9.109055
9 1289 3 12.119165
9 1353 0 9.019286
9 1353 3 12.016771
9 1420 0 8.959595
9 1420 3 11.897608
9 1491 0 9.108179
9 1491 3 13.963569
9 1565 0 9.319503
9 1565 3 13.965044
9 1643 0 9.125958
9 1643 3 12.220324
9 1725 0 9.204631
9 1725 3 12.142673
9 1811 0 9.213698
9 1811 3 16.760520
9 1901 0 9.248990
9 1901 3 13.690713
9 1996 0 9.394629
9 1996 3 14.286810
10 1 3 14.294038
10 2 3 8.550742
10 3 3 7.789479
10 4 3 7.119807
10 5 0 16.818891
10 5 3 6.784761
10 6 0 16.197915
10 6 3 6.803644
10 7 0 15.231967
10 7 3 6.556692
10 8 0 14.500358
10 8 3 6.517255
10 9 0 14.497910
10 9 3 6.490833
10 10 0 13.881515
10 10 3 6.456133
10 11 0 13.281159
10 11 3 6.360371
10 12 0 12.842180
10 12 3 6.392032
10 13 0 12.772817
10 13 3 6.320978
10 14 0 12.286443
10 14 3 6.154038
10 15 0 12.204641
10 15 3 6.235395
10 16 0 11.533970
10 16 3 6.182612
10 17 0 12.258680
10 17 3 6.056896
10 18 0 12.075703
10 18 3 6.066871
10 19 0 11.975864
10 19 3 6.143090
10 20 0 11.800930
10 20 3 6.013617
10 21 0 11.969166
10 21 3 6.104948
10 22 0 11.996864
10 22 3 6.165671
10 23 0 11.788909
10 23 3 5.972205
10 24 0 11.720697
10 24 3 5.936957
10 25 0 12.152829
10 25 3 6.072625
10 26 0 12.159586
10 26 3 6.059340
10 27 0 12.132189
10 27 3 5.986583
10 28 0 12.183624
10 28 3 5.961972
10 29 0 12.077210
10 29 3 5.976450
10 30 0 12.236420
10 30 3 6.059681
10 31 0 12.359695
10 31 3 5.969097
10 32 0 11.772560
10 32 3 5.881499
10 33 0 12.424345
10 33 3 5.863734
10 34 0 12.357844
10 34 3 5.945344
10 35 0 12.430040
10 35 3 6.076139
10 36 0 12.210237
10 36 3 6.185283
10 37 0 12.309521
10 37 3 6.323600
10 38 0 12.208182
10 38 3 6.778708
10 39 0 12.206725
10 39 3 6.955412
10 40 0 11.936827
10 40 3 7.289460
10 42 0 11.809279
10 42 3 7.317371
10 44 0 11.709531
10 44 3 7.734373
10 46 0 11.636875
10 46 3 7.751494
10 48 0 11.232991
10 48 3 7.907822
10 50 0 11.797056
10 50 3 8.069621
10 52 0 11.721855
10 52 3 8.264825
10 54 0 11.700859
10 54 3 8.372434
10 56 0 11.328348
10 56 3 8.332130
10 58 0 11.562745
10 58 3 8.269681
10 60 0 11.287712
10 60 3 8.428686
10 63 0 11.226279
10 63 3 8.375529
10 66 0 11.246612
10 66 3 8.338768
10 69 0 11.127888
10 69 3 8.411561
10 72 0 10.883318
10 72 3 8.395302
10 75 0 10.986327
10 75 3 8.417494
10 78 0 11.074050
10 78 3 8.539904
10 81 0 11.072523
10 81 3 8.653841
10 85 0 10.938358
10 85 3 8.660596
10 89 0 11.078170
10 89 3 8.573363
10 93 0 11.016787
10 93 3 8.318762
10 97 0 10.803896
10 97 3 9.061649
10 101 0 10.524127
10 101 3 9.233851
10 106 0 10.539939
10 106 3 10.050107
10 111 0 10.368407
10 111 3 9.348402
10 116 0 10.961320
10 116 3 8.762529
10 121 0 10.712729
10 121 3 8.406175
10 127 0 13.626712
10 127 3 10.618641
10 133 0 10.366960
10 133 3 9.253635
10 139 0 10.452246
10 139 3 9.045783
10 145 0 10.150713
10 145 3 9.446396
10 152 0 10.147253
10 152 3 8.545202
10 159 0 10.650794
10 159 3 9.614587
10 166 0 10.227839
10 166 3 9.439392
10 174 0 10.189092
10 174 3 8.763731
10 182 0 10.255311
10 182 3 9.067426
10 191 0 10.080268
10 191 3 8.861536
10 200 0 10.072696
10 200 3 9.444841
10 210 0 10.072651
10 210 3 9.217255
10 220 0 10.092171
10 220 3 9.264591
10 231 0 10.172267
10 231 3 10.770588
10 242 0 10.442018
10 242 3 10.669905
10 254 0 10.523350
10 254 3 10.704547
10 266 0 10.173221
10 266 3 11.198305
10 279 0 10.567454
10 279 3 10.173646
10 292 0 9.905861
10 292 3 10.544250
10 306 0 9.726324
10 306 3 10.366191
10 321 0 9.650291
10 321 3 10.887769
10 337 0 9.472179
10 337 3 10.285577
10 353 0 9.505499
10 353 3 10.587373
10 370 0 9.781980
10 370 3 10.629783
10 388 0 9.449258
10 388 3 10.902392
10 407 0 9.491457
10 407 3 11.590318
10 427 0 9.368755
10 427 3 11.090022
10 448 0 9.751350
10 448 3 11.930184
10 470 0 9.698667
10 470 3 13.061856
10 493 0 9.717474
10 493 3 12.243426
10 517 0 9.817429
10 517 3 11.408144
10 542 0 9.754385
10 542 3 11.923282
10 569 0 9.367020
10 569 3 14.451703
10 597 0 9.693293
10 597 3 11.069843
10 626 0 9.724827
10 626 3 12.431059
10 657 0 9.690167
10 657 3 11.378768
10 689 0 9.661617
10 689 3 12.368872
10 723 0 9.394240
10 723 3 14.721866
10 759 0 9.495357
10 759 3 12.481244
10 796 0 9.590645
10 796 3 13.806415
10 835 0 9.335940
10 835 3 12.678771
10 876 0 9.431065
10 876 3 12.482103
10 919 0 9.476595
10 919 3 14.809335
10 964 0 9.455304
10 964 3 14.968395
10 1012 0 9.269115
10 1012 3 12.586767
10 1062 0 9.368320
10 1062 3 14.931461
10 1115 0 9.308809
10 1115 3 18.068581
10 1170 0 9.587281
10 1170 3 13.917309
10 1228 0 9.346875
10 1228 3 16.801673
10 1289 0 9.470676
10 1289 3 13.886973
10 1353 0 9.263011
10 1353 3 17.660763
10 1420 0 9.186462
10 1420 3 14.524003
10 1491 0 9.136739
10 1491 3 16.199079
10 1565 0 9.127698
10 1565 3 12.338041
10 1643 0 9.296827
10 1643 3 16.709960
10 1725 0 9.362903
10 1725 3 17.194189
10 1811 0 9.583573
10 1811 3 21.504700
10 1901 0 9.520579
10 1901 3 18.824569
10 1996 0 9.389582
10 1996 3 17.514554
11 1 3 10.094747
11 2 3 7.274589
11 3 3 7.034347
11 4 3 6.481033
11 5 0 16.985343
11 5 3 6.402523
11 6 0 16.756306
11 6 3 6.365634
11 7 0 15.558462
11 7 3 6.137005
11 8 0 15.343674
11 8 3 6.166865
11 9 0 15.941553
11 9 3 6.139467
11 10 0 16.185244
11 10 3 6.107490
11 11 0 15.977235
11 11 3 5.934683
11 12 0 16.063328
11 12 3 6.019139
11 13 0 16.317966
11 13 3 6.040526
11 14 0 15.844103
11 14 3 5.944619
11 15 0 15.885115
11 15 3 5.974637
11 16 0 15.087195
11 16 3 5.900099
11 17 0 16.132982
11 17 3 5.963248
11 18 0 15.808348
11 18 3 6.146288
11 19 0 15.958227
11 19 3 6.566177
11 20 0 15.578681
11 20 3 7.108594
11 21 0 15.451385
11 21 3 7.516341
11 22 0 14.950389
11 22 3 7.551866
11 23 0 14.674609
11 23 3 7.615524
11 24 0 14.416180
11 24 3 7.711500
11 25 0 14.594383
11 25 3 8.067306
11 26 0 14.396557
11 26 3 8.088959
11 27 0 14.106104
11 27 3 8.014710
11 28 0 13.965608
11 28 3 8.274338
11 29 0 13.883676
11 29 3 8.273135
11 30 0 13.555938
11 30 3 8.101728
11 31 0 13.738931
11 31 3 8.258418
11 32 0 13.037915
11 32 3 8.222810
11 33 0 13.704373
11 33 3 8.131000
11 34 0 13.386211
11 34 3 8.231165
11 35 0 13.369704
11 35 3 8.275111
11 36 0 12.976753
11 36 3 8.373714
11 37 0 13.059904
11 37 3 8.323568
11 38 0 13.005731
11 38 3 8.525122
11 39 0 12.990141
11 39 3 8.356508
11 40 0 12.558281
11 40 3 8.457843
11 42 0 12.621854
11 42 3 8.468967
11 44 0 12.404104
11 44 3 8.506219
11 46 0 12.313036
11 46 3 8.569357
11 48 0 11.676300
11 48 3 8.486621
11 50 0 12.378873
11 50 3 8.843061
11 52 0 12.155530
11 52 3 8.586809
11 54 0 12.108876
11 54 3 8.742629
11 56 0 11.747362
11 56 3 8.606445
11 58 0 11.972017
11 58 3 8.885451
11 60 0 11.615065
11 60 3 8.960445
11 63 0 11.703672
11 63 3 8.757237
11 66 0 11.775551
11 66 3 8.788769
11 69 0 11.631836
11 69 3 8.793685
11 72 0 11.376456
11 72 3 9.207749
11 75 0 11.512251
11 75 3 9.156086
11 78 0 11.400630
11 78 3 8.939492
11 81 0 11.586618
11 81 3 9.029210
11 85 0 11.518982
11 85 3 9.196141
11 89 0 11.566522
11 89 3 8.765814
11 93 0 11.215156
11 93 3 8.679173
11 97 0 11.386187
11 97 3 8.963243
11 101 0 11.196105
11 101 3 9.695302
11 106 0 11.142950
11 106 3 9.860416
11 111 0 11.144003
11 111 3 9.831522
11 116 0 11.758659
11 116 3 10.024664
11 121 0 10.976681
11 121 3 9.208032
11 127 0 11.070116
11 127 3 9.511798
11 133 0 11.005540
11 133 3 10.093943
11 139 0 10.925989
11 139 3 9.594039
11 145 0 10.982478
11 145 3 9.880334
11 152 0 10.592458
11 152 3 9.516945
11 159 0 11.228757
11 159 3 10.811414
11 166 0 11.004618
11 166 3 10.608354
11 174 0 11.124337
11 174 3 10.545237
11 182 0 10.996067
11 182 3 11.022194
11 191 0 11.042937
11 191 3 10.759026
11 200 0 10.769723
11 200 3 10.973554
11 210 0 10.714914
11 210 3 11.331581
11 220 0 10.841277
11 220 3 11.643520
11 231 0 10.717093
11 231 3 11.952181
11 242 0 10.932945
11 242 3 11.457151
11 254 0 11.050542
11 254 3 11.592973
11 266 0 11.002145
11 266 3 12.437677
11 279 0 10.838605
11 279 3 12.081525
11 292 0 10.260627
11 292 3 12.331883
11 306 0 10.246200
11 306 3 11.430331
11 321 0 10.195982
11 321 3 11.917720
11 337 0 10.159445
11 337 3 13.104608
11 353 0 10.147453
11 353 3 13.672249
11 370 0 10.228546
11 370 3 13.957583
11 388 0 10.093352
11 388 3 11.418392
11 407 0 10.161578
11 407 3 12.686792
11 427 0 10.032304
11 427 3 12.432624
11 448 0 10.384319
11 448 3 15.242240
11 470 0 10.108340
11 470 3 13.928414
11 493 0 10.349254
11 493 3 13.384461
11 517 0 10.030589
11 517 3 14.718041
11 542 0 10.186209
11 542 3 12.751002
11 569 0 9.988850
11 569 3 13.253960
11 597 0 9.933781
11 597 3 15.235869
11 626 0 9.790659
11 626 3 14.263683
11 657 0 10.048490
11 657 3 15.460534
11 689 0 9.882671
11 689 3 16.029616
11 723 0 9.876600
11 723 3 15.180112
11 759 0 9.963304
11 759 3 16.001364
11 796 0 9.721031
11 796 3 17.140905
11 835 0 9.772508
11 835 3 18.036294
11 876 0 9.611419
11 876 3 18.784230
11 919 0 9.637068
11 919 3 18.108922
11 964 0 9.901812
11 964 3 20.282987
11 1012 0 9.781511
11 1012 3 21.239661
11 1062 0 9.763448
11 1062 3 19.409773
11 1115 0 9.719555
11 1115 3 20.531268
11 1170 0 9.867490
11 1170 3 16.671363
11 1228 0 9.748167
11 1228 3 20.962793
11 1289 0 9.652737
11 1289 3 18.589229
11 1353 0 9.670955
11 1353 3 20.022901
11 1420 0 9.964037
11 1420 3 20.816149
11 1491 0 9.891460
11 1491 3 20.336826
11 1565 0 10.053557
11 1565 3 22.051909
11 1643 0 10.746813
11 1643 3 22.434773
11 1725 0 10.451785
11 1725 3 23.759685
11 1811 0 10.388680
11 1811 3 27.519259
11 1901 0 10.041164
11 1901 3 24.059079
11 1996 0 10.175754
11 1996 3 28.034396
12 1 3 8.470008
12 2 3 6.635177
12 3 3 6.467813
12 4 3 6.183223
12 5 0 26.832566
12 5 3 6.271029
12 6 0 25.415650
12 6 3 6.173010
12 7 0 23.126898
12 7 3 5.925140
12 8 0 21.962959
12 8 3 5.991516
12 9 0 21.630338
12 9 3 6.168056
12 10 0 20.454680
12 10 3 7.110252
12 11 0 19.425161
12 11 3 7.455827
12 12 0 18.906492
12 12 3 7.912577
12 13 0 18.660212
12 13 3 8.125871
12 14 0 17.701153
12 14 3 7.976413
12 15 0 17.477383
12 15 3 8.264869
12 16 0 15.947973
12 16 3 8.191888
12 17 0 17.719295
12 17 3 8.250021
12 18 0 17.249649
12 18 3 8.318729
12 19 0 16.727709
12 19 3 8.472716
12 20 0 16.168425
12 20 3 8.455045
12 21 0 15.927481
12 21 3 8.484185
12 22 0 15.746761
12 22 3 8.359420
12 23 0 15.233136
12 23 3 8.281603
12 24 0 14.893194
12 24 3 8.392641
12 25 0 14.932704
12 25 3 8.595621
12 26 0 14.850419
12 26 3 8.665007
12 27 0 14.579651
12 27 3 8.399522
12 28 0 14.347110
12 28 3 8.664999
12 29 0 13.971940
12 29 3 8.493727
12 30 0 14.099493
12 30 3 8.419313
12 31 0 14.109276
12 31 3 8.579230
12 32 0 13.281617
12 32 3 8.492668
12 33 0 14.071989
12 33 3 8.512063
12 34 0 13.890362
12 34 3 8.505910
12 35 0 13.703035
12 35 3 8.542005
12 36 0 13.473746
12 36 3 8.512241
12 37 0 13.412080
12 37 3 8.524535
12 38 0 13.507329
12 38 3 8.643202
12 39 0 13.308316
12 39 3 8.575862
12 40 0 13.048885
12 40 3 8.872496
12 42 0 13.143897
12 42 3 8.976092
12 44 0 13.062816
12 44 3 9.061142
12 46 0 12.954583
12 46 3 9.042809
12 48 0 13.038256
12 48 3 9.116585
12 50 0 12.793158
12 50 3 9.055927
12 52 0 12.640075
12 52 3 9.436800
12 54 0 12.784449
12 54 3 9.377564
12 56 0 12.350720
12 56 3 9.354122
12 58 0 12.649748
12 58 3 9.633668
12 60 0 12.457994
12 60 3 9.461647
12 63 0 12.376352
12 63 3 9.928182
12 66 0 12.757978
12 66 3 9.719004
12 69 0 12.451686
12 69 3 9.623983
12 72 0 12.299809
12 72 3 9.964278
12 75 0 12.478153
12 75 3 10.255562
12 78 0 12.260091
12 78 3 10.804890
12 81 0 12.638934
12 81 3 10.080763
12 85 0 12.577164
12 85 3 10.061240
12 89 0 11.822122
12 89 3 10.212365
12 93 0 11.555147
12 93 3 10.431296
12 97 0 11.632726
12 97 3 9.706278
12 101 0 11.584998
12 101 3 9.908328
12 106 0 11.698278
12 106 3 10.610882
12 111 0 11.547004
12 111 3 10.245678
12 116 0 12.213918
12 116 3 12.430866
12 121 0 11.447297
12 121 3 10.264176
12 127 0 11.359438
12 127 3 10.486308
12 133 0 11.425983
12 133 3 10.402260
12 139 0 11.244250
12 139 3 10.156504
12 145 0 11.505842
12 145 3 10.566847
12 152 0 11.354562
12 152 3 10.507997
12 159 0 11.483182
12 159 3 11.980040
12 166 0 11.712140
12 166 3 11.728396
12 174 0 11.576771
12 174 3 12.128900
12 182 0 11.688095
12 182 3 12.591257
12 191 0 11.559724
12 191 3 13.203022
12 200 0 11.476544
12 200 3 13.553132
12 210 0 11.522358
12 210 3 12.589818
12 220 0 11.513094
12 220 3 13.321189
12 231 0 11.586688
12 231 3 13.799015
12 242 0 11.503432
12 242 3 16.066753
12 254 0 11.574136
12 254 3 15.656168
12 266 0 11.506050
12 266 3 13.471146
12 279 0 11.457520
12 279 3 16.158400
12 292 0 10.893027
12 292 3 13.668388
12 306 0 10.804057
12 306 3 15.138106
12 321 0 10.893224
12 321 3 16.458970
12 337 0 10.784264
12 337 3 15.241547
12 353 0 10.584866
12 353 3 16.849585
12 370 0 10.723319
12 370 3 16.501783
12 388 0 10.645435
12 388 3 18.007071
12 407 0 10.957252
12 407 3 17.651243
12 427 0 11.010951
12 427 3 18.279292
12 448 0 10.900957
12 448 3 15.527739
12 470 0 10.840872
12 470 3 18.030256
12 493 0 11.010457
12 493 3 19.101785
12 517 0 10.596076
12 517 3 20.343126
12 542 0 10.623981
12 542 3 18.193518
12 569 0 10.759532
12 569 3 20.013850
12 597 0 10.678852
12 597 3 19.171324
12 626 0 10.777198
12 626 3 20.464554
12 657 0 10.757929
12 657 3 22.085118
12 689 0 10.526292
12 689 3 22.761384
12 723 0 10.575688
12 723 3 22.639476
12 759 0 10.897523
12 759 3 22.232074
12 796 0 10.511619
12 796 3 22.439721
12 835 0 10.942451
12 835 3 22.819292
12 876 0 10.738678
12 876 3 21.914607
12 919 0 10.801891
12 919 3 22.701796
12 964 0 10.806389
12 964 3 23.111658
12 1012 0 10.859232
12 1012 3 22.535873
12 1062 0 10.914406
12 1062 3 23.809717
12 1115 0 11.006200
12 1115 3 23.434528
12 1170 0 10.894027
12 1170 3 23.016763
12 1228 0 11.252113
12 1228 3 22.748773
12 1289 0 11.556163
12 1289 3 25.364539
12 1353 0 11.260555
12 1353 3 25.199334
12 1420 0 11.847348
12 1420 3 28.895932
12 1491 0 11.429507
12 1491 3 25.960210
12 1565 0 11.743466
12 1565 3 30.625513
12 1643 0 11.959918
12 1643 3 28.042062
12 1725 0 12.159548
12 1725 3 28.314804
12 1811 0 12.117670
12 1811 3 32.853638
12 1901 0 12.319474
12 1901 3 31.168862
12 1996 0 12.385288
12 1996 3 33.893844
13 1 3 6.667781
13 2 3 6.297580
13 3 3 6.143988
13 4 3 6.022796
13 5 0 27.021455
13 5 3 7.360772
13 6 0 27.472706
13 6 3 8.518112
13 7 0 27.895100
13 7 3 8.372468
13 8 0 23.483265
13 8 3 8.473500
13 9 0 22.780856
13 9 3 8.504529
13 10 0 21.355429
13 10 3 8.534716
13 11 0 20.290529
13 11 3 8.448579
13 12 0 19.557430
13 12 3 8.609257
13 13 0 19.213178
13 13 3 8.645244
13 14 0 18.390401
13 14 3 8.418972
13 15 0 18.101170
13 15 3 8.595345
13 16 0 16.453569
13 16 3 8.571680
13 17 0 18.377841
13 17 3 8.845295
13 18 0 18.181383
13 18 3 9.101934
13 19 0 17.737517
13 19 3 8.784886
13 20 0 17.042210
13 20 3 8.774203
13 21 0 17.030256
13 21 3 8.817372
13 22 0 16.866134
13 22 3 8.644800
13 23 0 16.102519
13 23 3 8.639046
13 24 0 15.816965
13 24 3 8.688779
13 25 0 15.863872
13 25 3 9.121287
13 26 0 15.766028
13 26 3 9.276420
13 27 0 15.464385
13 27 3 8.785785
13 28 0 15.217798
13 28 3 9.061915
13 29 0 15.116715
13 29 3 9.300047
13 30 0 14.765226
13 30 3 9.004114
13 31 0 14.960284
13 31 3 9.396871
13 32 0 14.042250
13 32 3 9.142778
13 33 0 15.424545
13 33 3 9.329502
13 34 0 15.108814
13 34 3 9.585567
13 35 0 15.177253
13 35 3 9.464320
13 36 0 14.544801
13 36 3 9.459094
13 37 0 14.531950
13 37 3 9.668731
13 38 0 14.413457
13 38 3 9.709549
13 39 0 14.340012
13 39 3 9.659161
13 40 0 13.955759
13 40 3 9.861763
13 42 0 14.792446
13 42 3 11.326767
13 44 0 14.310588
13 44 3 10.522758
13 46 0 14.042369
13 46 3 10.285841
13 48 0 17.483287
13 48 3 11.086777
13 50 0 13.943913
13 50 3 10.387602
13 52 0 13.401688
13 52 3 10.891749
13 54 0 13.670351
13 54 3 10.219693
13 56 0 13.155959
13 56 3 10.205649
13 58 0 13.580244
13 58 3 10.300654
13 60 0 13.173516
13 60 3 10.051356
13 63 0 13.350596
13 63 3 10.964695
13 66 0 13.588282
13 66 3 11.052263
13 69 0 13.230921
13 69 3 11.174255
13 72 0 13.671542
13 72 3 12.312625
13 75 0 13.856739
13 75 3 12.092333
13 78 0 13.888104
13 78 3 13.159426
13 81 0 13.974622
13 81 3 12.433283
13 85 0 13.387606
13 85 3 12.538468
13 89 0 12.572093
13 89 3 10.466167
13 93 0 12.367173
13 93 3 10.263080
13 97 0 12.565930
13 97 3 10.184931
13 101 0 12.577949
13 101 3 10.460647
13 106 0 12.568825
13 106 3 11.135872
13 111 0 12.329955
13 111 3 10.936471
13 116 0 12.855999
13 116 3 13.619956
13 121 0 12.541932
13 121 3 10.818264
13 127 0 12.750511
13 127 3 11.415781
13 133 0 12.485121
13 133 3 11.917791
13 139 0 12.289856
13 139 3 11.220240
13 145 0 13.093386
13 145 3 12.272507
13 152 0 12.644946
13 152 3 13.490491
13 159 0 13.511878
13 159 3 15.128037
13 166 0 13.200708
13 166 3 15.018618
13 174 0 13.187206
13 174 3 17.162286
13 182 0 13.033631
13 182 3 17.457435
13 191 0 12.588456
13 191 3 17.924278
13 200 0 12.888542
13 200 3 19.124436
13 210 0 12.852364
13 210 3 18.537165
13 220 0 13.115205
13 220 3 18.836966
13 231 0 12.951014
13 231 3 18.020899
13 242 0 12.931002
13 242 3 20.023018
13 254 0 12.727392
13 254 3 20.980580
13 266 0 13.254920
13 266 3 19.454727
13 279 0 13.257689
13 279 3 21.324319
13 292 0 12.261423
13 292 3 17.690420
13 306 0 12.422612
13 306 3 18.694668
13 321 0 12.485752
13 321 3 19.324900
13 337 0 12.907613
13 337 3 18.867739
13 353 0 12.595992
13 353 3 21.838326
13 370 0 12.895521
13 370 3 21.535702
13 388 0 12.750126
13 388 3 22.258822
13 407 0 12.443955
13 407 3 21.858316
13 427 0 12.422956
13 427 3 22.354086
13 448 0 12.274388
13 448 3 23.163046
13 470 0 12.105104
13 470 3 21.835536
13 493 0 12.145124
13 493 3 22.094688
13 517 0 12.491629
13 517 3 22.565487
13 542 0 12.637684
13 542 3 23.678817
13 569 0 12.035771
13 569 3 23.428373
13 597 0 12.015974
13 597 3 24.014535
13 626 0 12.010786
13 626 3 23.205705
13 657 0 12.188818
13 657 3 23.073396
13 689 0 11.998869
13 689 3 23.723167
13 723 0 12.160885
13 723 3 23.197899
13 759 0 12.289831
13 759 3 23.562249
13 796 0 12.204765
13 796 3 23.715833
13 835 0 12.174891
13 835 3 24.093515
13 876 0 12.553595
13 876 3 24.955961
13 919 0 12.681786
13 919 3 23.603494
13 964 0 12.547367
13 964 3 24.071471
13 1012 0 13.446084
13 1012 3 25.568776
13 1062 0 13.407732
13 1062 3 24.272605
13 1115 0 13.672465
13 1115 3 27.228752
13 1170 0 13.778512
13 1170 3 26.297660
13 1228 0 13.969645
13 1228 3 31.852002
13 1289 0 14.110839
13 1289 3 33.485328
13 1353 0 14.535229
13 1353 3 33.040066
13 1420 0 14.398245
13 1420 3 36.469851
13 1491 0 14.760989
13 1491 3 35.764451
13 1565 0 14.722105
13 1565 3 37.625662
13 1643 0 14.764368
13 1643 3 39.060318
13 1725 0 15.119110
13 1725 3 39.545700
13 1811 0 15.347483
13 1811 3 40.472505
13 1901 0 14.939829
13 1901 3 40.756122
13 1996 0 15.224457
13 1996 3 41.253419
14 1 3 6.288904
14 2 3 6.097483
14 3 3 8.071883
14 4 3 8.506326
14 5 0 27.737177
14 5 3 8.829128
14 6 0 27.490892
14 6 3 9.023712
14 7 0 27.717662
14 7 3 9.063510
14 8 0 25.981461
14 8 3 9.226323
14 9 0 25.103464
14 9 3 9.114008
14 10 0 23.730159
14 10 3 9.122009
14 11 0 22.323411
14 11 3 9.171158
14 12 0 21.680480
14 12 3 9.258288
14 13 0 20.898604
14 13 3 9.210277
14 14 0 19.853550
14 14 3 9.151697
14 15 0 19.544317
14 15 3 9.422406
14 16 0 17.925795
14 16 3 9.404737
14 17 0 21.667619
14 17 3 10.230172
14 18 0 21.697868
14 18 3 10.107949
14 19 0 19.680244
14 19 3 10.012617
14 20 0 18.834838
14 20 3 9.823755
14 21 0 19.497987
14 21 3 10.312046
14 22 0 19.436929
14 22 3 10.687551
14 23 0 18.449871
14 23 3 10.019200
14 24 0 18.836134
14 24 3 12.348522
14 25 0 16.950613
14 25 3 9.959681
14 26 0 16.729079
14 26 3 10.001516
14 27 0 17.653206
14 27 3 10.184767
14 28 0 17.188743
14 28 3 10.242388
14 29 0 17.034336
14 29 3 10.065449
14 30 0 16.326344
14 30 3 9.857419
14 31 0 16.459334
14 31 3 10.002576
14 32 0 15.552156
14 32 3 9.931513
14 33 0 20.264593
14 33 3 16.851199
14 34 0 16.768316
14 34 3 10.809575
14 35 0 17.563008
14 35 3 10.829564
14 36 0 16.852257
14 36 3 10.712517
14 37 0 16.725315
14 37 3 10.427320
14 38 0 16.648688
14 38 3 10.813359
14 39 0 16.292181
14 39 3 10.763399
14 40 0 17.486165
14 40 3 10.820911
14 42 0 17.530588
14 42 3 11.714408
14 44 0 16.515748
14 44 3 11.872007
14 46 0 15.922942
14 46 3 12.052168
14 48 0 19.147926
14 48 3 19.903249
14 50 0 15.600021
14 50 3 10.948763
14 52 0 15.507817
14 52 3 10.957993
14 54 0 15.844199
14 54 3 11.925423
14 56 0 15.317874
14 56 3 11.819331
14 58 0 16.044445
14 58 3 13.373952
14 60 0 15.769519
14 60 3 13.062177
14 63 0 15.519091
14 63 3 11.289743
14 66 0 15.729336
14 66 3 14.919832
14 69 0 15.350214
14 69 3 14.561564
14 72 0 14.644444
14 72 3 15.164558
14 75 0 14.828779
14 75 3 14.895385
14 78 0 14.860255
14 78 3 15.342780
14 81 0 15.134298
14 81 3 14.718558
14 85 0 14.740804
14 85 3 14.071862
14 89 0 14.730871
14 89 3 12.196072
14 93 0 14.598466
14 93 3 11.970550
14 97 0 15.128006
14 97 3 12.268390
14 101 0 15.278136
14 101 3 13.937205
14 106 0 15.487019
14 106 3 16.298398
14 111 0 15.448922
14 111 3 15.771258
14 116 0 15.476113
14 116 3 17.984771
14 121 0 15.110036
14 121 3 17.270909
14 127 0 15.231624
14 127 3 17.882728
14 133 0 15.588159
14 133 3 17.946190
14 139 0 15.706559
14 139 3 18.074006
14 145 0 15.392592
14 145 3 20.619995
14 152 0 15.503208
14 152 3 21.618315
14 159 0 16.005031
14 159 3 20.103375
14 166 0 15.537828
14 166 3 20.625239
14 174 0 15.194720
14 174 3 21.687740
14 182 0 14.942555
14 182 3 21.307435
14 191 0 15.157727
14 191 3 22.520079
14 200 0 14.801156
14 200 3 23.635392
14 210 0 14.753057
14 210 3 22.837373
14 220 0 15.086173
14 220 3 22.379595
14 231 0 14.973568
14 231 3 22.192530
14 242 0 14.233612
14 242 3 26.614413
14 254 0 14.229552
14 254 3 23.372778
14 266 0 14.266106
14 266 3 22.249696
14 279 0 14.912464
14 279 3 21.781009
14 292 0 14.434896
14 292 3 23.377419
14 306 0 14.413489
14 306 3 23.708583
14 321 0 14.544096
14 321 3 24.668364
14 337 0 14.109311
14 337 3 24.676469
14 353 0 14.241640
14 353 3 23.668349
14 370 0 14.295421
14 370 3 24.008127
14 388 0 14.243336
14 388 3 22.980090
14 407 0 14.317319
14 407 3 23.825932
14 427 0 14.370627
14 427 3 23.703385
14 448 0 14.397958
14 448 3 24.311294
14 470 0 13.933852
14 470 3 24.558326
14 493 0 14.183729
14 493 3 25.168450
14 517 0 14.385431
14 517 3 26.072001
14 542 0 13.836302
14 542 3 25.369895
14 569 0 13.560604
14 569 3 23.847923
14 597 0 14.191881
14 597 3 24.011828
14 626 0 14.334920
14 626 3 24.305864
14 657 0 14.498317
14 657 3 23.924836
14 689 0 14.932868
14 689 3 24.941021
14 723 0 15.065673
14 723 3 24.517446
14 759 0 15.117767
14 759 3 24.744223
14 796 0 15.917324
14 796 3 27.656024
14 835 0 16.364836
14 835 3 29.617222
14 876 0 16.194130
14 876 3 32.293925
14 919 0 16.725330
14 919 3 33.626653
14 964 0 16.528878
14 964 3 32.803327
14 1012 0 17.683608
14 1012 3 34.689139
15 1 3 6.242636
15 2 3 8.528405
15 3 3 8.831037
15 4 3 8.868988
15 5 0 30.843595
15 5 3 9.194767
15 6 0 29.927474
15 6 3 9.285190
15 7 0 29.765865
15 7 3 10.149515
15 8 0 31.011555
15 8 3 10.437536
15 9 0 29.581167
15 9 3 10.558570
15 10 0 27.548925
15 10 3 10.487796
15 11 0 26.017518
15 11 3 10.188060
15 12 0 24.656703
15 12 3 10.405499
15 13 0 23.635334
15 13 3 10.602104
15 14 0 24.717223
15 14 3 9.968402
15 15 0 21.274157
15 15 3 10.150710
15 16 0 19.706215
15 16 3 10.291752
15 17 0 24.639337
15 17 3 11.383420
15 18 0 23.972638
15 18 3 11.568259
15 19 0 25.519264
15 19 3 11.629954
15 20 0 21.884679
15 20 3 11.118077
15 21 0 22.807664
15 21 3 13.127663
15 22 0 23.552652
15 22 3 12.642730
15 23 0 21.284529
15 23 3 11.151196
15 24 0 21.904094
15 24 3 12.036143
15 25 0 19.760056
15 25 3 10.910788
15 26 0 20.911929
15 26 3 11.715355
15 27 0 21.797429
15 27 3 12.540780
15 28 0 20.001447
15 28 3 12.040529
15 29 0 20.871071
15 29 3 12.384322
15 30 0 20.752767
15 30 3 12.473436
15 31 0 20.712001
15 31 3 12.391246
15 32 0 19.963291
15 32 3 12.396144
15 33 0 22.104414
15 33 3 16.845902
15 34 0 20.481320
15 34 3 16.591971
15 35 0 21.698624
15 35 3 15.577311
15 36 0 19.870498
15 36 3 15.836617
15 37 0 20.185599
15 37 3 16.341070
15 38 0 20.051466
15 38 3 16.912617
15 39 0 20.550508
15 39 3 15.595816
15 40 0 20.787550
15 40 3 15.556770
15 42 0 17.428874
15 42 3 16.417817
15 44 0 17.451798
15 44 3 17.282979
15 46 0 17.429144
15 46 3 17.907412
15 48 0 16.308326
15 48 3 16.412651
15 50 0 18.056859
15 50 3 18.074981
15 52 0 17.896823
15 52 3 18.628625
15 54 0 18.467822
15 54 3 19.072682
15 56 0 18.053897
15 56 3 19.317025
15 58 0 18.943867
15 58 3 20.114841
15 60 0 18.357734
15 60 3 19.907714
15 63 0 17.214028
15 63 3 19.877777
15 66 0 18.716661
15 66 3 17.925499
15 69 0 18.298347
15 69 3 17.811061
15 72 0 17.614383
15 72 3 17.925393
15 75 0 18.635503
15 75 3 19.535858
15 78 0 18.254811
15 78 3 20.713027
15 81 0 18.478034
15 81 3 20.514044
15 85 0 19.035099
15 85 3 21.449111
15 89 0 17.909321
15 89 3 20.752956
15 93 0 18.381107
15 93 3 20.827264
15 97 0 18.484341
15 97 3 22.382996
15 101 0 18.553910
15 101 3 22.669141
15 106 0 18.677753
15 106 3 22.929748
15 111 0 18.584213
15 111 3 22.522678
15 116 0 17.186912
15 116 3 23.594756
15 121 0 18.085787
15 121 3 23.402972
15 127 0 17.842391
15 127 3 23.311042
15 133 0 17.864317
15 133 3 22.945692
15 139 0 17.199485
15 139 3 23.420888
15 145 0 18.340698
15 145 3 23.659089
15 152 0 17.399620
15 152 3 23.273590
15 159 0 16.339267
15 159 3 24.136463
15 166 0 18.134062
15 166 3 23.516461
15 174 0 18.076866
15 174 3 24.653191
15 182 0 17.554437
15 182 3 25.974792
15 191 0 17.012413
15 191 3 24.751988
15 200 0 17.096649
15 200 3 26.421169
15 210 0 17.204746
15 210 3 26.476882
15 220 0 16.756776
15 220 3 24.209942
15 231 0 16.961363
15 231 3 24.940185
15 242 0 16.682704
15 242 3 24.243111
15 254 0 16.647766
15 254 3 24.527148
15 266 0 16.590632
15 266 3 24.705200
15 279 0 16.221374
15 279 3 25.775812
15 292 0 16.518261
15 292 3 23.380056
15 306 0 16.674037
15 306 3 24.556902
15 321 0 16.299766
15 321 3 25.738124
15 337 0 16.236883
15 337 3 26.101717
15 353 0 15.902207
15 353 3 26.735856
15 370 0 16.182055
15 370 3 28.459619
15 388 0 16.177479
15 388 3 26.134260
15 407 0 16.401044
15 407 3 24.395291
15 427 0 16.072024
15 427 3 24.484467
15 448 0 16.525934
15 448 3 24.772062
15 470 0 17.265585
15 470 3 24.554155
15 493 0 17.606366
15 493 3 25.036420
16 1 3 8.342835
16 2 3 9.049600
16 3 3 9.332603
16 4 3 9.924275
16 5 0 32.191682
16 5 3 10.197356
16 6 0 32.994073
16 6 3 10.683743
16 7 0 31.828376
16 7 3 10.547820
16 8 0 32.557352
16 8 3 13.200648
16 9 0 34.072548
16 9 3 12.517523
16 10 0 32.805156
16 10 3 12.696728
16 11 0 31.969138
16 11 3 19.980719
16 12 0 32.005179
16 12 3 12.181978
16 13 0 31.097048
16 13 3 12.187656
16 14 0 29.715647
16 14 3 12.090934
16 15 0 28.250967
16 15 3 11.562345
16 16 0 24.736587
16 16 3 11.920977
16 17 0 31.273861
16 17 3 14.220062
16 18 0 31.339939
16 18 3 14.883639
16 19 0 23.998374
16 19 3 17.304424
16 20 0 23.251552
16 20 3 16.062566
16 21 0 28.929944
16 21 3 18.084695
16 22 0 29.271564
16 22 3 18.551517
16 23 0 28.474972
16 23 3 17.695692
16 24 0 27.056596
16 24 3 19.334881
16 25 0 22.279814
16 25 3 16.387397
16 26 0 22.104756
16 26 3 16.101501
16 27 0 27.839394
16 27 3 19.772738
16 28 0 27.904006
16 28 3 21.069804
16 29 0 28.352026
16 29 3 19.072657
16 30 0 26.326611
16 30 3 19.828738
16 31 0 27.623694
16 31 3 19.045424
16 32 0 24.927854
16 32 3 20.947593
16 33 0 23.019614
16 33 3 23.824605
16 34 0 23.735435
16 34 3 19.985268
16 35 0 25.396302
16 35 3 21.890817
16 36 0 24.893407
16 36 3 22.787766
16 37 0 24.869765
16 37 3 23.321242
16 38 0 24.009034
16 38 3 23.244977
16 39 0 22.377361
16 39 3 20.540549
16 40 0 22.318398
16 40 3 23.689778
16 42 0 21.392481
16 42 3 18.184066
16 44 0 21.658571
16 44 3 18.748244
16 46 0 21.474507
16 46 3 18.627878
16 48 0 19.019336
16 48 3 16.824245
16 50 0 22.745454
16 50 3 20.679168
16 52 0 23.719115
16 52 3 22.806242
16 54 0 23.766728
16 54 3 23.615929
16 56 0 24.193140
16 56 3 23.551453
16 58 0 26.472822
16 58 3 23.648215
16 60 0 24.789759
16 60 3 23.765497
16 63 0 24.024258
16 63 3 23.830122
16 66 0 22.299466
16 66 3 24.111180
16 69 0 21.787326
16 69 3 24.365350
16 72 0 20.744368
16 72 3 23.028376
16 75 0 21.127817
16 75 3 23.661401
16 78 0 21.431976
16 78 3 24.606764
16 81 0 20.537947
16 81 3 24.202787
16 85 0 20.468296
16 85 3 22.742903
16 89 0 21.718457
16 89 3 23.102453
16 93 0 21.908630
16 93 3 23.761956
16 97 0 22.196742
16 97 3 24.319826
16 101 0 22.710441
16 101 3 25.496601
16 106 0 22.223587
16 106 3 25.946210
16 111 0 21.296846
16 111 3 25.466384
16 116 0 20.712929
16 116 3 23.229803
16 121 0 22.020659
16 121 3 25.851778
16 127 0 22.314490
16 127 3 25.519284
16 133 0 21.137927
16 133 3 25.237171
16 139 0 20.340883
16 139 3 24.618003
16 145 0 21.611417
16 145 3 24.782026
16 152 0 20.704264
16 152 3 24.655175
16 159 0 21.119095
16 159 3 24.904601
16 166 0 21.878998
16 166 3 25.322574
16 174 0 20.270709
16 174 3 24.809947
16 182 0 20.168203
16 182 3 24.762950
16 191 0 20.107287
16 191 3 24.376528
16 200 0 19.844149
16 200 3 24.751564
16 210 0 20.158011
16 210 3 24.492705
16 220 0 19.715161
16 220 3 24.869122
16 231 0 20.270594
16 231 3 24.602853
16 242 0 21.639980
16 242 3 26.510470
16 254 0 20.861293
16 254 3 26.131830
