4 1 3 33.886252
4 2 3 22.402061
4 3 3 19.642152
4 4 3 18.864194
4 5 0 117.007174
4 5 3 19.757688
4 6 0 95.728112
4 6 3 18.392895
4 7 0 84.148467
4 7 3 17.594889
4 8 0 74.369997
4 8 3 17.579687
4 9 0 75.535550
4 9 3 18.279451
4 10 0 62.592280
4 10 3 16.657081
4 11 0 56.485418
4 11 3 17.365632
4 12 0 41.651078
4 12 3 19.157586
4 13 0 36.829672
4 13 3 18.482145
4 14 0 49.597395
4 14 3 17.381134
4 15 0 47.608591
4 15 3 16.698383
4 16 0 44.663760
4 16 3 16.855440
4 17 0 65.587523
4 17 3 19.504613
4 18 0 57.918821
4 18 3 16.024694
4 19 0 55.036152
4 19 3 15.933138
4 20 0 57.969646
4 20 3 16.317445
4 21 0 52.438628
4 21 3 15.797890
4 22 0 51.236082
4 22 3 16.292863
4 23 0 45.237232
4 23 3 16.247223
4 24 0 45.683462
4 24 3 15.076168
4 25 0 27.079226
4 25 3 19.039265
4 26 0 42.344416
4 26 3 16.653835
4 27 0 39.282601
4 27 3 16.898946
4 28 0 37.056431
4 28 3 15.628446
4 29 0 36.958641
4 29 3 15.847296
4 30 0 37.040822
4 30 3 16.729952
4 31 0 31.034461
4 31 3 17.057217
4 32 0 33.995853
4 32 3 16.191357
4 33 0 24.782441
4 33 3 17.468298
4 34 0 33.061836
4 34 3 16.772192
4 35 0 30.221356
4 35 3 14.210725
4 36 0 29.572143
4 36 3 16.023759
4 37 0 29.747990
4 37 3 18.024370
4 38 0 27.181067
4 38 3 16.188496
4 39 0 26.606399
4 39 3 14.421639
4 40 0 25.759670
4 40 3 16.373405
4 42 0 26.295234
4 42 3 14.388310
4 44 0 27.807383
4 44 3 14.268723
4 46 0 26.040744
4 46 3 14.486963
4 48 0 26.882593
4 48 3 14.544864
4 50 0 22.682566
4 50 3 14.560622
4 52 0 22.725509
4 52 3 14.845101
4 54 0 21.036078
4 54 3 14.740254
4 56 0 20.813054
4 56 3 14.375016
4 58 0 20.883475
4 58 3 14.029346
4 60 0 21.004787
4 60 3 13.460866
4 63 0 20.747589
4 63 3 13.098909
4 66 0 21.285673
4 66 3 13.042747
4 69 0 19.353928
4 69 3 12.830998
4 72 0 20.001410
4 72 3 12.410525
4 75 0 19.228272
4 75 3 11.975829
4 78 0 19.135132
4 78 3 12.248905
4 81 0 17.748682
4 81 3 11.641709
4 85 0 18.152211
4 85 3 11.641893
4 89 0 15.771729
4 89 3 11.675137
4 93 0 17.740650
4 93 3 11.138509
4 97 0 16.963939
4 97 3 10.645991
4 101 0 16.904823
4 101 3 10.327636
4 106 0 16.241147
4 106 3 10.127324
4 111 0 16.071763
4 111 3 10.097396
4 116 0 14.904576
4 116 3 10.123589
4 121 0 15.109501
4 121 3 9.742217
4 127 0 14.726778
4 127 3 9.605792
4 133 0 13.239251
4 133 3 9.221627
4 139 0 14.657225
4 139 3 9.708000
4 145 0 13.676427
4 145 3 9.272497
4 152 0 13.002724
4 152 3 9.173000
4 159 0 13.944398
4 159 3 9.156288
4 166 0 13.226167
4 166 3 8.807017
4 174 0 13.200791
4 174 3 8.546507
4 182 0 12.120812
4 182 3 8.605267
4 191 0 13.128995
4 191 3 8.579138
4 200 0 12.033991
4 200 3 8.286374
4 210 0 11.789897
4 210 3 8.381770
4 220 0 11.938150
4 220 3 8.162075
4 231 0 11.779566
4 231 3 8.253734
4 242 0 12.018513
4 242 3 8.282522
4 254 0 11.924575
4 254 3 8.078397
4 266 0 11.983391
4 266 3 8.096927
4 279 0 11.396622
4 279 3 8.016083
4 292 0 10.875972
4 292 3 8.437799
4 306 0 10.885454
4 306 3 7.927814
4 321 0 10.879680
4 321 3 7.992269
4 337 0 11.034349
4 337 3 7.581077
4 353 0 10.809217
4 353 3 7.644132
4 370 0 10.589015
4 370 3 7.684077
4 388 0 9.745575
4 388 3 7.504294
4 407 0 10.649501
4 407 3 7.664889
4 427 0 10.363489
4 427 3 7.733990
4 448 0 10.397221
4 448 3 7.455169
4 470 0 10.453105
4 470 3 7.457397
4 493 0 10.246337
4 493 3 7.571800
4 517 0 10.159759
4 517 3 7.576749
4 542 0 10.301053
4 542 3 7.906708
4 569 0 9.765523
4 569 3 7.132411
4 597 0 9.797871
4 597 3 7.099284
4 626 0 9.494434
4 626 3 7.235791
4 657 0 9.590391
4 657 3 7.371271
4 689 0 9.223619
4 689 3 7.011321
4 723 0 9.341404
4 723 3 7.022268
4 759 0 9.417009
4 759 3 7.275183
4 796 0 9.383773
4 796 3 7.089993
4 835 0 9.334214
4 835 3 7.461817
4 876 0 9.166774
4 876 3 7.263605
4 919 0 9.170682
4 919 3 7.122354
4 964 0 9.447987
4 964 3 7.307494
4 1012 0 8.977808
4 1012 3 7.197980
4 1062 0 9.005163
4 1062 3 6.821247
4 1115 0 8.829521
4 1115 3 6.938548
4 1170 0 8.994080
4 1170 3 6.871649
4 1228 0 8.732225
4 1228 3 6.738281
4 1289 0 8.739117
4 1289 3 7.332051
4 1353 0 8.748601
4 1353 3 6.966887
4 1420 0 8.883282
4 1420 3 6.891159
4 1491 0 8.788608
4 1491 3 6.824041
4 1565 0 8.871298
4 1565 3 7.080681
4 1643 0 8.763708
4 1643 3 7.037072
4 1725 0 8.476449
4 1725 3 6.554455
4 1811 0 8.595695
4 1811 3 6.941804
4 1901 0 8.505965
4 1901 3 6.682194
4 1996 0 10.278593
4 1996 3 10.260977
5 1 3 21.599109
5 2 3 16.969664
5 3 3 17.308344
5 4 3 14.926939
5 5 0 103.755308
5 5 3 15.407914
5 6 0 88.490477
5 6 3 15.533304
5 7 0 74.372029
5 7 3 14.390947
5 8 0 66.269749
5 8 3 14.288192
5 9 0 63.014772
5 9 3 14.308345
5 10 0 54.349124
5 10 3 14.115421
5 11 0 49.850716
5 11 3 14.320165
5 12 0 29.292581
5 12 3 18.178446
5 13 0 26.517365
5 13 3 17.509622
5 14 0 38.408303
5 14 3 14.668854
5 15 0 36.662550
5 15 3 15.083259
5 16 0 34.623274
5 16 3 14.635068
5 17 0 33.429963
5 17 3 14.289860
5 18 0 31.688858
5 18 3 14.631681
5 19 0 28.646534
5 19 3 14.046174
5 20 0 30.208996
5 20 3 14.782622
5 21 0 28.855899
5 21 3 14.575813
5 22 0 26.513642
5 22 3 14.823306
5 23 0 24.567982
5 23 3 14.326917
5 24 0 25.805703
5 24 3 14.665277
5 25 0 25.550034
5 25 3 15.453855
5 26 0 23.745054
5 26 3 14.282781
5 27 0 23.451033
5 27 3 14.721754
5 28 0 21.476867
5 28 3 13.991456
5 29 0 23.034099
5 29 3 13.918286
5 30 0 23.101066
5 30 3 13.990888
5 31 0 21.620353
5 31 3 15.429882
5 32 0 21.496694
5 32 3 13.352198
5 33 0 23.249280
5 33 3 14.587233
5 34 0 22.029981
5 34 3 13.263020
5 35 0 20.643369
5 35 3 12.339620
5 36 0 19.473047
5 36 3 12.212657
5 37 0 20.168973
5 37 3 12.299923
5 38 0 19.238834
5 38 3 11.896576
5 39 0 19.267249
5 39 3 11.725159
5 40 0 19.644790
5 40 3 12.423750
5 42 0 19.018835
5 42 3 11.495412
5 44 0 17.333858
5 44 3 11.335461
5 46 0 18.239593
5 46 3 11.484594
5 48 0 18.152356
5 48 3 11.135379
5 50 0 16.783919
5 50 3 10.806451
5 52 0 16.865390
5 52 3 10.829329
5 54 0 16.104897
5 54 3 10.865800
5 56 0 15.780248
5 56 3 10.233171
5 58 0 15.427672
5 58 3 9.836316
5 60 0 15.740296
5 60 3 9.722849
5 63 0 15.216075
5 63 3 9.637714
5 66 0 14.663522
5 66 3 9.447012
5 69 0 14.310174
5 69 3 9.465606
5 72 0 13.971954
5 72 3 9.131606
5 75 0 14.279162
5 75 3 8.949436
5 78 0 13.477855
5 78 3 9.145593
5 81 0 13.487208
5 81 3 9.063603
5 85 0 13.664876
5 85 3 8.930777
5 89 0 12.452393
5 89 3 8.766993
5 93 0 13.249850
5 93 3 8.425211
5 97 0 12.456461
5 97 3 8.416312
5 101 0 12.114265
5 101 3 8.161420
5 106 0 12.061633
5 106 3 8.287149
5 111 0 12.542740
5 111 3 8.162484
5 116 0 12.424749
5 116 3 8.321808
5 121 0 11.600557
5 121 3 7.992959
5 127 0 11.644044
5 127 3 7.979097
5 133 0 11.113818
5 133 3 7.733498
5 139 0 11.810581
5 139 3 8.108915
5 145 0 11.349525
5 145 3 7.849352
5 152 0 11.139257
5 152 3 7.827787
5 159 0 11.031288
5 159 3 7.698711
5 166 0 10.401278
5 166 3 7.545236
5 174 0 10.781080
5 174 3 7.445296
5 182 0 10.205807
5 182 3 7.693548
5 191 0 10.498081
5 191 3 7.531264
5 200 0 10.006804
5 200 3 7.333882
5 210 0 10.306352
5 210 3 7.469882
5 220 0 10.003364
5 220 3 7.339895
5 231 0 10.276637
5 231 3 7.357451
5 242 0 9.871359
5 242 3 7.524208
5 254 0 9.959689
5 254 3 7.364653
5 266 0 9.905991
5 266 3 7.415530
5 279 0 9.980422
5 279 3 7.210036
5 292 0 9.726684
5 292 3 7.613463
5 306 0 9.555893
5 306 3 7.351431
5 321 0 9.539256
5 321 3 7.132855
5 337 0 9.663571
5 337 3 7.141242
5 353 0 9.506094
5 353 3 6.985144
5 370 0 9.336623
5 370 3 7.438729
5 388 0 9.308038
5 388 3 7.052321
5 407 0 9.632735
5 407 3 6.865227
5 427 0 9.678090
5 427 3 7.063715
5 448 0 9.334941
5 448 3 7.034137
5 470 0 9.510582
5 470 3 7.181235
5 493 0 9.401867
5 493 3 7.176014
5 517 0 9.241146
5 517 3 6.938006
5 542 0 9.119013
5 542 3 6.870113
5 569 0 8.790211
5 569 3 6.827312
5 597 0 8.844461
5 597 3 7.292171
5 626 0 9.036887
5 626 3 7.092367
5 657 0 8.731640
5 657 3 6.836312
5 689 0 9.131818
5 689 3 6.865187
5 723 0 8.996308
5 723 3 6.743281
5 759 0 8.579984
5 759 3 6.768736
5 796 0 8.765299
5 796 3 6.849457
5 835 0 8.604912
5 835 3 7.047011
5 876 0 8.617751
5 876 3 6.716315
5 919 0 8.648651
5 919 3 6.747663
5 964 0 8.726239
5 964 3 7.208584
5 1012 0 8.404142
5 1012 3 6.938248
5 1062 0 8.458551
5 1062 3 6.847533
5 1115 0 8.434475
5 1115 3 6.632764
5 1170 0 12.795401
5 1170 3 7.534410
5 1228 0 8.348233
5 1228 3 7.968687
5 1289 0 8.425684
5 1289 3 8.635152
5 1353 0 8.309565
5 1353 3 8.642338
5 1420 0 8.329709
5 1420 3 9.716432
5 1491 0 8.502012
5 1491 3 9.179690
5 1565 0 8.418298
5 1565 3 10.331842
5 1643 0 8.550497
5 1643 3 10.402494
5 1725 0 8.196155
5 1725 3 9.549111
5 1811 0 8.352530
5 1811 3 10.846808
5 1901 0 8.417766
5 1901 3 11.166165
5 1996 0 8.343257
5 1996 3 13.245135
6 1 3 17.668287
6 2 3 15.681398
6 3 3 15.530562
6 4 3 14.251000
6 5 0 50.283492
6 5 3 14.655637
6 6 0 43.800661
6 6 3 14.275697
6 7 0 38.361386
6 7 3 14.497958
6 8 0 34.075012
6 8 3 14.576877
6 9 0 31.496202
6 9 3 14.570026
6 10 0 28.225068
6 10 3 14.054641
6 11 0 26.986944
6 11 3 14.413582
6 12 0 24.763685
6 12 3 15.061536
6 13 0 23.361876
6 13 3 14.062896
6 14 0 22.896719
6 14 3 14.524943
6 15 0 21.674358
6 15 3 13.932230
6 16 0 21.970747
6 16 3 13.196030
6 17 0 22.501705
6 17 3 12.500010
6 18 0 21.844311
6 18 3 12.819454
6 19 0 20.734572
6 19 3 11.962333
6 20 0 21.470392
6 20 3 12.244610
6 21 0 19.809116
6 21 3 11.647763
6 22 0 18.801501
6 22 3 11.318266
6 23 0 18.404994
6 23 3 11.497379
6 24 0 19.562223
6 24 3 11.550322
6 25 0 19.063184
6 25 3 11.577953
6 26 0 17.668100
6 26 3 10.366098
6 27 0 16.801955
6 27 3 10.600610
6 28 0 15.869959
6 28 3 9.931667
6 29 0 15.860083
6 29 3 9.946573
6 30 0 15.920318
6 30 3 10.199647
6 31 0 15.504583
6 31 3 9.439224
6 32 0 16.042668
6 32 3 9.702763
6 33 0 17.090626
6 33 3 10.397474
6 34 0 16.817895
6 34 3 10.241042
6 35 0 15.250625
6 35 3 9.191512
6 36 0 15.346577
6 36 3 9.179657
6 37 0 15.553165
6 37 3 9.260291
6 38 0 14.598259
6 38 3 9.058451
6 39 0 15.104926
6 39 3 8.958251
6 40 0 15.258565
6 40 3 9.748095
6 42 0 14.150202
6 42 3 8.906501
6 44 0 13.890510
6 44 3 8.825167
6 46 0 14.080383
6 46 3 8.886495
6 48 0 13.561599
6 48 3 8.693562
6 50 0 13.678688
6 50 3 11.195534
6 52 0 13.135021
6 52 3 8.594534
6 54 0 12.860473
6 54 3 8.435974
6 56 0 12.293774
6 56 3 8.258128
6 58 0 12.169292
6 58 3 8.119199
6 60 0 11.776995
6 60 3 8.096611
6 63 0 12.328256
6 63 3 7.997857
6 66 0 12.255306
6 66 3 7.966641
6 69 0 12.155475
6 69 3 8.099010
6 72 0 11.608991
6 72 3 7.800641
6 75 0 11.272395
6 75 3 7.662704
6 78 0 11.391204
6 78 3 7.758620
6 81 0 11.195889
6 81 3 7.742634
6 85 0 11.059227
6 85 3 7.674458
6 89 0 11.253917
6 89 3 7.636979
6 93 0 10.489820
6 93 3 7.451305
6 97 0 10.645557
6 97 3 7.375708
6 101 0 10.545086
6 101 3 7.328449
6 106 0 10.493835
6 106 3 7.366794
6 111 0 10.529796
6 111 3 7.278213
6 116 0 10.647884
6 116 3 7.464992
6 121 0 10.098735
6 121 3 7.298797
6 127 0 10.142574
6 127 3 7.170235
6 133 0 9.900219
6 133 3 7.065461
6 139 0 9.809370
6 139 3 7.409025
6 145 0 9.665419
6 145 3 7.062812
6 152 0 9.571170
6 152 3 7.131201
6 159 0 9.814574
6 159 3 7.086915
6 166 0 9.412090
6 166 3 6.971017
6 174 0 9.432986
6 174 3 6.844766
6 182 0 9.551847
6 182 3 6.957558
6 191 0 9.467109
6 191 3 6.910800
6 200 0 9.282999
6 200 3 6.770986
6 210 0 9.162887
6 210 3 6.879467
6 220 0 9.286312
6 220 3 6.857604
6 231 0 9.160478
6 231 3 6.792680
6 242 0 9.146941
6 242 3 7.147975
6 254 0 9.204072
6 254 3 6.932119
6 266 0 9.047878
6 266 3 7.011392
6 279 0 9.068998
6 279 3 6.831676
6 292 0 9.394929
6 292 3 6.911891
6 306 0 9.184476
6 306 3 7.030154
6 321 0 9.002321
6 321 3 6.909045
6 337 0 8.940912
6 337 3 6.796247
6 353 0 8.793768
6 353 3 6.670024
6 370 0 8.864017
6 370 3 6.564019
6 388 0 8.883555
6 388 3 6.611009
6 407 0 8.678329
6 407 3 6.557706
6 427 0 8.729419
6 427 3 6.883019
6 448 0 8.750513
6 448 3 6.878268
6 470 0 8.502027
6 470 3 6.664505
6 493 0 8.736919
6 493 3 6.755987
6 517 0 9.018502
6 517 3 7.267610
6 542 0 8.905691
6 542 3 12.151054
6 569 0 9.083299
6 569 3 7.198186
6 597 0 8.598407
6 597 3 7.470699
6 626 0 8.625139
6 626 3 9.149880
6 657 0 8.831418
6 657 3 8.525140
6 689 0 8.780751
6 689 3 9.013148
6 723 0 9.077003
6 723 3 9.630330
6 759 0 9.000523
6 759 3 9.694451
6 796 0 9.297398
6 796 3 10.679002
6 835 0 8.992258
6 835 3 9.574998
6 876 0 8.985245
6 876 3 10.031195
6 919 0 9.128848
6 919 3 9.998456
6 964 0 9.196624
6 964 3 10.983425
6 1012 0 9.094980
6 1012 3 10.462557
6 1062 0 9.095260
6 1062 3 10.489457
6 1115 0 8.962113
6 1115 3 10.129482
6 1170 0 9.040009
6 1170 3 11.437180
6 1228 0 9.006975
6 1228 3 10.639180
6 1289 0 8.883521
6 1289 3 9.900510
6 1353 0 8.997632
6 1353 3 10.283283
6 1420 0 8.681411
6 1420 3 10.482259
6 1491 0 8.955577
6 1491 3 11.221695
6 1565 0 8.804179
6 1565 3 10.605612
6 1643 0 8.630344
6 1643 3 11.134092
6 1725 0 8.695963
6 1725 3 10.348882
6 1811 0 8.689685
6 1811 3 10.398174
6 1901 0 9.097307
6 1901 3 11.493242
6 1996 0 8.597743
6 1996 3 11.371265
7 1 3 16.011283
7 2 3 14.006284
7 3 3 15.086004
7 4 3 14.587922
7 5 0 29.620733
7 5 3 14.676303
7 6 0 26.921669
7 6 3 14.602727
7 7 0 25.093803
7 7 3 14.391905
7 8 0 23.271393
7 8 3 12.987917
7 9 0 23.309534
7 9 3 12.736804
7 10 0 20.886333
7 10 3 11.674970
7 11 0 20.008442
7 11 3 11.426697
7 12 0 22.213577
7 12 3 13.238349
7 13 0 20.663430
7 13 3 12.850761
7 14 0 17.281649
7 14 3 10.223567
7 15 0 16.510675
7 15 3 10.263418
7 16 0 17.110726
7 16 3 9.617109
7 17 0 16.635448
7 17 3 9.474510
7 18 0 16.558359
7 18 3 9.634116
7 19 0 15.505336
7 19 3 9.019425
7 20 0 16.341222
7 20 3 9.378704
7 21 0 15.699112
7 21 3 8.925422
7 22 0 14.634650
7 22 3 8.755128
7 23 0 14.427653
7 23 3 8.670861
7 24 0 14.956430
7 24 3 9.042623
7 25 0 15.064511
7 25 3 8.943119
7 26 0 14.066785
7 26 3 8.250232
7 27 0 13.815273
7 27 3 8.466021
7 28 0 13.056597
7 28 3 7.946537
7 29 0 13.387091
7 29 3 8.076774
7 30 0 12.960350
7 30 3 8.217183
7 31 0 13.341590
7 31 3 7.792789
7 32 0 13.047036
7 32 3 7.949781
7 33 0 13.930656
7 33 3 8.460042
7 34 0 13.612560
7 34 3 8.457299
7 35 0 12.757300
7 35 3 7.798753
7 36 0 12.630376
7 36 3 7.950360
7 37 0 12.663428
7 37 3 7.885264
7 38 0 12.515477
7 38 3 7.783215
7 39 0 12.262022
7 39 3 7.702971
7 40 0 12.408735
7 40 3 8.176783
7 42 0 11.986373
7 42 3 7.719119
7 44 0 12.030175
7 44 3 7.702102
7 46 0 11.996035
7 46 3 7.807464
7 48 0 11.494561
7 48 3 7.568457
7 50 0 11.534543
7 50 3 7.494634
7 52 0 11.504467
7 52 3 7.429633
7 54 0 11.293176
7 54 3 7.417282
7 56 0 10.978891
7 56 3 7.378218
7 58 0 11.059285
7 58 3 7.251189
7 60 0 11.064469
7 60 3 7.213858
7 63 0 10.912197
7 63 3 7.161522
7 66 0 10.666966
7 66 3 7.325336
7 69 0 10.521222
7 69 3 7.128673
7 72 0 10.134514
7 72 3 6.960588
7 75 0 10.040028
7 75 3 7.058246
7 78 0 10.253149
7 78 3 7.213555
7 81 0 10.132896
7 81 3 7.074447
7 85 0 10.021467
7 85 3 7.025325
7 89 0 9.976615
7 89 3 6.948301
7 93 0 9.910367
7 93 3 6.949449
7 97 0 9.621646
7 97 3 6.839060
7 101 0 9.688188
7 101 3 6.894644
7 106 0 9.513671
7 106 3 6.814522
7 111 0 9.590356
7 111 3 6.729213
7 116 0 9.436572
7 116 3 7.105568
7 121 0 9.282310
7 121 3 6.816586
7 127 0 9.270549
7 127 3 6.722363
7 133 0 9.197089
7 133 3 6.652183
7 139 0 9.307659
7 139 3 7.041095
7 145 0 9.245634
7 145 3 6.622956
7 152 0 9.066227
7 152 3 6.672776
7 159 0 9.364807
7 159 3 6.799852
7 166 0 8.934875
7 166 3 6.586694
7 174 0 8.837740
7 174 3 6.517431
7 182 0 8.912148
7 182 3 6.661395
7 191 0 8.865077
7 191 3 6.591912
7 200 0 8.785017
7 200 3 6.523031
7 210 0 8.738230
7 210 3 6.529166
7 220 0 8.808353
7 220 3 6.558224
7 231 0 8.667980
7 231 3 6.597529
7 242 0 8.829647
7 242 3 6.661372
7 254 0 8.834178
7 254 3 6.628575
7 266 0 9.033066
7 266 3 6.667518
7 279 0 8.944031
7 279 3 6.757736
7 292 0 9.323762
7 292 3 7.448029
7 306 0 9.287410
7 306 3 8.069842
7 321 0 9.243930
7 321 3 8.471388
7 337 0 9.375000
7 337 3 8.894804
7 353 0 9.146340
7 353 3 9.333323
7 370 0 9.156995
7 370 3 9.072582
7 388 0 9.118680
7 388 3 9.308624
7 407 0 9.561455
7 407 3 9.819804
7 427 0 9.363042
7 427 3 9.886560
7 448 0 9.447409
7 448 3 10.115503
7 470 0 9.288732
7 470 3 10.543621
7 493 0 9.332249
7 493 3 10.342248
7 517 0 9.113655
7 517 3 9.683707
7 542 0 9.196895
7 542 3 12.689819
7 569 0 8.840343
7 569 3 9.996465
7 597 0 9.385952
7 597 3 10.425046
7 626 0 9.059177
7 626 3 10.148938
7 657 0 9.288495
7 657 3 10.714798
7 689 0 8.902826
7 689 3 10.044502
7 723 0 8.987858
7 723 3 11.043101
7 759 0 9.292420
7 759 3 11.000988
7 796 0 8.975204
7 796 3 10.851772
7 835 0 9.122001
7 835 3 10.897255
7 876 0 8.814951
7 876 3 10.567571
7 919 0 8.948459
7 919 3 10.534394
7 964 0 9.069915
7 964 3 10.808970
7 1012 0 9.109458
7 1012 3 11.236270
7 1062 0 9.203269
7 1062 3 11.903451
7 1115 0 9.008920
7 1115 3 10.065659
7 1170 0 8.804344
7 1170 3 11.141350
7 1228 0 8.735920
7 1228 3 11.881239
7 1289 0 8.868002
7 1289 3 10.590395
7 1353 0 8.835829
7 1353 3 10.981295
7 1420 0 8.695243
7 1420 3 11.304705
7 1491 0 9.190102
7 1491 3 14.969417
7 1565 0 8.874589
7 1565 3 11.017570
7 1643 0 8.766083
7 1643 3 10.784405
7 1725 0 9.252250
7 1725 3 11.143674
7 1811 0 9.105951
7 1811 3 11.681013
7 1901 0 9.047370
7 1901 3 11.575061
7 1996 0 9.304206
7 1996 3 12.053482
8 1 3 18.144492
8 2 3 14.503927
8 3 3 14.592947
8 4 3 13.156797
8 5 0 23.344894
8 5 3 11.792371
8 6 0 21.923326
8 6 3 11.086786
8 7 0 20.207903
8 7 3 10.298051
8 8 0 19.167121
8 8 3 9.661145
8 9 0 18.700134
8 9 3 9.426656
8 10 0 17.583201
8 10 3 8.958520
8 11 0 16.812555
8 11 3 8.938789
8 12 0 15.933883
8 12 3 8.751851
8 13 0 15.821767
8 13 3 8.480439
8 14 0 15.249836
8 14 3 8.294936
8 15 0 14.967308
8 15 3 8.329921
8 16 0 14.041987
8 16 3 8.125790
8 17 0 14.618539
8 17 3 8.065355
8 18 0 14.559346
8 18 3 8.102150
8 19 0 14.026095
8 19 3 7.931861
8 20 0 14.072147
8 20 3 7.881073
8 21 0 13.578365
8 21 3 7.678479
8 22 0 13.192990
8 22 3 7.688927
8 23 0 13.090976
8 23 3 7.568484
8 24 0 13.221029
8 24 3 7.933189
8 25 0 12.964154
8 25 3 7.820514
8 26 0 12.750814
8 26 3 7.447680
8 27 0 12.349528
8 27 3 7.501853
8 28 0 12.110883
8 28 3 7.184372
8 29 0 12.160755
8 29 3 7.284474
8 30 0 12.153111
8 30 3 7.386922
8 31 0 11.916778
8 31 3 7.110862
8 32 0 11.557017
8 32 3 7.327098
8 33 0 12.444726
8 33 3 7.424027
8 34 0 12.185713
8 34 3 7.505556
8 35 0 11.691966
8 35 3 7.079032
8 36 0 11.736341
8 36 3 7.116608
8 37 0 11.678980
8 37 3 7.211057
8 38 0 11.431098
8 38 3 7.040169
8 39 0 11.574728
8 39 3 7.067996
8 40 0 11.372758
8 40 3 7.286169
8 42 0 11.178288
8 42 3 7.069531
8 44 0 11.113009
8 44 3 7.098335
8 46 0 11.130651
8 46 3 7.218813
8 48 0 10.451696
8 48 3 6.898133
8 50 0 10.921764
8 50 3 6.934911
8 52 0 10.767419
8 52 3 6.956506
8 54 0 10.626326
8 54 3 6.850898
8 56 0 10.450624
8 56 3 6.948501
8 58 0 10.389480
8 58 3 6.804491
8 60 0 10.474448
8 60 3 6.894911
8 63 0 10.222805
8 63 3 6.797157
8 66 0 10.159784
8 66 3 6.792577
8 69 0 9.955141
8 69 3 6.725308
8 72 0 9.801036
8 72 3 6.673749
8 75 0 9.675587
8 75 3 6.639672
8 78 0 9.729254
8 78 3 6.794403
8 81 0 9.711464
8 81 3 6.694674
8 85 0 9.581964
8 85 3 7.894124
8 89 0 9.521836
8 89 3 6.549486
8 93 0 9.530595
8 93 3 6.775306
8 97 0 9.344241
8 97 3 6.605397
8 101 0 9.372052
8 101 3 6.582638
8 106 0 9.300152
8 106 3 6.466305
8 111 0 9.218843
8 111 3 6.426571
8 116 0 9.335456
8 116 3 6.700960
8 121 0 9.308149
8 121 3 6.509291
8 127 0 9.492948
8 127 3 6.428399
8 133 0 9.410776
8 133 3 6.480920
8 139 0 9.626800
8 139 3 6.880990
8 145 0 9.673744
8 145 3 7.174751
8 152 0 9.659129
8 152 3 7.478702
8 159 0 9.889158
8 159 3 8.420740
8 166 0 9.656580
8 166 3 8.408369
8 174 0 9.615807
8 174 3 8.640377
8 182 0 9.776718
8 182 3 9.052154
8 191 0 9.652856
8 191 3 9.281155
8 200 0 9.523830
8 200 3 9.183682
8 210 0 9.603613
8 210 3 9.190524
8 220 0 9.507335
8 220 3 9.380082
8 231 0 9.501046
8 231 3 9.450631
8 242 0 9.568074
8 242 3 9.810624
8 254 0 9.489025
8 254 3 10.022199
8 266 0 9.649632
8 266 3 9.959515
8 279 0 9.472322
8 279 3 9.903904
8 292 0 9.544974
8 292 3 10.582797
8 306 0 9.424280
8 306 3 10.933618
8 321 0 9.247962
8 321 3 10.245683
8 337 0 9.278430
8 337 3 10.291415
8 353 0 9.200539
8 353 3 9.945824
8 370 0 9.097658
8 370 3 10.603390
8 388 0 9.214796
8 388 3 10.644675
8 407 0 9.152109
8 407 3 10.558810
8 427 0 9.268539
8 427 3 10.473615
8 448 0 9.215996
8 448 3 10.680177
8 470 0 9.099209
8 470 3 10.446674
8 493 0 9.084482
8 493 3 11.732611
8 517 0 9.448540
8 517 3 10.668922
8 542 0 9.202619
8 542 3 13.552858
8 569 0 9.030760
8 569 3 10.052588
8 597 0 8.965512
8 597 3 11.003975
8 626 0 9.265862
8 626 3 10.924396
8 657 0 8.939524
8 657 3 10.491466
8 689 0 8.918192
8 689 3 10.650968
8 723 0 8.963510
8 723 3 10.916035
8 759 0 9.067418
8 759 3 11.476475
8 796 0 8.932880
8 796 3 10.965559
8 835 0 9.034961
8 835 3 11.236369
8 876 0 8.912526
8 876 3 11.307696
8 919 0 9.189193
8 919 3 12.206517
8 964 0 9.191091
8 964 3 11.900674
8 1012 0 8.975265
8 1012 3 12.751534
8 1062 0 8.647605
8 1062 3 13.333973
8 1115 0 8.569732
8 1115 3 13.392953
8 1170 0 8.815756
8 1170 3 11.937965
8 1228 0 8.638245
8 1228 3 11.470149
8 1289 0 8.654264
8 1289 3 11.574486
8 1353 0 8.737965
8 1353 3 12.074354
8 1420 0 8.980318
8 1420 3 13.207358
8 1491 0 9.016773
8 1491 3 13.570910
8 1565 0 8.830707
8 1565 3 12.696395
8 1643 0 8.552387
8 1643 3 12.779917
8 1725 0 8.363116
8 1725 3 12.000682
8 1811 0 8.645926
8 1811 3 11.941263
8 1901 0 8.699161
8 1901 3 11.894713
8 1996 0 8.717965
8 1996 3 12.618335
9 1 3 19.120078
9 2 3 13.044727
9 3 3 11.012337
9 4 3 9.769559
9 5 0 20.182912
9 5 3 9.119042
9 6 0 18.776952
9 6 3 8.708433
9 7 0 17.920136
9 7 3 8.347093
9 8 0 17.196799
9 8 3 8.192719
9 9 0 16.978878
9 9 3 7.995263
9 10 0 16.146454
9 10 3 7.748461
9 11 0 15.291547
9 11 3 7.577178
9 12 0 14.742239
9 12 3 7.597799
9 13 0 14.475129
9 13 3 7.543622
9 14 0 14.223346
9 14 3 7.455351
9 15 0 13.971363
9 15 3 7.425525
9 16 0 13.156612
9 16 3 7.375203
9 17 0 13.621114
9 17 3 7.281488
9 18 0 13.465368
9 18 3 7.307974
9 19 0 13.132681
9 19 3 7.227015
9 20 0 12.935943
9 20 3 7.184017
9 21 0 12.801963
9 21 3 7.004213
9 22 0 12.615898
9 22 3 6.989172
9 23 0 12.329669
9 23 3 6.958096
9 24 0 12.504060
9 24 3 7.376883
9 25 0 12.194083
9 25 3 7.345281
9 26 0 12.141219
9 26 3 7.017142
9 27 0 11.801599
9 27 3 6.932001
9 28 0 11.785733
9 28 3 6.956595
9 29 0 11.638672
9 29 3 6.816624
9 30 0 11.495878
9 30 3 6.761561
9 31 0 11.654489
9 31 3 6.693288
9 32 0 11.228899
9 32 3 6.839098
9 33 0 11.857583
9 33 3 6.839746
9 34 0 11.813406
9 34 3 6.976729
9 35 0 11.524065
9 35 3 6.762247
9 36 0 11.542370
9 36 3 6.784580
9 37 0 11.389158
9 37 3 6.700550
9 38 0 11.315320
9 38 3 6.647329
9 39 0 11.288936
9 39 3 6.708446
9 40 0 11.206660
9 40 3 6.899374
9 42 0 10.963948
9 42 3 6.627028
9 44 0 10.978505
9 44 3 6.711644
9 46 0 10.825211
9 46 3 6.790562
9 48 0 10.444103
9 48 3 6.580335
9 50 0 11.115024
9 50 3 6.827493
9 52 0 11.038972
9 52 3 6.671919
9 54 0 10.890144
9 54 3 6.559177
9 56 0 10.676400
9 56 3 6.702232
9 58 0 10.578836
9 58 3 6.713685
9 60 0 10.639142
9 60 3 6.722250
9 63 0 10.706953
9 63 3 6.675755
9 66 0 10.681609
9 66 3 6.535634
9 69 0 10.694935
9 69 3 6.640672
9 72 0 10.487063
9 72 3 6.738196
9 75 0 10.507286
9 75 3 7.566591
9 78 0 10.517308
9 78 3 8.128550
9 81 0 10.576245
9 81 3 8.260376
9 85 0 10.604062
9 85 3 9.506648
9 89 0 10.640535
9 89 3 8.617956
9 93 0 10.607460
9 93 3 9.073676
9 97 0 10.447974
9 97 3 9.177215
9 101 0 10.527617
9 101 3 9.361060
9 106 0 10.442321
9 106 3 9.333149
9 111 0 10.361223
9 111 3 9.389140
9 116 0 10.487119
9 116 3 9.567717
9 121 0 10.390147
9 121 3 9.478726
9 127 0 10.320347
9 127 3 9.633796
9 133 0 10.185180
9 133 3 9.651251
9 139 0 10.179750
9 139 3 9.913069
9 145 0 10.284542
9 145 3 9.691906
9 152 0 10.057342
9 152 3 9.752019
9 159 0 10.334438
9 159 3 10.193288
9 166 0 9.903290
9 166 3 9.767575
9 174 0 9.781038
9 174 3 9.650902
9 182 0 9.865766
9 182 3 10.006921
9 191 0 9.767899
9 191 3 9.920219
9 200 0 9.674016
9 200 3 9.947880
9 210 0 9.615159
9 210 3 9.887305
9 220 0 9.552041
9 220 3 9.989774
9 231 0 9.616609
9 231 3 10.055327
9 242 0 9.605779
9 242 3 10.401660
9 254 0 9.689920
9 254 3 10.510904
9 266 0 9.925182
9 266 3 10.998269
9 279 0 9.762128
9 279 3 11.541875
9 292 0 9.463977
9 292 3 11.034463
9 306 0 9.532173
9 306 3 10.653911
9 321 0 9.361551
9 321 3 10.647865
9 337 0 9.410970
9 337 3 10.899388
9 353 0 9.251768
9 353 3 10.513088
9 370 0 9.477833
9 370 3 10.849057
9 388 0 9.538179
9 388 3 10.885516
9 407 0 9.158121
9 407 3 11.931137
9 427 0 9.159903
9 427 3 11.706708
9 448 0 9.405362
9 448 3 12.551273
9 470 0 9.598886
9 470 3 11.318268
9 493 0 9.621983
9 493 3 11.883309
9 517 0 9.096316
9 517 3 11.422981
9 542 0 9.206722
9 542 3 11.890565
9 569 0 9.107533
9 569 3 13.026003
9 597 0 8.973552
9 597 3 11.945627
9 626 0 8.802715
9 626 3 11.706788
9 657 0 8.966015
9 657 3 11.564332
9 689 0 8.976846
9 689 3 12.596699
9 723 0 8.960609
9 723 3 12.315368
9 759 0 8.842503
9 759 3 12.156545
9 796 0 9.001887
9 796 3 12.408995
9 835 0 8.878096
9 835 3 12.477408
9 876 0 8.854718
9 876 3 12.776758
9 919 0 8.765003
9 919 3 13.523038
9 964 0 9.296604
9 964 3 13.259774
9 1012 0 8.754932
9 1012 3 12.276129
9 1062 0 8.778457
9 1062 3 12.445897
9 1115 0 8.795517
9 1115 3 12.358930
9 1170 0 9.195714
9 1170 3 13.374097
9 1228 0 8.834695
9 1228 3 12.406591
9 1289 0 8.890026
9 1289 3 13.214101
9 1353 0 8.704960
9 1353 3 14.219734
9 1420 0 8.721076
9 1420 3 14.618065
9 1491 0 8.579566
9 1491 3 13.555376
9 1565 0 8.788877
9 1565 3 15.493136
9 1643 0 9.070624
9 1643 3 15.122215
9 1725 0 8.757687
9 1725 3 12.554555
9 1811 0 8.732425
9 1811 3 15.526056
9 1901 0 8.883537
9 1901 3 13.872766
9 1996 0 8.825252
9 1996 3 15.655024
10 1 3 16.296350
10 2 3 9.719406
10 3 3 8.608017
10 4 3 8.219916
10 5 0 18.302294
10 5 3 7.618525
10 6 0 17.405014
10 6 3 7.563674
10 7 0 16.393292
10 7 3 7.295776
10 8 0 15.900660
10 8 3 7.299683
10 9 0 15.756861
10 9 3 7.269737
10 10 0 14.913668
10 10 3 7.132004
10 11 0 14.555448
10 11 3 7.024256
10 12 0 13.894894
10 12 3 6.974743
10 13 0 13.715000
10 13 3 7.007446
10 14 0 13.487566
10 14 3 6.905532
10 15 0 13.560155
10 15 3 6.933222
10 16 0 12.701539
10 16 3 6.872145
10 17 0 13.225314
10 17 3 6.718425
10 18 0 13.252420
10 18 3 6.820443
10 19 0 12.890975
10 19 3 6.744112
10 20 0 12.726997
10 20 3 6.650929
10 21 0 12.825700
10 21 3 6.580393
10 22 0 12.842735
10 22 3 6.623732
10 23 0 12.807470
10 23 3 6.620844
10 24 0 12.776216
10 24 3 6.729487
10 25 0 12.842378
10 25 3 6.658384
10 26 0 13.084493
10 26 3 6.667303
10 27 0 12.905902
10 27 3 6.556375
10 28 0 13.260171
10 28 3 6.677589
10 29 0 13.051584
10 29 3 6.443327
10 30 0 12.999020
10 30 3 6.524171
10 31 0 13.196814
10 31 3 6.507142
10 32 0 12.780824
10 32 3 6.552547
10 33 0 13.321004
10 33 3 6.457322
10 34 0 13.187133
10 34 3 6.625257
10 35 0 13.045343
10 35 3 6.569483
10 36 0 12.892369
10 36 3 6.694498
10 37 0 13.055148
10 37 3 7.159343
10 38 0 12.943870
10 38 3 7.444068
10 39 0 12.907277
10 39 3 7.801058
10 40 0 12.575461
10 40 3 8.376533
10 42 0 12.488551
10 42 3 8.354942
10 44 0 12.533135
10 44 3 8.816794
10 46 0 12.473180
10 46 3 9.013395
10 48 0 11.769309
10 48 3 9.041110
10 50 0 12.525287
10 50 3 10.514046
10 52 0 12.307566
10 52 3 9.471036
10 54 0 12.263253
10 54 3 9.739463
10 56 0 11.826815
10 56 3 9.555863
10 58 0 11.867347
10 58 3 9.667157
10 60 0 11.756211
10 60 3 9.708182
10 63 0 11.680218
10 63 3 9.762354
10 66 0 11.628256
10 66 3 9.673601
10 69 0 11.602907
10 69 3 9.818682
10 72 0 11.131565
10 72 3 9.652603
10 75 0 11.343397
10 75 3 9.956205
10 78 0 11.429773
10 78 3 9.851379
10 81 0 11.269281
10 81 3 10.397937
10 85 0 11.290808
10 85 3 11.864811
10 89 0 11.070137
10 89 3 9.826434
10 93 0 10.983088
10 93 3 9.891027
10 97 0 10.868955
10 97 3 9.909478
10 101 0 10.911189
10 101 3 10.030744
10 106 0 10.881564
10 106 3 10.048433
10 111 0 10.643685
10 111 3 10.036914
10 116 0 10.688756
10 116 3 10.126771
10 121 0 10.592175
10 121 3 10.017261
10 127 0 10.436854
10 127 3 9.850109
10 133 0 10.445768
10 133 3 10.001239
10 139 0 10.438577
10 139 3 10.124118
10 145 0 10.771044
10 145 3 10.195071
10 152 0 10.357312
10 152 3 10.184536
10 159 0 10.579164
10 159 3 11.193888
10 166 0 10.344196
10 166 3 9.921602
10 174 0 10.116137
10 174 3 10.011661
10 182 0 10.254751
10 182 3 10.209105
10 191 0 10.226082
10 191 3 10.200725
10 200 0 10.033515
10 200 3 10.328915
10 210 0 10.084576
10 210 3 10.482272
10 220 0 10.154445
10 220 3 10.601897
10 231 0 10.052754
10 231 3 11.523605
10 242 0 10.162994
10 242 3 11.145910
10 254 0 10.178194
10 254 3 11.450600
10 266 0 10.458022
10 266 3 12.041199
10 279 0 10.183245
10 279 3 12.295617
10 292 0 9.527807
10 292 3 12.053235
10 306 0 9.579605
10 306 3 11.562983
10 321 0 9.727903
10 321 3 11.309549
10 337 0 9.610854
10 337 3 11.360492
10 353 0 9.338042
10 353 3 12.473362
10 370 0 9.462421
10 370 3 11.761152
10 388 0 9.153434
10 388 3 14.168690
10 407 0 9.579679
10 407 3 12.582984
10 427 0 9.638759
10 427 3 11.932631
10 448 0 9.610352
10 448 3 12.208194
10 470 0 9.366560
10 470 3 13.188599
10 493 0 9.482516
10 493 3 14.605524
10 517 0 9.462937
10 517 3 13.269378
10 542 0 9.660438
10 542 3 12.995940
10 569 0 9.147693
10 569 3 12.603357
10 597 0 9.372513
10 597 3 13.356846
10 626 0 9.394134
10 626 3 12.808392
10 657 0 9.476417
10 657 3 13.922550
10 689 0 9.176534
10 689 3 13.129022
10 723 0 9.247976
10 723 3 14.426825
10 759 0 9.305250
10 759 3 13.312767
10 796 0 9.112098
10 796 3 16.335328
10 835 0 9.078452
10 835 3 13.914931
10 876 0 9.069317
10 876 3 14.416756
10 919 0 9.119708
10 919 3 12.543437
10 964 0 9.394459
10 964 3 15.927421
10 1012 0 10.447729
10 1012 3 13.633378
10 1062 0 9.089401
10 1062 3 15.875776
10 1115 0 9.111718
10 1115 3 12.412847
10 1170 0 9.076242
10 1170 3 14.808096
10 1228 0 8.927504
10 1228 3 14.682851
10 1289 0 8.925017
10 1289 3 14.696735
10 1353 0 8.795686
10 1353 3 17.159950
10 1420 0 9.042105
10 1420 3 16.459204
10 1491 0 8.864910
10 1491 3 14.424136
10 1565 0 8.915768
10 1565 3 16.697406
10 1643 0 8.910010
10 1643 3 12.527044
10 1725 0 9.110458
10 1725 3 19.314842
10 1811 0 8.875404
10 1811 3 16.645645
10 1901 0 9.120568
10 1901 3 16.431349
10 1996 0 9.222111
10 1996 3 21.224276
11 1 3 11.254598
11 2 3 8.073624
11 3 3 7.735734
11 4 3 7.354789
11 5 0 18.912107
11 5 3 7.132073
11 6 0 17.502591
11 6 3 6.935184
11 7 0 17.036470
11 7 3 6.697522
11 8 0 16.722000
11 8 3 6.793624
11 9 0 17.655698
11 9 3 6.743669
11 10 0 17.710127
11 10 3 6.689724
11 11 0 17.836549
11 11 3 6.618059
11 12 0 17.741273
11 12 3 6.573033
11 13 0 18.014674
11 13 3 6.583288
11 14 0 18.074811
11 14 3 6.560956
11 15 0 18.144447
11 15 3 6.679580
11 16 0 16.899893
11 16 3 6.630766
11 17 0 17.469341
11 17 3 6.524082
11 18 0 17.454331
11 18 3 7.590715
11 19 0 16.998450
11 19 3 7.402861
11 20 0 16.538135
11 20 3 7.941727
11 21 0 16.165070
11 21 3 8.282752
11 22 0 16.123163
11 22 3 8.605293
11 23 0 15.923784
11 23 3 8.933599
11 24 0 15.379594
11 24 3 8.947112
11 25 0 15.488983
11 25 3 9.180383
11 26 0 15.181211
11 26 3 9.199039
11 27 0 14.891246
11 27 3 9.271004
11 28 0 14.869650
11 28 3 9.386763
11 29 0 14.650178
11 29 3 9.463875
11 30 0 14.498248
11 30 3 9.698773
11 31 0 14.574474
11 31 3 9.550468
11 32 0 13.780403
11 32 3 9.641722
11 33 0 14.203223
11 33 3 9.453115
11 34 0 14.116851
11 34 3 9.697134
11 35 0 13.783508
11 35 3 9.471992
11 36 0 13.613193
11 36 3 9.543214
11 37 0 13.690227
11 37 3 9.826094
11 38 0 13.631981
11 38 3 9.905399
11 39 0 13.522871
11 39 3 9.744807
11 40 0 13.180321
11 40 3 9.884894
11 42 0 13.102983
11 42 3 9.710062
11 44 0 13.013355
11 44 3 10.219502
11 46 0 12.978335
11 46 3 9.999599
11 48 0 12.170621
11 48 3 10.026265
11 50 0 12.901179
11 50 3 10.546589
11 52 0 12.617148
11 52 3 10.423095
11 54 0 12.659943
11 54 3 10.241616
11 56 0 12.069624
11 56 3 10.396878
11 58 0 12.271390
11 58 3 10.416624
11 60 0 12.079940
11 60 3 10.276190
11 63 0 11.994806
11 63 3 10.153508
11 66 0 12.010490
11 66 3 10.784565
11 69 0 12.045804
11 69 3 10.089138
11 72 0 11.552883
11 72 3 11.364488
11 75 0 11.742416
11 75 3 10.524094
11 78 0 11.767396
11 78 3 10.300227
11 81 0 11.747341
11 81 3 10.688871
11 85 0 11.722009
11 85 3 11.331292
11 89 0 11.363334
11 89 3 10.063466
11 93 0 11.421824
11 93 3 10.183711
11 97 0 11.277848
11 97 3 10.299646
11 101 0 11.316902
11 101 3 10.234513
11 106 0 11.222829
11 106 3 10.433994
11 111 0 11.162185
11 111 3 10.390663
11 116 0 11.205138
11 116 3 10.692492
11 121 0 11.063098
11 121 3 10.610143
11 127 0 11.065593
11 127 3 10.559252
11 133 0 11.030382
11 133 3 10.605089
11 139 0 11.019441
11 139 3 10.973068
11 145 0 11.614043
11 145 3 11.667041
11 152 0 10.776685
11 152 3 11.132443
11 159 0 11.053810
11 159 3 11.820168
11 166 0 10.899554
11 166 3 11.367927
11 174 0 10.814720
11 174 3 11.126808
11 182 0 10.993483
11 182 3 11.931021
11 191 0 10.675000
11 191 3 11.769562
11 200 0 10.892599
11 200 3 11.828095
11 210 0 10.745340
11 210 3 11.375146
11 220 0 10.564162
11 220 3 11.732573
11 231 0 10.736368
11 231 3 12.658518
11 242 0 10.854623
11 242 3 13.234640
11 254 0 10.683892
11 254 3 14.688390
11 266 0 10.906639
11 266 3 13.509148
11 279 0 10.599052
11 279 3 13.300077
11 292 0 10.242423
11 292 3 13.927909
11 306 0 10.044905
11 306 3 13.877902
11 321 0 10.086705
11 321 3 11.876674
11 337 0 10.122360
11 337 3 14.948675
11 353 0 10.196528
11 353 3 14.530932
11 370 0 9.813704
11 370 3 17.285819
11 388 0 10.179090
11 388 3 17.940794
11 407 0 9.913433
11 407 3 12.482193
11 427 0 10.048460
11 427 3 13.809096
11 448 0 10.110885
11 448 3 15.293595
11 470 0 9.932725
11 470 3 15.718724
11 493 0 9.883898
11 493 3 14.440752
11 517 0 9.986444
11 517 3 15.548270
11 542 0 10.483540
11 542 3 14.384470
11 569 0 9.651773
11 569 3 16.795202
11 597 0 9.654170
11 597 3 14.346366
11 626 0 9.514203
11 626 3 16.266816
11 657 0 9.555904
11 657 3 15.878177
11 689 0 9.552294
11 689 3 16.947964
11 723 0 9.496511
11 723 3 18.965302
11 759 0 9.422137
11 759 3 16.800076
11 796 0 9.395532
11 796 3 14.846954
11 835 0 9.505669
11 835 3 18.282023
11 876 0 9.339128
11 876 3 15.191603
11 919 0 9.458270
11 919 3 16.943465
11 964 0 9.520919
11 964 3 19.062093
11 1012 0 9.388190
11 1012 3 20.045014
11 1062 0 9.364720
11 1062 3 18.106053
11 1115 0 9.492642
11 1115 3 17.085608
11 1170 0 9.505021
11 1170 3 19.165592
11 1228 0 9.369425
11 1228 3 18.933882
11 1289 0 9.411937
11 1289 3 16.869773
11 1353 0 9.504578
11 1353 3 19.465287
11 1420 0 9.371641
11 1420 3 20.055514
11 1491 0 9.600801
11 1491 3 22.224017
11 1565 0 9.403906
11 1565 3 20.558158
11 1643 0 9.646579
11 1643 3 22.013991
11 1725 0 9.916083
11 1725 3 24.220719
11 1811 0 9.935660
11 1811 3 24.359753
11 1901 0 9.856209
11 1901 3 25.345229
11 1996 0 10.062608
11 1996 3 23.281918
12 1 3 8.859773
12 2 3 7.391439
12 3 3 7.193904
12 4 3 6.932312
12 5 0 28.557822
12 5 3 6.823284
12 6 0 26.648485
12 6 3 6.675694
12 7 0 25.543753
12 7 3 6.418102
12 8 0 24.385445
12 8 3 6.523882
12 9 0 23.248470
12 9 3 6.800703
12 10 0 22.242211
12 10 3 7.969599
12 11 0 21.303144
12 11 3 8.673796
12 12 0 20.329172
12 12 3 8.976366
12 13 0 20.332210
12 13 3 9.327348
12 14 0 19.509303
12 14 3 9.596252
12 15 0 19.218877
12 15 3 9.790598
12 16 0 17.875686
12 16 3 9.901697
12 17 0 18.656198
12 17 3 9.497330
12 18 0 18.722809
12 18 3 10.627315
12 19 0 18.194203
12 19 3 9.770476
12 20 0 17.208176
12 20 3 9.758376
12 21 0 16.834948
12 21 3 9.621871
12 22 0 16.559257
12 22 3 9.765537
12 23 0 16.267345
12 23 3 10.112962
12 24 0 15.773098
12 24 3 9.753793
12 25 0 15.892833
12 25 3 9.892142
12 26 0 15.587705
12 26 3 9.797576
12 27 0 15.347101
12 27 3 9.789434
12 28 0 15.093107
12 28 3 9.870126
12 29 0 15.049851
12 29 3 9.949192
12 30 0 14.735422
12 30 3 9.919186
12 31 0 14.815074
12 31 3 9.982226
12 32 0 14.095065
12 32 3 10.118701
12 33 0 14.745885
12 33 3 9.883825
12 34 0 14.412680
12 34 3 9.973205
12 35 0 14.259984
12 35 3 9.854117
12 36 0 14.003199
12 36 3 9.809222
12 37 0 14.132319
12 37 3 10.003863
12 38 0 14.024252
12 38 3 10.002751
12 39 0 13.941358
12 39 3 10.063086
12 40 0 13.551408
12 40 3 10.347575
12 42 0 13.607508
12 42 3 10.082183
12 44 0 13.482294
12 44 3 10.566351
12 46 0 13.471767
12 46 3 10.551929
12 48 0 12.674777
12 48 3 10.716939
12 50 0 13.326028
12 50 3 10.934404
12 52 0 13.049412
12 52 3 11.159948
12 54 0 13.081790
12 54 3 10.626888
12 56 0 12.739166
12 56 3 10.957135
12 58 0 12.846014
12 58 3 10.882749
12 60 0 12.688461
12 60 3 10.878049
12 63 0 12.728465
12 63 3 11.073641
12 66 0 12.816441
12 66 3 11.263340
12 69 0 12.831881
12 69 3 11.341885
12 72 0 12.276748
12 72 3 11.458634
12 75 0 12.544558
12 75 3 11.085227
12 78 0 12.491628
12 78 3 11.383181
12 81 0 12.646586
12 81 3 11.088444
12 85 0 12.543218
12 85 3 11.362602
12 89 0 11.931724
12 89 3 10.926702
12 93 0 11.890411
12 93 3 11.115323
12 97 0 11.809814
12 97 3 11.095018
12 101 0 11.685592
12 101 3 11.124912
12 106 0 11.682337
12 106 3 11.416690
12 111 0 11.551733
12 111 3 11.306632
12 116 0 11.611575
12 116 3 11.601851
12 121 0 11.584306
12 121 3 11.231190
12 127 0 11.451961
12 127 3 11.327191
12 133 0 11.364513
12 133 3 11.279145
12 139 0 11.531759
12 139 3 11.922626
12 145 0 11.727710
12 145 3 13.976495
12 152 0 11.150043
12 152 3 12.137855
12 159 0 11.432478
12 159 3 12.240820
12 166 0 11.546198
12 166 3 12.752297
12 174 0 11.144379
12 174 3 11.859296
12 182 0 11.402379
12 182 3 12.900275
12 191 0 11.292142
12 191 3 13.097788
12 200 0 11.224810
12 200 3 13.185895
12 210 0 11.259348
12 210 3 13.034464
12 220 0 11.135618
12 220 3 13.365613
12 231 0 10.990524
12 231 3 14.048804
12 242 0 11.115247
12 242 3 15.912230
12 254 0 11.117070
12 254 3 15.887458
12 266 0 11.078078
12 266 3 15.127623
12 279 0 10.880709
12 279 3 14.850368
12 292 0 10.842194
12 292 3 13.890820
12 306 0 10.609652
12 306 3 12.938238
12 321 0 10.660753
12 321 3 18.421916
12 337 0 10.668180
12 337 3 12.234868
12 353 0 10.576009
12 353 3 12.314839
12 370 0 10.468353
12 370 3 13.738412
12 388 0 11.169191
12 388 3 24.321473
12 407 0 10.566542
12 407 3 17.782610
12 427 0 10.598401
12 427 3 18.017515
12 448 0 10.678600
12 448 3 14.963476
12 470 0 10.493180
12 470 3 16.284785
12 493 0 10.974830
12 493 3 17.304480
12 517 0 10.424065
12 517 3 19.094379
12 542 0 10.525900
12 542 3 18.555164
12 569 0 10.323411
12 569 3 17.273386
12 597 0 10.365947
12 597 3 19.877749
12 626 0 10.277123
12 626 3 19.675846
12 657 0 10.304497
12 657 3 21.175330
12 689 0 10.319859
12 689 3 20.004625
12 723 0 10.293255
12 723 3 19.692794
12 759 0 10.281188
12 759 3 21.496354
12 796 0 10.173233
12 796 3 20.280718
12 835 0 10.413909
12 835 3 21.110815
12 876 0 10.370728
12 876 3 20.168289
12 919 0 10.336489
12 919 3 22.632721
12 964 0 10.656118
12 964 3 20.097485
12 1012 0 10.452604
12 1012 3 22.152059
12 1062 0 10.516213
12 1062 3 22.065626
12 1115 0 10.463562
12 1115 3 21.941401
12 1170 0 10.530041
12 1170 3 21.513376
12 1228 0 10.872314
12 1228 3 20.280427
12 1289 0 10.979432
12 1289 3 20.906644
12 1353 0 11.123650
12 1353 3 26.042005
12 1420 0 11.192629
12 1420 3 25.141386
12 1491 0 11.325867
12 1491 3 27.249048
12 1565 0 11.544045
12 1565 3 25.998374
12 1643 0 11.754210
12 1643 3 27.015420
12 1725 0 11.494061
12 1725 3 30.933869
12 1811 0 11.895473
12 1811 3 28.531819
12 1901 0 11.945495
12 1901 3 32.337568
12 1996 0 12.198165
12 1996 3 32.883548
13 1 3 7.156864
13 2 3 6.925291
13 3 3 6.826647
13 4 3 6.638459
13 5 0 28.922394
13 5 3 8.560863
13 6 0 30.746137
13 6 3 9.427949
13 7 0 26.788293
13 7 3 9.372023
13 8 0 25.708497
13 8 3 9.698225
13 9 0 24.343648
13 9 3 9.855985
13 10 0 22.922630
13 10 3 9.866960
13 11 0 22.338317
13 11 3 9.838750
13 12 0 20.892966
13 12 3 9.992892
13 13 0 20.536069
13 13 3 10.219238
13 14 0 19.997580
13 14 3 10.327223
13 15 0 19.583623
13 15 3 10.468498
13 16 0 18.145026
13 16 3 10.244705
13 17 0 18.877007
13 17 3 10.049762
13 18 0 19.328517
13 18 3 10.906489
13 19 0 18.181556
13 19 3 10.085372
13 20 0 18.396054
13 20 3 10.165401
13 21 0 17.680880
13 21 3 9.989129
13 22 0 17.558076
13 22 3 9.977220
13 23 0 17.070333
13 23 3 10.487825
13 24 0 16.631114
13 24 3 9.958594
13 25 0 16.883667
13 25 3 10.174569
13 26 0 16.319833
13 26 3 10.193324
13 27 0 16.144096
13 27 3 10.361724
13 28 0 15.932079
13 28 3 10.255080
13 29 0 15.928971
13 29 3 10.368137
13 30 0 15.502542
13 30 3 10.389835
13 31 0 15.712055
13 31 3 10.408780
13 32 0 14.887155
13 32 3 10.673986
13 33 0 15.760948
13 33 3 10.751438
13 34 0 15.682605
13 34 3 10.823923
13 35 0 15.257191
13 35 3 10.536331
13 36 0 14.865727
13 36 3 10.593299
13 37 0 15.084138
13 37 3 10.881443
13 38 0 14.940792
13 38 3 10.952103
13 39 0 14.747420
13 39 3 11.174576
13 40 0 14.364559
13 40 3 11.285339
13 42 0 14.553590
13 42 3 10.912718
13 44 0 14.302653
13 44 3 11.415203
13 46 0 14.462898
13 46 3 11.468051
13 48 0 13.579434
13 48 3 11.366281
13 50 0 14.323299
13 50 3 11.780575
13 52 0 14.124639
13 52 3 11.505619
13 54 0 14.243701
13 54 3 11.803514
13 56 0 13.392388
13 56 3 11.734099
13 58 0 13.630949
13 58 3 11.808459
13 60 0 13.453220
13 60 3 12.095706
13 63 0 13.443836
13 63 3 11.636511
13 66 0 13.587639
13 66 3 11.626100
13 69 0 13.602353
13 69 3 12.978742
13 72 0 13.558803
13 72 3 11.287646
13 75 0 14.415093
13 75 3 11.490774
13 78 0 13.824447
13 78 3 14.956954
13 81 0 13.787016
13 81 3 14.046264
13 85 0 13.693818
13 85 3 14.736341
13 89 0 12.512190
13 89 3 11.519200
13 93 0 12.490762
13 93 3 11.528379
13 97 0 12.578305
13 97 3 11.724517
13 101 0 12.509025
13 101 3 11.928619
13 106 0 12.423771
13 106 3 12.124915
13 111 0 12.181341
13 111 3 11.707125
13 116 0 12.528797
13 116 3 12.995108
13 121 0 12.317656
13 121 3 12.053950
13 127 0 12.222883
13 127 3 12.323005
13 133 0 12.495090
13 133 3 12.025528
13 139 0 12.638261
13 139 3 12.211434
13 145 0 12.899107
13 145 3 14.471550
13 152 0 12.577038
13 152 3 14.280912
13 159 0 13.146732
13 159 3 16.258553
13 166 0 12.514623
13 166 3 12.884057
13 174 0 12.490182
13 174 3 13.439190
13 182 0 12.605312
13 182 3 14.921219
13 191 0 12.740236
13 191 3 14.662068
13 200 0 12.253367
13 200 3 15.767360
13 210 0 12.478063
13 210 3 17.371988
13 220 0 14.983185
13 220 3 18.339863
13 231 0 12.892068
13 231 3 18.248202
13 242 0 13.049971
13 242 3 18.807213
13 254 0 12.678409
13 254 3 18.718461
13 266 0 12.617818
13 266 3 19.928410
13 279 0 12.765319
13 279 3 19.244050
13 292 0 12.705170
13 292 3 17.683976
13 306 0 12.358693
13 306 3 18.361177
13 321 0 12.481241
13 321 3 19.488462
13 337 0 12.591948
13 337 3 22.731580
13 353 0 12.199303
13 353 3 18.603320
13 370 0 12.268985
13 370 3 19.619270
13 388 0 12.413457
13 388 3 20.034604
13 407 0 12.015110
13 407 3 20.642509
13 427 0 11.981199
13 427 3 21.100541
13 448 0 12.031007
13 448 3 21.427004
13 470 0 12.157435
13 470 3 20.725160
13 493 0 12.358383
13 493 3 20.609022
13 517 0 12.110366
13 517 3 19.589347
13 542 0 12.717789
13 542 3 21.116193
13 569 0 11.829644
13 569 3 21.865232
13 597 0 11.616125
13 597 3 22.252584
13 626 0 11.845956
13 626 3 21.888018
13 657 0 11.925072
13 657 3 23.215059
13 689 0 11.668444
13 689 3 22.103483
13 723 0 11.810994
13 723 3 22.790762
13 759 0 12.025314
13 759 3 22.599217
13 796 0 11.835734
13 796 3 22.644666
13 835 0 11.743106
13 835 3 22.816120
13 876 0 11.916012
13 876 3 22.548687
13 919 0 12.503692
13 919 3 23.194796
13 964 0 12.603831
13 964 3 22.889849
13 1012 0 12.930575
13 1012 3 23.362295
13 1062 0 12.819987
13 1062 3 23.096134
13 1115 0 13.539618
13 1115 3 26.119724
13 1170 0 13.463340
13 1170 3 26.391081
13 1228 0 13.624389
13 1228 3 30.408472
13 1289 0 13.605946
13 1289 3 31.511634
13 1353 0 14.172148
13 1353 3 32.974735
13 1420 0 14.006453
13 1420 3 35.246837
13 1491 0 14.383659
13 1491 3 34.718367
13 1565 0 14.467141
13 1565 3 36.580598
13 1643 0 14.241295
13 1643 3 37.399478
13 1725 0 15.209085
13 1725 3 39.216147
13 1811 0 14.936726
13 1811 3 38.822336
13 1901 0 14.644731
13 1901 3 37.579441
13 1996 0 14.996790
13 1996 3 38.567501
14 1 3 7.010449
14 2 3 6.727372
14 3 3 9.429211
14 4 3 9.759124
14 5 0 30.256516
14 5 3 9.959450
14 6 0 29.099688
14 6 3 10.543062
14 7 0 29.771379
14 7 3 10.510076
14 8 0 27.670285
14 8 3 10.430727
14 9 0 26.197813
14 9 3 10.969738
14 10 0 24.546655
14 10 3 10.483577
14 11 0 23.459158
14 11 3 10.576002
14 12 0 22.380773
14 12 3 10.551821
14 13 0 22.117091
14 13 3 10.848428
14 14 0 21.429999
14 14 3 10.781986
14 15 0 21.030555
14 15 3 11.178817
14 16 0 19.300375
14 16 3 10.904398
14 17 0 21.283089
14 17 3 10.805368
14 18 0 21.073319
14 18 3 11.242954
14 19 0 20.002564
14 19 3 11.075619
14 20 0 20.504580
14 20 3 11.525801
14 21 0 19.845912
14 21 3 11.474890
14 22 0 19.717057
14 22 3 11.695940
14 23 0 18.109541
14 23 3 10.979947
14 24 0 18.618720
14 24 3 11.239032
14 25 0 19.399350
14 25 3 11.679678
14 26 0 18.199962
14 26 3 11.271054
14 27 0 18.015822
14 27 3 11.156489
14 28 0 17.253322
14 28 3 11.122879
14 29 0 17.036267
14 29 3 11.248732
14 30 0 16.791315
14 30 3 11.275082
14 31 0 16.727596
14 31 3 11.070239
14 32 0 16.016279
14 32 3 11.522033
14 33 0 17.771083
14 33 3 12.234693
14 34 0 17.711938
14 34 3 12.356309
14 35 0 17.359057
14 35 3 11.325614
14 36 0 16.707220
14 36 3 11.299182
14 37 0 17.066132
14 37 3 11.741232
14 38 0 16.611948
14 38 3 11.561873
14 39 0 16.498828
14 39 3 11.742168
14 40 0 16.107445
14 40 3 11.970612
14 42 0 15.961025
14 42 3 12.977663
14 44 0 15.845290
14 44 3 13.070224
14 46 0 16.087564
14 46 3 13.025533
14 48 0 15.082986
14 48 3 12.584753
14 50 0 15.773193
14 50 3 12.335387
14 52 0 15.384848
14 52 3 11.818997
14 54 0 15.267405
14 54 3 13.400511
14 56 0 15.057548
14 56 3 14.062262
14 58 0 15.236187
14 58 3 13.199342
14 60 0 15.011032
14 60 3 14.119343
14 63 0 14.815397
14 63 3 12.578002
14 66 0 15.171732
14 66 3 15.219491
14 69 0 15.867675
14 69 3 13.837989
14 72 0 14.687738
14 72 3 14.306400
14 75 0 14.947190
14 75 3 15.286847
14 78 0 14.868484
14 78 3 13.411345
14 81 0 14.978403
14 81 3 13.495401
14 85 0 15.010967
14 85 3 14.208918
14 89 0 14.648446
14 89 3 12.139810
14 93 0 14.409762
14 93 3 12.166023
14 97 0 14.959008
14 97 3 14.727460
14 101 0 14.931250
14 101 3 15.717674
14 106 0 14.876365
14 106 3 15.700140
14 111 0 14.659542
14 111 3 16.226898
14 116 0 14.894001
14 116 3 18.996097
14 121 0 14.769942
14 121 3 16.759341
14 127 0 14.426653
14 127 3 17.724357
14 133 0 14.982401
14 133 3 17.063324
14 139 0 14.715704
14 139 3 17.592304
14 145 0 14.627963
14 145 3 19.973612
14 152 0 14.460446
14 152 3 18.634585
14 159 0 15.087943
14 159 3 18.305290
14 166 0 14.396501
14 166 3 19.615918
14 174 0 14.522699
14 174 3 19.771861
14 182 0 14.518044
14 182 3 20.668047
14 191 0 14.313077
14 191 3 23.033865
14 200 0 14.311896
14 200 3 21.208201
14 210 0 14.423508
14 210 3 21.521725
14 220 0 14.373178
14 220 3 22.437402
14 231 0 14.585861
14 231 3 22.130243
14 242 0 13.881748
14 242 3 22.173150
14 254 0 13.789605
14 254 3 22.183074
14 266 0 14.284686
14 266 3 21.556809
14 279 0 13.666394
14 279 3 20.541101
14 292 0 14.406123
14 292 3 23.356030
14 306 0 14.464642
14 306 3 22.770292
14 321 0 13.998171
14 321 3 22.664359
14 337 0 13.980057
14 337 3 22.301835
14 353 0 14.249101
14 353 3 22.470536
14 370 0 14.517156
14 370 3 23.061030
14 388 0 13.905407
14 388 3 22.364725
14 407 0 13.872499
14 407 3 23.683121
14 427 0 14.216836
14 427 3 23.088242
14 448 0 13.770461
14 448 3 23.478093
14 470 0 13.760615
14 470 3 24.493422
14 493 0 13.813156
14 493 3 24.275209
14 517 0 13.338572
14 517 3 23.367966
14 542 0 13.623664
14 542 3 24.090419
14 569 0 13.480256
14 569 3 23.299440
14 597 0 13.568375
14 597 3 23.181481
14 626 0 13.918612
14 626 3 22.980668
14 657 0 13.840095
14 657 3 22.744398
14 689 0 14.177633
14 689 3 23.733747
14 723 0 14.679803
14 723 3 23.570463
14 759 0 14.862474
14 759 3 25.010279
14 796 0 15.180740
14 796 3 25.658866
14 835 0 15.641759
14 835 3 28.666056
14 876 0 15.803866
14 876 3 30.052392
14 919 0 16.419427
14 919 3 31.189433
14 964 0 16.262143
14 964 3 31.284258
14 1012 0 16.228418
14 1012 3 33.286134
15 1 3 6.903883
15 2 3 10.060096
15 3 3 10.246546
15 4 3 10.244255
15 5 0 31.996588
15 5 3 11.561482
15 6 0 30.995476
15 6 3 10.730754
15 7 0 31.326338
15 7 3 11.480090
15 8 0 33.677745
15 8 3 17.824697
15 9 0 30.796082
15 9 3 11.733001
15 10 0 26.807391
15 10 3 11.579215
15 11 0 26.313202
15 11 3 11.558266
15 12 0 25.192599
15 12 3 11.663376
15 13 0 24.258797
15 13 3 11.475601
15 14 0 22.490880
15 14 3 11.239693
15 15 0 22.301339
15 15 3 11.573530
15 16 0 20.332651
15 16 3 11.633580
15 17 0 23.225569
15 17 3 11.915974
15 18 0 23.749825
15 18 3 12.180192
15 19 0 23.530829
15 19 3 12.631177
15 20 0 23.789731
15 20 3 14.188956
15 21 0 23.378197
15 21 3 13.673326
15 22 0 22.563460
15 22 3 14.993035
15 23 0 20.386159
15 23 3 11.619264
15 24 0 21.729724
15 24 3 14.127248
15 25 0 22.073669
15 25 3 14.492467
15 26 0 20.454067
15 26 3 12.514470
15 27 0 20.412502
15 27 3 12.599417
15 28 0 20.308458
15 28 3 13.078032
15 29 0 20.403015
15 29 3 13.048897
15 30 0 20.013527
15 30 3 13.060350
15 31 0 20.109654
15 31 3 13.146006
15 32 0 19.764169
15 32 3 14.371094
15 33 0 22.253343
15 33 3 15.974898
15 34 0 22.616988
15 34 3 15.115722
15 35 0 21.170638
15 35 3 15.573725
15 36 0 21.609715
15 36 3 14.819312
15 37 0 21.987794
15 37 3 15.816458
15 38 0 21.643883
15 38 3 15.896597
15 39 0 21.247996
15 39 3 15.968391
15 40 0 20.596145
15 40 3 16.169398
15 42 0 18.181470
15 42 3 16.526102
15 44 0 18.044125
15 44 3 17.148292
15 46 0 18.670741
15 46 3 19.082958
15 48 0 17.121460
15 48 3 17.282597
15 50 0 17.987038
15 50 3 17.056377
15 52 0 17.582271
15 52 3 17.263309
15 54 0 17.302529
15 54 3 17.561499
15 56 0 17.544909
15 56 3 18.888058
15 58 0 17.735035
15 58 3 18.198063
15 60 0 17.381515
15 60 3 18.646352
15 63 0 17.603911
15 63 3 19.545245
15 66 0 18.040387
15 66 3 16.648898
15 69 0 18.374145
15 69 3 16.726177
15 72 0 18.042081
15 72 3 15.903174
15 75 0 18.112344
15 75 3 17.883420
15 78 0 18.151762
15 78 3 18.373797
15 81 0 17.942924
15 81 3 21.160378
15 85 0 18.306092
15 85 3 21.931657
15 89 0 17.722803
15 89 3 18.636087
15 93 0 17.305166
15 93 3 18.043058
15 97 0 17.171995
15 97 3 18.618225
15 101 0 17.392873
15 101 3 21.113244
15 106 0 17.290580
15 106 3 20.648216
15 111 0 17.603820
15 111 3 21.500306
15 116 0 16.870482
15 116 3 22.615314
15 121 0 16.875605
15 121 3 22.542562
15 127 0 17.063048
15 127 3 21.058603
15 133 0 16.811627
15 133 3 21.608504
15 139 0 17.047702
15 139 3 22.090756
15 145 0 17.013493
15 145 3 23.039612
15 152 0 16.955232
15 152 3 20.836650
15 159 0 16.881866
15 159 3 22.696716
15 166 0 16.606946
15 166 3 22.194409
15 174 0 16.772257
15 174 3 22.469584
15 182 0 16.620134
15 182 3 23.154244
15 191 0 16.424541
15 191 3 24.441385
15 200 0 16.371598
15 200 3 24.144792
15 210 0 16.425017
15 210 3 24.512874
15 220 0 15.886177
15 220 3 23.949558
15 231 0 16.171217
15 231 3 23.758747
15 242 0 16.338530
15 242 3 22.893267
15 254 0 16.714141
15 254 3 22.969871
15 266 0 16.618720
15 266 3 23.002751
15 279 0 16.042403
15 279 3 24.005061
15 292 0 16.185885
15 292 3 24.485651
15 306 0 15.879525
15 306 3 24.366912
15 321 0 15.666583
15 321 3 24.701401
15 337 0 15.932623
15 337 3 24.944741
15 353 0 15.540874
15 353 3 24.130371
15 370 0 15.442321
15 370 3 26.575802
15 388 0 15.359785
15 388 3 25.030766
15 407 0 15.833626
15 407 3 23.005516
15 427 0 15.986093
15 427 3 23.252328
15 448 0 16.215949
15 448 3 23.280406
15 470 0 16.246588
15 470 3 22.849683
15 493 0 16.990210
15 493 3 23.463212
16 1 3 9.002339
16 2 3 10.873310
16 3 3 10.811026
16 4 3 10.971598
16 5 0 33.381209
16 5 3 11.357949
16 6 0 33.379251
16 6 3 12.189593
16 7 0 32.377143
16 7 3 12.001089
16 8 0 32.417766
16 8 3 12.764406
16 9 0 32.475052
16 9 3 14.191511
16 10 0 37.530719
16 10 3 13.270892
16 11 0 31.235810
16 11 3 12.443920
16 12 0 28.933837
16 12 3 12.727518
16 13 0 28.812187
16 13 3 12.436230
16 14 0 28.193124
16 14 3 13.511186
16 15 0 27.067683
16 15 3 12.934812
16 16 0 25.782205
16 16 3 13.193881
16 17 0 26.394894
16 17 3 15.182166
16 18 0 25.680892
16 18 3 15.762006
16 19 0 24.675674
16 19 3 19.380896
16 20 0 27.777722
16 20 3 17.696773
16 21 0 27.536870
16 21 3 17.324436
16 22 0 27.493325
16 22 3 17.908175
16 23 0 23.108987
16 23 3 15.461285
16 24 0 27.317815
16 24 3 18.524394
16 25 0 27.849206
16 25 3 19.184371
16 26 0 27.534975
16 26 3 16.666233
16 27 0 26.742189
16 27 3 16.945577
16 28 0 26.931735
16 28 3 18.500948
16 29 0 24.934502
16 29 3 19.135083
16 30 0 26.058771
16 30 3 20.795166
16 31 0 26.119539
16 31 3 19.819409
16 32 0 23.341075
16 32 3 18.889057
16 33 0 23.004177
16 33 3 21.181460
16 34 0 22.363763
16 34 3 20.916224
16 35 0 23.586369
16 35 3 20.458310
16 36 0 23.034282
16 36 3 20.283138
16 37 0 22.382525
16 37 3 21.473522
16 38 0 21.678254
16 38 3 22.118507
16 39 0 21.493139
16 39 3 21.889502
16 40 0 21.155310
16 40 3 21.742900
16 42 0 20.757467
16 42 3 15.689357
16 44 0 20.827620
16 44 3 19.049283
16 46 0 20.562090
16 46 3 18.827954
16 48 0 19.749195
16 48 3 17.383718
16 50 0 23.465734
16 50 3 22.075439
16 52 0 23.228598
16 52 3 22.200898
16 54 0 20.909921
16 54 3 20.128705
16 56 0 22.501630
16 56 3 21.924171
16 58 0 22.279999
16 58 3 22.689725
16 60 0 22.166326
16 60 3 22.365196
16 63 0 22.054317
16 63 3 22.096527
16 66 0 21.965111
16 66 3 21.924966
16 69 0 22.342491
16 69 3 21.628103
16 72 0 20.983815
16 72 3 23.286544
16 75 0 21.838229
16 75 3 22.864877
16 78 0 21.619617
16 78 3 22.922625
16 81 0 20.630738
16 81 3 22.603504
16 85 0 20.741506
16 85 3 22.968758
16 89 0 20.145374
16 89 3 21.413408
16 93 0 21.116785
16 93 3 22.441959
16 97 0 21.223528
16 97 3 23.813656
16 101 0 19.617296
16 101 3 22.945957
16 106 0 20.588332
16 106 3 24.623111
16 111 0 20.443706
16 111 3 24.990782
16 116 0 20.102288
16 116 3 25.479297
16 121 0 19.933698
16 121 3 23.594927
16 127 0 19.870005
16 127 3 24.719374
16 133 0 20.091897
16 133 3 24.384126
16 139 0 20.163623
16 139 3 23.837359
16 145 0 19.255355
16 145 3 23.492823
16 152 0 20.394328
16 152 3 21.888397
16 159 0 19.730615
16 159 3 23.881557
16 166 0 19.031304
16 166 3 22.126913
16 174 0 18.965934
16 174 3 23.013885
16 182 0 18.858290
16 182 3 22.667916
16 191 0 18.424546
16 191 3 23.778739
16 200 0 19.188684
16 200 3 23.003503
16 210 0 18.452025
16 210 3 24.236624
16 220 0 19.028901
16 220 3 25.011047
16 231 0 19.014929
16 231 3 23.218176
16 242 0 19.837067
16 242 3 24.651459
16 254 0 20.027768
16 254 3 24.658709
