4 1 3 51.017488
4 2 3 34.159356
4 3 3 32.497596
4 4 3 27.794257
4 5 0 153.484519
4 5 3 25.308077
4 6 0 135.847858
4 6 3 23.808482
4 7 0 118.308350
4 7 3 22.983354
4 8 0 107.476296
4 8 3 23.833085
4 9 0 96.354024
4 9 3 23.908009
4 10 0 86.414084
4 10 3 21.034211
4 11 0 81.953000
4 11 3 22.767740
4 12 0 75.147700
4 12 3 24.519619
4 13 0 73.050024
4 13 3 23.353645
4 14 0 63.744459
4 14 3 20.898981
4 15 0 63.590770
4 15 3 21.432646
4 16 0 65.085451
4 16 3 20.332891
4 17 0 91.839862
4 17 3 21.463830
4 18 0 79.600770
4 18 3 20.612132
4 19 0 77.359268
4 19 3 21.705764
4 20 0 78.207600
4 20 3 20.891218
4 21 0 73.928404
4 21 3 22.072336
4 22 0 71.981359
4 22 3 22.213783
4 23 0 65.943815
4 23 3 20.424165
4 24 0 63.786884
4 24 3 21.357448
4 25 0 58.992386
4 25 3 20.758686
4 26 0 34.343491
4 26 3 23.880726
4 27 0 33.939330
4 27 3 25.122390
4 28 0 56.112538
4 28 3 21.961086
4 29 0 53.375399
4 29 3 22.011235
4 30 0 51.661380
4 30 3 23.348116
4 31 0 48.208891
4 31 3 20.998343
4 32 0 47.514823
4 32 3 19.820681
4 33 0 45.346066
4 33 3 21.915710
4 34 0 45.444010
4 34 3 22.036653
4 35 0 40.135649
4 35 3 21.388623
4 36 0 43.234912
4 36 3 21.497512
4 37 0 41.755174
4 37 3 21.173711
4 38 0 39.804848
4 38 3 22.063833
4 39 0 35.697382
4 39 3 20.682492
4 40 0 39.927948
4 40 3 21.309130
4 42 0 35.920890
4 42 3 18.836528
4 44 0 38.901663
4 44 3 19.254669
4 46 0 36.760683
4 46 3 20.048782
4 48 0 38.201407
4 48 3 20.099240
4 50 0 29.054795
4 50 3 18.797254
4 52 0 28.383345
4 52 3 19.481670
4 54 0 28.362561
4 54 3 19.735168
4 56 0 28.145670
4 56 3 19.382619
4 58 0 28.374862
4 58 3 19.242442
4 60 0 30.671385
4 60 3 18.790208
4 63 0 28.731748
4 63 3 17.808852
4 66 0 28.365947
4 66 3 17.238488
4 69 0 25.778249
4 69 3 17.491421
4 72 0 27.169748
4 72 3 16.387605
4 75 0 25.495308
4 75 3 16.126631
4 78 0 26.034980
4 78 3 15.525176
4 81 0 23.585809
4 81 3 15.700587
4 85 0 22.983193
4 85 3 15.126945
4 89 0 20.094870
4 89 3 15.037605
4 93 0 23.220775
4 93 3 14.916905
4 97 0 22.457922
4 97 3 14.510762
4 101 0 22.489051
4 101 3 14.744201
4 106 0 21.265366
4 106 3 13.682790
4 111 0 22.193092
4 111 3 13.331055
4 116 0 19.002846
4 116 3 12.982215
4 121 0 18.349258
4 121 3 12.712107
4 127 0 19.089534
4 127 3 12.448740
4 133 0 16.569111
4 133 3 12.552947
4 139 0 17.482071
4 139 3 11.740063
4 145 0 16.897205
4 145 3 11.799456
4 152 0 15.941581
4 152 3 11.581700
4 159 0 17.102074
4 159 3 11.476124
4 166 0 16.176007
4 166 3 11.066097
4 174 0 16.103908
4 174 3 10.702163
4 182 0 14.056723
4 182 3 11.082896
4 191 0 15.963801
4 191 3 10.959571
4 200 0 13.795342
4 200 3 10.608511
4 210 0 13.729989
4 210 3 10.616406
4 220 0 13.930714
4 220 3 10.214177
4 231 0 13.686482
4 231 3 10.196560
4 242 0 13.954189
4 242 3 9.903188
4 254 0 14.037137
4 254 3 9.936174
4 266 0 13.532592
4 266 3 9.726925
4 279 0 13.277317
4 279 3 9.828884
4 292 0 12.069797
4 292 3 9.543350
4 306 0 12.079914
4 306 3 9.646772
4 321 0 12.268584
4 321 3 9.451051
4 337 0 12.325724
4 337 3 9.432633
4 353 0 12.199834
4 353 3 9.632427
4 370 0 12.073440
4 370 3 9.582080
4 388 0 10.659520
4 388 3 9.118943
4 407 0 12.019991
4 407 3 9.365524
4 427 0 11.643770
4 427 3 9.123814
4 448 0 11.421217
4 448 3 8.888371
4 470 0 11.470015
4 470 3 8.660388
4 493 0 11.228815
4 493 3 8.760508
4 517 0 10.963983
4 517 3 8.750846
4 542 0 11.315584
4 542 3 8.786733
4 569 0 10.685036
4 569 3 8.405778
4 597 0 10.074716
4 597 3 8.540346
4 626 0 10.028864
4 626 3 8.598642
4 657 0 10.106970
4 657 3 8.568372
4 689 0 10.028474
4 689 3 8.598861
4 723 0 10.263456
4 723 3 8.766532
4 759 0 9.939049
4 759 3 8.930473
4 796 0 10.112668
4 796 3 8.336278
4 835 0 10.044325
4 835 3 8.419331
4 876 0 9.955304
4 876 3 8.273367
4 919 0 9.957974
4 919 3 8.224842
4 964 0 9.577261
4 964 3 8.014826
4 1012 0 9.511073
4 1012 3 8.532466
4 1062 0 9.475069
4 1062 3 8.056419
4 1115 0 9.473709
4 1115 3 8.431482
4 1170 0 9.399579
4 1170 3 7.991837
4 1228 0 9.271997
4 1228 3 7.916176
4 1289 0 9.265403
4 1289 3 7.884961
4 1353 0 9.075943
4 1353 3 8.270389
4 1420 0 9.252179
4 1420 3 7.899425
4 1491 0 9.081059
4 1491 3 7.854723
4 1565 0 9.090009
4 1565 3 7.942090
4 1643 0 8.931579
4 1643 3 8.451720
4 1725 0 8.992202
4 1725 3 7.785781
4 1811 0 9.185502
4 1811 3 8.251837
4 1901 0 8.804423
4 1901 3 7.892453
4 1996 0 8.756275
4 1996 3 7.910366
5 1 3 33.118657
5 2 3 28.502516
5 3 3 25.626222
5 4 3 25.892119
5 5 0 144.114833
5 5 3 20.667562
5 6 0 119.910269
5 6 3 19.654143
5 7 0 106.386769
5 7 3 20.624587
5 8 0 97.070782
5 8 3 20.007078
5 9 0 80.901687
5 9 3 20.080327
5 10 0 73.898300
5 10 3 18.906033
5 11 0 71.707139
5 11 3 19.939461
5 12 0 63.767682
5 12 3 20.398800
5 13 0 60.905429
5 13 3 20.418028
5 14 0 52.463500
5 14 3 19.032895
5 15 0 52.657014
5 15 3 19.985742
5 16 0 49.260158
5 16 3 19.575831
5 17 0 46.532603
5 17 3 20.480401
5 18 0 42.780516
5 18 3 19.432167
5 19 0 39.517030
5 19 3 19.664366
5 20 0 39.327937
5 20 3 19.788514
5 21 0 37.110149
5 21 3 19.608158
5 22 0 36.207575
5 22 3 20.455274
5 23 0 33.399087
5 23 3 19.499852
5 24 0 31.658085
5 24 3 19.280133
5 25 0 31.798986
5 25 3 18.970367
5 26 0 30.642638
5 26 3 19.971839
5 27 0 32.880752
5 27 3 21.930027
5 28 0 31.357305
5 28 3 19.283702
5 29 0 30.906418
5 29 3 19.632042
5 30 0 30.562098
5 30 3 18.724458
5 31 0 28.843464
5 31 3 18.126725
5 32 0 30.251435
5 32 3 17.577802
5 33 0 26.263231
5 33 3 17.490058
5 34 0 28.759755
5 34 3 18.024142
5 35 0 25.359226
5 35 3 17.057111
5 36 0 26.531334
5 36 3 17.027201
5 37 0 25.959972
5 37 3 16.349581
5 38 0 25.343480
5 38 3 16.429129
5 39 0 24.269195
5 39 3 15.184699
5 40 0 23.776585
5 40 3 15.778349
5 42 0 25.008939
5 42 3 14.917807
5 44 0 22.539203
5 44 3 15.110096
5 46 0 23.249814
5 46 3 14.614071
5 48 0 24.849092
5 48 3 14.848559
5 50 0 20.593996
5 50 3 13.739978
5 52 0 20.809515
5 52 3 13.777377
5 54 0 20.336899
5 54 3 13.421484
5 56 0 19.938052
5 56 3 13.269073
5 58 0 19.574721
5 58 3 12.822003
5 60 0 19.829691
5 60 3 13.028049
5 63 0 19.023882
5 63 3 12.210465
5 66 0 18.120423
5 66 3 12.238734
5 69 0 17.184909
5 69 3 11.889807
5 72 0 17.271438
5 72 3 11.742032
5 75 0 17.798781
5 75 3 11.477905
5 78 0 16.179951
5 78 3 11.177262
5 81 0 16.885501
5 81 3 11.588542
5 85 0 16.801489
5 85 3 11.114206
5 89 0 14.443329
5 89 3 11.138529
5 93 0 16.015393
5 93 3 11.019601
5 97 0 15.061079
5 97 3 11.035378
5 101 0 14.389006
5 101 3 10.918096
5 106 0 13.754166
5 106 3 10.756303
5 111 0 15.600464
5 111 3 10.536773
5 116 0 14.244083
5 116 3 10.139646
5 121 0 13.535122
5 121 3 9.848040
5 127 0 14.091370
5 127 3 9.834559
5 133 0 13.139240
5 133 3 9.809545
5 139 0 13.596907
5 139 3 9.581313
5 145 0 13.097951
5 145 3 9.758994
5 152 0 12.587267
5 152 3 9.499975
5 159 0 12.870285
5 159 3 12.101415
5 166 0 11.841957
5 166 3 9.205082
5 174 0 13.090180
5 174 3 9.093382
5 182 0 11.418586
5 182 3 9.270101
5 191 0 12.174610
5 191 3 9.218124
5 200 0 11.263747
5 200 3 9.177945
5 210 0 11.618585
5 210 3 8.995213
5 220 0 10.880663
5 220 3 8.794819
5 231 0 11.522853
5 231 3 8.819864
5 242 0 11.005443
5 242 3 8.793984
5 254 0 11.055477
5 254 3 8.692758
5 266 0 10.577896
5 266 3 8.730232
5 279 0 10.960644
5 279 3 8.686535
5 292 0 10.594478
5 292 3 8.489893
5 306 0 10.246446
5 306 3 8.521709
5 321 0 10.213860
5 321 3 8.582101
5 337 0 10.469572
5 337 3 8.593856
5 353 0 10.279260
5 353 3 8.337323
5 370 0 10.002771
5 370 3 8.448300
5 388 0 10.696545
5 388 3 8.519217
5 407 0 10.117668
5 407 3 8.613913
5 427 0 10.060744
5 427 3 8.494140
5 448 0 10.099924
5 448 3 8.118578
5 470 0 9.705036
5 470 3 8.118269
5 493 0 9.781053
5 493 3 8.215905
5 517 0 9.260405
5 517 3 7.965965
5 542 0 9.643947
5 542 3 8.289684
5 569 0 9.403361
5 569 3 8.091731
5 597 0 9.320027
5 597 3 8.063604
5 626 0 9.317089
5 626 3 7.958392
5 657 0 9.140167
5 657 3 7.898644
5 689 0 9.363551
5 689 3 8.164178
5 723 0 9.381770
5 723 3 7.873861
5 759 0 8.841564
5 759 3 7.881713
5 796 0 9.262953
5 796 3 8.240664
5 835 0 8.908429
5 835 3 8.000481
5 876 0 8.932295
5 876 3 8.248754
5 919 0 8.883835
5 919 3 7.617419
5 964 0 8.832101
5 964 3 8.284208
5 1012 0 8.565444
5 1012 3 7.779676
5 1062 0 8.682225
5 1062 3 7.668737
5 1115 0 8.722655
5 1115 3 7.796651
5 1170 0 8.683124
5 1170 3 8.832828
5 1228 0 8.502362
5 1228 3 9.706369
5 1289 0 8.609273
5 1289 3 10.331897
5 1353 0 8.593032
5 1353 3 11.001999
5 1420 0 8.465064
5 1420 3 11.762504
5 1491 0 8.484374
5 1491 3 12.091101
5 1565 0 8.554846
5 1565 3 11.873954
5 1643 0 8.399658
5 1643 3 11.832697
5 1725 0 8.436613
5 1725 3 13.370284
5 1811 0 8.478340
5 1811 3 12.246979
5 1901 0 8.414761
5 1901 3 12.373298
5 1996 0 8.346492
5 1996 3 12.478947
6 1 3 30.118579
6 2 3 26.721351
6 3 3 19.684994
6 4 3 25.124029
6 5 0 67.860327
6 5 3 19.063210
6 6 0 58.315587
6 6 3 19.424407
6 7 0 51.984324
6 7 3 19.569216
6 8 0 46.595409
6 8 3 19.756215
6 9 0 41.082415
6 9 3 19.360583
6 10 0 37.538801
6 10 3 19.177085
6 11 0 34.885150
6 11 3 19.763460
6 12 0 32.014098
6 12 3 19.400871
6 13 0 32.877945
6 13 3 19.853610
6 14 0 28.522396
6 14 3 18.752321
6 15 0 28.815341
6 15 3 18.233813
6 16 0 28.791704
6 16 3 17.878874
6 17 0 28.933886
6 17 3 17.364772
6 18 0 27.564811
6 18 3 16.536237
6 19 0 26.482617
6 19 3 15.960318
6 20 0 26.737633
6 20 3 15.626119
6 21 0 25.333852
6 21 3 15.479365
6 22 0 24.379351
6 22 3 15.234271
6 23 0 23.677420
6 23 3 14.658471
6 24 0 22.279884
6 24 3 14.184882
6 25 0 21.812063
6 25 3 13.741894
6 26 0 21.060393
6 26 3 14.160203
6 27 0 21.439721
6 27 3 14.001500
6 28 0 21.003519
6 28 3 13.041925
6 29 0 19.824294
6 29 3 13.203540
6 30 0 19.705681
6 30 3 12.939239
6 31 0 18.572279
6 31 3 12.653845
6 32 0 20.640394
6 32 3 12.719751
6 33 0 18.869345
6 33 3 12.201827
6 34 0 19.421337
6 34 3 12.738232
6 35 0 18.616173
6 35 3 11.915289
6 36 0 18.941815
6 36 3 12.207207
6 37 0 18.546705
6 37 3 11.688591
6 38 0 17.675602
6 38 3 11.953325
6 39 0 17.664763
6 39 3 11.106384
6 40 0 17.548935
6 40 3 11.472653
6 42 0 16.995655
6 42 3 11.392789
6 44 0 16.609055
6 44 3 11.172241
6 46 0 16.616198
6 46 3 11.090235
6 48 0 17.121054
6 48 3 11.190529
6 50 0 15.335178
6 50 3 10.605902
6 52 0 15.170386
6 52 3 10.490788
6 54 0 15.335431
6 54 3 10.444312
6 56 0 14.780179
6 56 3 10.331974
6 58 0 14.039770
6 58 3 10.400722
6 60 0 13.977775
6 60 3 10.449021
6 63 0 14.524262
6 63 3 9.967000
6 66 0 14.043508
6 66 3 10.065831
6 69 0 14.441512
6 69 3 9.792042
6 72 0 13.840846
6 72 3 9.683855
6 75 0 12.677119
6 75 3 9.628721
6 78 0 12.913169
6 78 3 9.425480
6 81 0 13.167487
6 81 3 9.580913
6 85 0 12.461498
6 85 3 9.381271
6 89 0 12.757791
6 89 3 9.322807
6 93 0 11.811879
6 93 3 9.373518
6 97 0 12.068240
6 97 3 9.341666
6 101 0 11.951428
6 101 3 9.241447
6 106 0 12.031169
6 106 3 9.114760
6 111 0 12.094110
6 111 3 9.091230
6 116 0 11.946215
6 116 3 9.150274
6 121 0 11.427854
6 121 3 8.776253
6 127 0 11.364073
6 127 3 8.884943
6 133 0 11.033401
6 133 3 8.773826
6 139 0 10.502579
6 139 3 8.493813
6 145 0 10.634409
6 145 3 8.471046
6 152 0 10.402904
6 152 3 8.490763
6 159 0 10.785665
6 159 3 8.647077
6 166 0 13.050303
6 166 3 8.330146
6 174 0 10.396373
6 174 3 8.239788
6 182 0 10.508055
6 182 3 8.508200
6 191 0 10.235075
6 191 3 8.555010
6 200 0 10.063665
6 200 3 8.129250
6 210 0 9.800667
6 210 3 8.365006
6 220 0 10.018896
6 220 3 8.154833
6 231 0 9.849213
6 231 3 8.203412
6 242 0 9.657452
6 242 3 8.127254
6 254 0 9.773685
6 254 3 7.963577
6 266 0 9.517811
6 266 3 8.061045
6 279 0 9.668073
6 279 3 8.025613
6 292 0 9.709887
6 292 3 7.889381
6 306 0 9.511714
6 306 3 7.882236
6 321 0 9.401152
6 321 3 8.112513
6 337 0 9.403996
6 337 3 8.050059
6 353 0 9.271351
6 353 3 7.873140
6 370 0 9.262709
6 370 3 8.027607
6 388 0 9.284023
6 388 3 7.894702
6 407 0 9.247212
6 407 3 8.000982
6 427 0 9.429231
6 427 3 7.853861
6 448 0 9.033254
6 448 3 7.650487
6 470 0 8.915050
6 470 3 7.643340
6 493 0 8.921683
6 493 3 7.764932
6 517 0 8.832817
6 517 3 7.653482
6 542 0 9.038234
6 542 3 8.007231
6 569 0 8.914657
6 569 3 8.272344
6 597 0 9.070508
6 597 3 9.062202
6 626 0 8.963217
6 626 3 10.061752
6 657 0 9.021002
6 657 3 10.679227
6 689 0 8.971917
6 689 3 11.223263
6 723 0 9.152706
6 723 3 11.570212
6 759 0 9.151266
6 759 3 11.520458
6 796 0 9.215476
6 796 3 12.668870
6 835 0 9.218699
6 835 3 12.018349
6 876 0 9.269298
6 876 3 11.896372
6 919 0 9.243767
6 919 3 12.399527
6 964 0 9.029793
6 964 3 12.060627
6 1012 0 9.344899
6 1012 3 12.114403
6 1062 0 9.214746
6 1062 3 12.625668
6 1115 0 9.243995
6 1115 3 12.730164
6 1170 0 9.002448
6 1170 3 12.606190
6 1228 0 9.030304
6 1228 3 12.712933
6 1289 0 8.973799
6 1289 3 12.757146
6 1353 0 8.955421
6 1353 3 13.375679
6 1420 0 8.841074
6 1420 3 13.060746
6 1491 0 8.917212
6 1491 3 13.628153
6 1565 0 8.859008
6 1565 3 12.707921
6 1643 0 8.987579
6 1643 3 12.754654
6 1725 0 8.761107
6 1725 3 12.478351
6 1811 0 8.801066
6 1811 3 12.711727
6 1901 0 8.745974
6 1901 3 12.685927
6 1996 0 9.021728
6 1996 3 12.752686
7 1 3 29.264218
7 2 3 23.626992
7 3 3 18.514247
7 4 3 19.162688
7 5 0 39.164107
7 5 3 19.714398
7 6 0 35.212611
7 6 3 19.566096
7 7 0 31.334089
7 7 3 19.310743
7 8 0 29.856759
7 8 3 17.941319
7 9 0 28.301654
7 9 3 16.600996
7 10 0 25.796018
7 10 3 15.442836
7 11 0 24.162833
7 11 3 15.371839
7 12 0 23.040932
7 12 3 14.542254
7 13 0 22.219627
7 13 3 14.191856
7 14 0 20.406236
7 14 3 12.768911
7 15 0 20.080680
7 15 3 12.667639
7 16 0 20.864472
7 16 3 12.199297
7 17 0 20.208038
7 17 3 12.435848
7 18 0 19.631521
7 18 3 11.803719
7 19 0 18.754327
7 19 3 11.473365
7 20 0 18.556450
7 20 3 11.897610
7 21 0 18.248217
7 21 3 11.637733
7 22 0 18.138647
7 22 3 11.586680
7 23 0 16.615320
7 23 3 10.968774
7 24 0 16.731479
7 24 3 10.619214
7 25 0 16.868836
7 25 3 10.511678
7 26 0 16.290172
7 26 3 10.601651
7 27 0 16.579072
7 27 3 10.732972
7 28 0 15.462048
7 28 3 10.327918
7 29 0 15.845669
7 29 3 10.367036
7 30 0 14.785975
7 30 3 10.309133
7 31 0 15.870651
7 31 3 10.043876
7 32 0 15.518548
7 32 3 10.458067
7 33 0 15.455424
7 33 3 10.082081
7 34 0 15.745975
7 34 3 10.322137
7 35 0 15.243024
7 35 3 9.678486
7 36 0 14.691527
7 36 3 10.124155
7 37 0 14.687731
7 37 3 9.744854
7 38 0 14.353050
7 38 3 9.677139
7 39 0 13.786930
7 39 3 9.374879
7 40 0 13.878892
7 40 3 9.287774
7 42 0 13.943320
7 42 3 9.748144
7 44 0 13.761065
7 44 3 9.490709
7 46 0 13.317391
7 46 3 9.269122
7 48 0 13.597195
7 48 3 9.443748
7 50 0 13.049942
7 50 3 9.094486
7 52 0 13.002527
7 52 3 9.214164
7 54 0 12.739167
7 54 3 9.248236
7 56 0 12.582115
7 56 3 9.191158
7 58 0 12.663634
7 58 3 8.920604
7 60 0 12.654622
7 60 3 9.029759
7 63 0 12.288785
7 63 3 8.825539
7 66 0 11.817708
7 66 3 8.829975
7 69 0 11.963431
7 69 3 8.765284
7 72 0 11.178920
7 72 3 8.663057
7 75 0 11.184839
7 75 3 8.310238
7 78 0 11.446795
7 78 3 8.229746
7 81 0 11.194064
7 81 3 8.547587
7 85 0 11.055789
7 85 3 8.473442
7 89 0 10.941351
7 89 3 8.563186
7 93 0 10.798052
7 93 3 8.435274
7 97 0 10.594979
7 97 3 8.418126
7 101 0 10.382661
7 101 3 8.346825
7 106 0 10.257499
7 106 3 8.272627
7 111 0 10.412305
7 111 3 8.165222
7 116 0 10.335930
7 116 3 8.389084
7 121 0 10.202579
7 121 3 8.185358
7 127 0 10.174226
7 127 3 8.027346
7 133 0 9.891996
7 133 3 8.008902
7 139 0 10.078328
7 139 3 7.842294
7 145 0 9.761843
7 145 3 7.923051
7 152 0 9.638240
7 152 3 7.904302
7 159 0 9.755004
7 159 3 7.930893
7 166 0 9.632550
7 166 3 8.428149
7 174 0 9.501870
7 174 3 7.720375
7 182 0 9.538153
7 182 3 7.891655
7 191 0 9.386776
7 191 3 7.895845
7 200 0 9.305930
7 200 3 7.837855
7 210 0 9.247826
7 210 3 7.861284
7 220 0 9.285118
7 220 3 7.850304
7 231 0 9.076708
7 231 3 7.712429
7 242 0 9.189552
7 242 3 7.737645
7 254 0 9.283324
7 254 3 7.874713
7 266 0 9.368488
7 266 3 7.698938
7 279 0 9.376917
7 279 3 8.001773
7 292 0 9.593261
7 292 3 8.399104
7 306 0 9.774690
7 306 3 9.600984
7 321 0 9.729482
7 321 3 10.329490
7 337 0 9.579708
7 337 3 10.893175
7 353 0 9.593092
7 353 3 12.175164
7 370 0 9.763757
7 370 3 11.674110
7 388 0 12.365661
7 388 3 13.154967
7 407 0 9.593292
7 407 3 12.414084
7 427 0 9.443477
7 427 3 12.303231
7 448 0 9.367813
7 448 3 12.422607
7 470 0 9.259336
7 470 3 12.050395
7 493 0 9.252840
7 493 3 12.163897
7 517 0 9.190985
7 517 3 12.769184
7 542 0 9.283976
7 542 3 12.707835
7 569 0 9.207723
7 569 3 12.292102
7 597 0 9.088910
7 597 3 13.250022
7 626 0 9.052362
7 626 3 12.699184
7 657 0 9.054985
7 657 3 13.083310
7 689 0 9.083704
7 689 3 13.774321
7 723 0 9.028833
7 723 3 12.878185
7 759 0 9.243610
7 759 3 13.856986
7 796 0 9.003675
7 796 3 12.682400
7 835 0 8.910827
7 835 3 12.772848
7 876 0 8.834146
7 876 3 13.341274
7 919 0 8.853071
7 919 3 13.113490
7 964 0 8.946220
7 964 3 12.802183
7 1012 0 8.827443
7 1012 3 12.782359
7 1062 0 8.697567
7 1062 3 13.410697
7 1115 0 8.938049
7 1115 3 12.845411
7 1170 0 8.721891
7 1170 3 12.822551
7 1228 0 8.741616
7 1228 3 12.819682
7 1289 0 8.907389
7 1289 3 12.688631
7 1353 0 8.631457
7 1353 3 13.198428
7 1420 0 8.722103
7 1420 3 13.411209
7 1491 0 8.894859
7 1491 3 13.086098
7 1565 0 9.477830
7 1565 3 13.331381
7 1643 0 8.617056
7 1643 3 14.077746
7 1725 0 8.732932
7 1725 3 12.571178
7 1811 0 9.229577
7 1811 3 13.501225
7 1901 0 9.088703
7 1901 3 14.176183
7 1996 0 9.178788
7 1996 3 15.362310
8 1 3 29.595480
8 2 3 21.200905
8 3 3 19.040431
8 4 3 17.329665
8 5 0 28.989823
8 5 3 15.629501
8 6 0 26.511855
8 6 3 14.495310
8 7 0 24.634567
8 7 3 13.474829
8 8 0 22.891244
8 8 3 12.299549
8 9 0 22.104657
8 9 3 12.056185
8 10 0 20.869567
8 10 3 11.204151
8 11 0 20.810605
8 11 3 11.307502
8 12 0 19.050753
8 12 3 10.728902
8 13 0 18.870180
8 13 3 10.996830
8 14 0 17.623256
8 14 3 10.200321
8 15 0 17.990149
8 15 3 10.228668
8 16 0 16.841533
8 16 3 9.965797
8 17 0 16.845690
8 17 3 10.139053
8 18 0 16.723151
8 18 3 9.782689
8 19 0 16.286987
8 19 3 9.547198
8 20 0 15.887514
8 20 3 9.654467
8 21 0 15.759059
8 21 3 9.557589
8 22 0 15.252950
8 22 3 9.612629
8 23 0 14.902822
8 23 3 9.138229
8 24 0 14.639243
8 24 3 9.046344
8 25 0 14.492650
8 25 3 9.201906
8 26 0 14.260103
8 26 3 9.028793
8 27 0 14.403921
8 27 3 9.313146
8 28 0 14.232963
8 28 3 8.941569
8 29 0 13.888510
8 29 3 8.950154
8 30 0 13.598930
8 30 3 9.011703
8 31 0 13.684095
8 31 3 8.972912
8 32 0 12.966490
8 32 3 8.947079
8 33 0 13.663417
8 33 3 8.865101
8 34 0 13.738739
8 34 3 8.925195
8 35 0 13.235741
8 35 3 8.745514
8 36 0 13.213629
8 36 3 8.920245
8 37 0 13.242121
8 37 3 8.928701
8 38 0 13.231484
8 38 3 8.845450
8 39 0 12.596906
8 39 3 8.478540
8 40 0 12.633897
8 40 3 8.458187
8 42 0 12.555345
8 42 3 8.771860
8 44 0 12.191454
8 44 3 8.542386
8 46 0 11.963272
8 46 3 8.498996
8 48 0 11.792410
8 48 3 8.477235
8 50 0 11.849423
8 50 3 8.267477
8 52 0 11.883674
8 52 3 8.258583
8 54 0 12.081982
8 54 3 8.408126
8 56 0 11.629483
8 56 3 8.289700
8 58 0 11.471752
8 58 3 8.096036
8 60 0 11.362443
8 60 3 8.484567
8 63 0 12.130523
8 63 3 8.124147
8 66 0 10.988212
8 66 3 8.130688
8 69 0 10.815810
8 69 3 8.023025
8 72 0 10.553177
8 72 3 7.913127
8 75 0 10.555109
8 75 3 7.868631
8 78 0 10.477473
8 78 3 8.152964
8 81 0 10.435037
8 81 3 8.113657
8 85 0 10.322107
8 85 3 8.065730
8 89 0 10.085112
8 89 3 7.753853
8 93 0 10.084219
8 93 3 7.895909
8 97 0 10.113387
8 97 3 7.941399
8 101 0 10.078553
8 101 3 7.880566
8 106 0 9.903106
8 106 3 8.033726
8 111 0 10.024417
8 111 3 7.882850
8 116 0 10.064747
8 116 3 7.728266
8 121 0 10.029127
8 121 3 7.859719
8 127 0 10.095726
8 127 3 7.561528
8 133 0 10.081309
8 133 3 7.683797
8 139 0 10.305016
8 139 3 8.311631
8 145 0 10.290874
8 145 3 8.254951
8 152 0 10.176245
8 152 3 9.156706
8 159 0 10.315901
8 159 3 10.119147
8 166 0 10.180781
8 166 3 10.606105
8 174 0 10.145635
8 174 3 10.882345
8 182 0 10.243058
8 182 3 11.493994
8 191 0 10.040559
8 191 3 11.653577
8 200 0 9.852496
8 200 3 11.734412
8 210 0 9.991382
8 210 3 11.874400
8 220 0 9.705716
8 220 3 11.652052
8 231 0 9.818802
8 231 3 12.028094
8 242 0 9.781291
8 242 3 12.294558
8 254 0 9.697905
8 254 3 12.176818
8 266 0 9.630463
8 266 3 12.329520
8 279 0 9.662110
8 279 3 12.388633
8 292 0 9.654264
8 292 3 12.726880
8 306 0 9.577091
8 306 3 12.059972
8 321 0 9.579220
8 321 3 13.730989
8 337 0 9.450165
8 337 3 13.871413
8 353 0 9.512932
8 353 3 13.032960
8 370 0 9.343157
8 370 3 13.231470
8 388 0 9.259250
8 388 3 14.155816
8 407 0 9.722524
8 407 3 12.588160
8 427 0 9.243825
8 427 3 13.172055
8 448 0 9.092521
8 448 3 13.395803
8 470 0 9.024338
8 470 3 12.907174
8 493 0 9.039205
8 493 3 12.739531
8 517 0 8.943811
8 517 3 13.219644
8 542 0 9.117306
8 542 3 12.866746
8 569 0 8.998643
8 569 3 13.280820
8 597 0 8.929706
8 597 3 12.987012
8 626 0 9.028274
8 626 3 12.976897
8 657 0 9.019716
8 657 3 13.640960
8 689 0 8.828747
8 689 3 12.890254
8 723 0 8.882234
8 723 3 12.850126
8 759 0 8.942710
8 759 3 13.188163
8 796 0 8.806714
8 796 3 12.719800
8 835 0 8.665467
8 835 3 12.727539
8 876 0 8.853863
8 876 3 13.332798
8 919 0 9.219607
8 919 3 12.753099
8 964 0 8.956403
8 964 3 14.732000
8 1012 0 8.695087
8 1012 3 13.818037
8 1062 0 8.503837
8 1062 3 13.615587
8 1115 0 8.472909
8 1115 3 13.700005
8 1170 0 8.566716
8 1170 3 13.745241
8 1228 0 8.433974
8 1228 3 13.832514
8 1289 0 8.395153
8 1289 3 13.932975
8 1353 0 8.440083
8 1353 3 13.417732
8 1420 0 8.355967
8 1420 3 14.192906
8 1491 0 8.409187
8 1491 3 13.988449
8 1565 0 8.449489
8 1565 3 18.027096
8 1643 0 8.311990
8 1643 3 14.250851
8 1725 0 8.366242
8 1725 3 14.093157
8 1811 0 8.370312
8 1811 3 14.491067
8 1901 0 8.630602
8 1901 3 14.464218
8 1996 0 8.662056
8 1996 3 17.266196
9 1 3 23.669499
9 2 3 15.751994
9 3 3 14.539387
9 4 3 12.514632
9 5 0 24.474858
9 5 3 11.405561
9 6 0 22.670925
9 6 3 10.756883
9 7 0 21.389353
9 7 3 10.514664
9 8 0 20.232133
9 8 3 9.995787
9 9 0 19.997983
9 9 3 9.855104
9 10 0 18.659189
9 10 3 9.512693
9 11 0 18.675189
9 11 3 9.659390
9 12 0 17.252644
9 12 3 9.249613
9 13 0 17.095038
9 13 3 9.364081
9 14 0 15.982315
9 14 3 8.967886
9 15 0 16.059015
9 15 3 8.986134
9 16 0 15.498844
9 16 3 8.819221
9 17 0 15.369371
9 17 3 8.736481
9 18 0 15.238808
9 18 3 8.672712
9 19 0 14.885859
9 19 3 8.474516
9 20 0 14.832691
9 20 3 8.631967
9 21 0 14.433542
9 21 3 8.524205
9 22 0 14.191181
9 22 3 8.549628
9 23 0 13.599311
9 23 3 8.255927
9 24 0 13.561024
9 24 3 8.204814
9 25 0 13.487710
9 25 3 8.301701
9 26 0 13.363647
9 26 3 8.450761
9 27 0 13.395083
9 27 3 8.491570
9 28 0 13.034398
9 28 3 8.078747
9 29 0 13.060025
9 29 3 8.192897
9 30 0 13.129405
9 30 3 8.223607
9 31 0 13.059391
9 31 3 8.256188
9 32 0 12.649783
9 32 3 8.160196
9 33 0 13.064308
9 33 3 8.307086
9 34 0 13.023745
9 34 3 8.188079
9 35 0 12.685252
9 35 3 8.154483
9 36 0 12.866806
9 36 3 8.203797
9 37 0 12.713001
9 37 3 8.255729
9 38 0 12.532009
9 38 3 8.281423
9 39 0 12.255394
9 39 3 7.936071
9 40 0 12.264019
9 40 3 7.934898
9 42 0 11.991020
9 42 3 8.068873
9 44 0 11.856761
9 44 3 7.915456
9 46 0 11.699694
9 46 3 7.848523
9 48 0 11.450096
9 48 3 7.793556
9 50 0 11.744374
9 50 3 7.769779
9 52 0 11.740978
9 52 3 7.962330
9 54 0 12.015805
9 54 3 7.934176
9 56 0 11.680079
9 56 3 7.768111
9 58 0 11.489661
9 58 3 7.974803
9 60 0 11.725924
9 60 3 7.885978
9 63 0 11.752950
9 63 3 8.016739
9 66 0 11.562148
9 66 3 7.720066
9 69 0 11.579639
9 69 3 7.755699
9 72 0 11.346751
9 72 3 7.952562
9 75 0 11.472298
9 75 3 9.399414
9 78 0 11.520804
9 78 3 9.735761
9 81 0 11.465416
9 81 3 10.454641
9 85 0 11.371293
9 85 3 11.161872
9 89 0 11.268519
9 89 3 10.638735
9 93 0 11.232036
9 93 3 11.673077
9 97 0 11.318061
9 97 3 11.544308
9 101 0 11.259692
9 101 3 11.764867
9 106 0 11.214125
9 106 3 11.893469
9 111 0 11.059332
9 111 3 12.060813
9 116 0 11.066790
9 116 3 12.484819
9 121 0 11.522889
9 121 3 12.286358
9 127 0 10.737783
9 127 3 12.404948
9 133 0 10.621710
9 133 3 11.996170
9 139 0 12.947287
9 139 3 12.455414
9 145 0 10.603137
9 145 3 12.350123
9 152 0 10.385381
9 152 3 12.619989
9 159 0 10.427130
9 159 3 12.744193
9 166 0 10.361692
9 166 3 12.523383
9 174 0 10.256315
9 174 3 12.661813
9 182 0 10.295313
9 182 3 12.692177
9 191 0 10.038697
9 191 3 12.466374
9 200 0 9.972624
9 200 3 12.475269
9 210 0 9.993694
9 210 3 12.696239
9 220 0 9.745769
9 220 3 12.225868
9 231 0 9.835899
9 231 3 12.720561
9 242 0 9.820616
9 242 3 14.290265
9 254 0 9.712434
9 254 3 12.739919
9 266 0 9.641325
9 266 3 12.955447
9 279 0 9.735766
9 279 3 12.946228
9 292 0 9.637966
9 292 3 12.542679
9 306 0 9.657266
9 306 3 13.222062
9 321 0 9.529582
9 321 3 13.124066
9 337 0 9.599022
9 337 3 13.253086
9 353 0 9.500393
9 353 3 13.747922
9 370 0 9.538546
9 370 3 12.973966
9 388 0 9.404921
9 388 3 12.807494
9 407 0 9.486532
9 407 3 12.907640
9 427 0 9.148614
9 427 3 13.840156
9 448 0 9.175026
9 448 3 13.978694
9 470 0 9.241387
9 470 3 12.989681
9 493 0 9.185530
9 493 3 12.841952
9 517 0 9.041197
9 517 3 13.333708
9 542 0 8.998268
9 542 3 14.191965
9 569 0 8.917598
9 569 3 13.359011
9 597 0 8.909545
9 597 3 13.889093
9 626 0 8.882947
9 626 3 13.854253
9 657 0 8.919205
9 657 3 13.609802
9 689 0 8.663741
9 689 3 14.493547
9 723 0 8.721750
9 723 3 15.015483
9 759 0 8.684174
9 759 3 14.055351
9 796 0 8.697420
9 796 3 13.965546
9 835 0 8.773157
9 835 3 14.411316
9 876 0 8.663906
9 876 3 16.320235
9 919 0 8.562182
9 919 3 14.525642
9 964 0 8.693411
9 964 3 14.777301
9 1012 0 8.688844
9 1012 3 13.892611
9 1062 0 8.677825
9 1062 3 13.984850
9 1115 0 8.570810
9 1115 3 15.027855
9 1170 0 8.611101
9 1170 3 14.175755
9 1228 0 8.430579
9 1228 3 15.390233
9 1289 0 8.435795
9 1289 3 14.080376
9 1353 0 8.496976
9 1353 3 14.958300
9 1420 0 8.420718
9 1420 3 14.451472
9 1491 0 8.419622
9 1491 3 15.559480
9 1565 0 8.573748
9 1565 3 14.007727
9 1643 0 8.421552
9 1643 3 15.656501
9 1725 0 8.474382
9 1725 3 14.458824
9 1811 0 8.830814
9 1811 3 14.868965
9 1901 0 8.840735
9 1901 3 16.460687
9 1996 0 8.899382
9 1996 3 17.351972
10 1 3 19.176863
10 2 3 14.169309
10 3 3 10.935033
10 4 3 9.944569
10 5 0 21.637695
10 5 3 9.457463
10 6 0 20.278797
10 6 3 9.042180
10 7 0 19.125877
10 7 3 8.931780
10 8 0 18.674810
10 8 3 8.934421
10 9 0 17.942189
10 9 3 8.819348
10 10 0 17.172228
10 10 3 8.662087
10 11 0 16.793018
10 11 3 8.657441
10 12 0 15.977214
10 12 3 8.225940
10 13 0 15.526602
10 13 3 8.220532
10 14 0 15.165909
10 14 3 8.115955
10 15 0 15.164348
10 15 3 8.161828
10 16 0 14.922112
10 16 3 8.371801
10 17 0 14.603237
10 17 3 7.901091
10 18 0 14.629772
10 18 3 7.958633
10 19 0 14.448590
10 19 3 7.853981
10 20 0 14.545159
10 20 3 8.061732
10 21 0 14.463463
10 21 3 7.849669
10 22 0 14.283402
10 22 3 7.837493
10 23 0 14.113751
10 23 3 7.607328
10 24 0 14.583220
10 24 3 7.851169
10 25 0 14.527406
10 25 3 7.783874
10 26 0 14.688543
10 26 3 7.875265
10 27 0 14.740816
10 27 3 8.055228
10 28 0 14.763108
10 28 3 7.521261
10 29 0 14.884810
10 29 3 7.685174
10 30 0 15.008669
10 30 3 7.983997
10 31 0 15.084605
10 31 3 7.848833
10 32 0 14.413706
10 32 3 7.714900
10 33 0 14.973310
10 33 3 7.847267
10 34 0 14.714318
10 34 3 8.046795
10 35 0 14.687550
10 35 3 7.810631
10 36 0 14.673552
10 36 3 8.369069
10 37 0 14.682305
10 37 3 8.789463
10 38 0 14.266276
10 38 3 9.482566
10 39 0 14.285756
10 39 3 9.603491
10 40 0 13.974321
10 40 3 9.990812
10 42 0 13.874906
10 42 3 10.699124
10 44 0 13.544895
10 44 3 10.930004
10 46 0 13.393277
10 46 3 11.267879
10 48 0 12.887681
10 48 3 11.517170
10 50 0 13.394743
10 50 3 11.779367
10 52 0 12.999094
10 52 3 12.035595
10 54 0 13.290593
10 54 3 12.266340
10 56 0 12.615015
10 56 3 12.108961
10 58 0 12.740466
10 58 3 11.889641
10 60 0 12.690690
10 60 3 12.389170
10 63 0 12.549057
10 63 3 12.218766
10 66 0 12.460911
10 66 3 12.433695
10 69 0 12.548357
10 69 3 12.767857
10 72 0 11.834730
10 72 3 12.239615
10 75 0 12.566338
10 75 3 12.399191
10 78 0 12.762953
10 78 3 12.205466
10 81 0 11.773834
10 81 3 12.171162
10 85 0 11.751660
10 85 3 12.555158
10 89 0 11.514377
10 89 3 12.219446
10 93 0 11.770665
10 93 3 12.616136
10 97 0 11.487527
10 97 3 12.504015
10 101 0 11.390710
10 101 3 12.665246
10 106 0 11.324183
10 106 3 12.490143
10 111 0 11.296084
10 111 3 12.400009
10 116 0 11.079834
10 116 3 12.874288
10 121 0 12.940725
10 121 3 13.216893
10 127 0 10.818568
10 127 3 12.685200
10 133 0 10.777179
10 133 3 12.427716
10 139 0 11.793805
10 139 3 12.617638
10 145 0 10.733706
10 145 3 12.625859
10 152 0 10.648439
10 152 3 12.478148
10 159 0 10.633749
10 159 3 12.820449
10 166 0 10.454135
10 166 3 12.613556
10 174 0 10.409606
10 174 3 12.849689
10 182 0 10.576709
10 182 3 13.110367
10 191 0 10.360208
10 191 3 12.779773
10 200 0 10.246051
10 200 3 12.636705
10 210 0 10.237269
10 210 3 13.635502
10 220 0 10.039347
10 220 3 12.427949
10 231 0 10.139680
10 231 3 12.917297
10 242 0 10.119813
10 242 3 13.779099
10 254 0 9.862801
10 254 3 13.238299
10 266 0 9.911833
10 266 3 13.344280
10 279 0 9.995169
10 279 3 14.017337
10 292 0 10.082568
10 292 3 13.419444
10 306 0 9.797553
10 306 3 13.251398
10 321 0 9.792221
10 321 3 15.911095
10 337 0 9.695924
10 337 3 15.855935
10 353 0 9.568343
10 353 3 15.554086
10 370 0 9.506128
10 370 3 14.292663
10 388 0 9.500211
10 388 3 13.791044
10 407 0 9.389567
10 407 3 14.235791
10 427 0 9.488333
10 427 3 15.514931
10 448 0 9.235615
10 448 3 14.996061
10 470 0 9.126630
10 470 3 14.164029
10 493 0 9.090673
10 493 3 14.392230
10 517 0 9.139824
10 517 3 13.804432
10 542 0 9.247221
10 542 3 14.511195
10 569 0 9.172058
10 569 3 16.098435
10 597 0 9.025190
10 597 3 14.697195
10 626 0 8.965587
10 626 3 15.679824
10 657 0 8.983095
10 657 3 14.761008
10 689 0 8.961754
10 689 3 15.276215
10 723 0 9.038742
10 723 3 14.776285
10 759 0 8.887939
10 759 3 15.036769
10 796 0 9.114911
10 796 3 14.647625
10 835 0 9.017343
10 835 3 15.826731
10 876 0 8.909815
10 876 3 15.898933
10 919 0 8.986427
10 919 3 14.860785
10 964 0 8.879694
10 964 3 15.856352
10 1012 0 8.726965
10 1012 3 16.521856
10 1062 0 8.712206
10 1062 3 15.295851
10 1115 0 8.695544
10 1115 3 15.657118
10 1170 0 8.846973
10 1170 3 17.070996
10 1228 0 8.786053
10 1228 3 14.760411
10 1289 0 8.841908
10 1289 3 14.813437
10 1353 0 8.699984
10 1353 3 16.576912
10 1420 0 8.620338
10 1420 3 14.769261
10 1491 0 8.563261
10 1491 3 18.489699
10 1565 0 8.500273
10 1565 3 14.981837
10 1643 0 8.871502
10 1643 3 17.615058
10 1725 0 8.937192
10 1725 3 18.186749
10 1811 0 9.059399
10 1811 3 19.082909
10 1901 0 9.045438
10 1901 3 19.157694
10 1996 0 8.933709
10 1996 3 20.964510
11 1 3 14.958947
11 2 3 14.173196
11 3 3 9.332397
11 4 3 8.987904
11 5 0 22.013149
11 5 3 8.613571
11 6 0 20.484725
11 6 3 8.164088
11 7 0 20.046671
11 7 3 8.043207
11 8 0 19.666068
11 8 3 8.078617
11 9 0 20.907976
11 9 3 7.983711
11 10 0 20.880012
11 10 3 7.937982
11 11 0 21.764402
11 11 3 8.071827
11 12 0 20.893927
11 12 3 7.814019
11 13 0 20.993671
11 13 3 7.648810
11 14 0 20.175910
11 14 3 7.513097
11 15 0 20.214024
11 15 3 7.604911
11 16 0 19.356194
11 16 3 7.884790
11 17 0 19.212927
11 17 3 7.485436
11 18 0 19.417254
11 18 3 7.971618
11 19 0 18.815784
11 19 3 8.910919
11 20 0 18.484168
11 20 3 9.997263
11 21 0 18.137368
11 21 3 10.251309
11 22 0 17.680684
11 22 3 11.000483
11 23 0 17.407920
11 23 3 11.056253
11 24 0 17.282015
11 24 3 11.647687
11 25 0 17.106091
11 25 3 11.666368
11 26 0 16.817389
11 26 3 11.850829
11 27 0 16.435036
11 27 3 11.795194
11 28 0 16.249730
11 28 3 11.902502
11 29 0 16.326115
11 29 3 12.190862
11 30 0 16.133438
11 30 3 12.386411
11 31 0 16.179786
11 31 3 12.118893
11 32 0 15.104065
11 32 3 12.314284
11 33 0 15.694569
11 33 3 12.526455
11 34 0 15.242659
11 34 3 12.363131
11 35 0 15.302238
11 35 3 12.125726
11 36 0 15.146650
11 36 3 12.624866
11 37 0 15.138240
11 37 3 12.612612
11 38 0 14.712214
11 38 3 12.195659
11 39 0 14.700614
11 39 3 12.596824
11 40 0 14.367486
11 40 3 12.327083
11 42 0 14.259210
11 42 3 12.667031
11 44 0 13.872664
11 44 3 12.344054
11 46 0 13.850874
11 46 3 12.421467
11 48 0 13.146229
11 48 3 12.580214
11 50 0 13.587391
11 50 3 12.557894
11 52 0 13.309748
11 52 3 12.423686
11 54 0 13.657767
11 54 3 12.890275
11 56 0 12.847452
11 56 3 12.596037
11 58 0 13.108516
11 58 3 12.532192
11 60 0 12.951158
11 60 3 12.682862
11 63 0 12.768641
11 63 3 12.546282
11 66 0 12.747935
11 66 3 12.701417
11 69 0 12.571314
11 69 3 12.717911
11 72 0 12.138225
11 72 3 12.546415
11 75 0 12.543500
11 75 3 12.753317
11 78 0 17.300873
11 78 3 18.008909
11 81 0 12.047776
11 81 3 12.359966
11 85 0 12.153678
11 85 3 12.985984
11 89 0 11.821014
11 89 3 12.322505
11 93 0 11.927807
11 93 3 12.742883
11 97 0 11.948698
11 97 3 12.693530
11 101 0 11.872841
11 101 3 13.243334
11 106 0 11.690106
11 106 3 18.659588
11 111 0 11.618703
11 111 3 12.966702
11 116 0 11.716155
11 116 3 12.982771
11 121 0 11.565420
11 121 3 12.876798
11 127 0 11.555298
11 127 3 12.818750
11 133 0 11.320729
11 133 3 13.115089
11 139 0 11.202673
11 139 3 13.155108
11 145 0 11.223126
11 145 3 13.300878
11 152 0 11.045039
11 152 3 13.346345
11 159 0 11.069827
11 159 3 13.623611
11 166 0 10.967184
11 166 3 13.655187
11 174 0 10.775907
11 174 3 13.399748
11 182 0 10.900600
11 182 3 14.133911
11 191 0 10.802991
11 191 3 13.674875
11 200 0 10.673282
11 200 3 13.669614
11 210 0 10.649337
11 210 3 13.740436
11 220 0 10.369450
11 220 3 13.302311
11 231 0 10.545289
11 231 3 14.048215
11 242 0 10.398319
11 242 3 13.815087
11 254 0 10.403916
11 254 3 13.846938
11 266 0 10.448226
11 266 3 14.770840
11 279 0 10.398741
11 279 3 14.802670
11 292 0 10.081998
11 292 3 16.835810
11 306 0 10.292182
11 306 3 14.696632
11 321 0 10.311736
11 321 3 16.470217
11 337 0 10.185117
11 337 3 15.772320
11 353 0 10.027274
11 353 3 18.070963
11 370 0 9.957216
11 370 3 15.726013
11 388 0 9.833571
11 388 3 15.237695
11 407 0 9.902003
11 407 3 14.429912
11 427 0 10.033725
11 427 3 14.795537
11 448 0 9.675802
11 448 3 15.396178
11 470 0 9.516192
11 470 3 15.477991
11 493 0 9.492273
11 493 3 15.180359
11 517 0 9.523332
11 517 3 17.644026
11 542 0 9.650003
11 542 3 17.562071
11 569 0 9.478094
11 569 3 14.385169
11 597 0 9.371002
11 597 3 16.136305
11 626 0 9.400031
11 626 3 17.444797
11 657 0 9.387875
11 657 3 18.957127
11 689 0 9.310329
11 689 3 15.243705
11 723 0 9.266844
11 723 3 16.601353
11 759 0 9.196622
11 759 3 16.298204
11 796 0 9.538398
11 796 3 17.717497
11 835 0 9.318909
11 835 3 18.180999
11 876 0 9.238996
11 876 3 19.095318
11 919 0 9.294390
11 919 3 17.169331
11 964 0 9.232576
11 964 3 17.319368
11 1012 0 9.259662
11 1012 3 17.899975
11 1062 0 9.288578
11 1062 3 17.300898
11 1115 0 11.531966
11 1115 3 18.344454
11 1170 0 9.474216
11 1170 3 18.239691
11 1228 0 9.237008
11 1228 3 17.878801
11 1289 0 9.230980
11 1289 3 19.085762
11 1353 0 9.264582
11 1353 3 16.758496
11 1420 0 9.186864
11 1420 3 16.790511
11 1491 0 9.357553
11 1491 3 18.219726
11 1565 0 9.470305
11 1565 3 19.534094
11 1643 0 9.392768
11 1643 3 21.868318
11 1725 0 9.467767
11 1725 3 20.454640
11 1811 0 9.617475
11 1811 3 22.522712
11 1901 0 9.480567
11 1901 3 22.542834
11 1996 0 9.451627
11 1996 3 22.957040
12 1 3 11.485421
12 2 3 20.769630
12 3 3 8.539640
12 4 3 8.374694
12 5 0 31.333328
12 5 3 8.048132
12 6 0 29.981950
12 6 3 7.831796
12 7 0 28.519156
12 7 3 7.693221
12 8 0 27.427562
12 8 3 7.671394
12 9 0 26.400850
12 9 3 8.102002
12 10 0 25.009098
12 10 3 9.941634
12 11 0 24.290112
12 11 3 11.080876
12 12 0 22.816007
12 12 3 11.242449
12 13 0 22.195756
12 13 3 11.608741
12 14 0 21.372066
12 14 3 11.542181
12 15 0 20.704498
12 15 3 11.732429
12 16 0 19.688014
12 16 3 12.357980
12 17 0 19.930457
12 17 3 11.733086
12 18 0 19.811763
12 18 3 12.152665
12 19 0 19.251998
12 19 3 12.077587
12 20 0 19.047735
12 20 3 12.343536
12 21 0 18.424201
12 21 3 12.144641
12 22 0 18.155726
12 22 3 12.407979
12 23 0 18.116307
12 23 3 12.437818
12 24 0 17.515115
12 24 3 12.521881
12 25 0 17.349309
12 25 3 12.327181
12 26 0 17.269355
12 26 3 12.595910
12 27 0 16.833317
12 27 3 12.325240
12 28 0 16.325454
12 28 3 12.261399
12 29 0 16.664290
12 29 3 12.607354
12 30 0 16.479601
12 30 3 12.807095
12 31 0 16.563731
12 31 3 12.712271
12 32 0 15.356812
12 32 3 12.591711
12 33 0 16.050717
12 33 3 12.547785
12 34 0 15.776762
12 34 3 12.498588
12 35 0 15.577387
12 35 3 12.285453
12 36 0 15.447216
12 36 3 12.897076
12 37 0 15.516111
12 37 3 12.562932
12 38 0 15.107357
12 38 3 12.300806
12 39 0 15.120116
12 39 3 12.566077
12 40 0 14.709062
12 40 3 12.601760
12 42 0 14.807101
12 42 3 13.229626
12 44 0 14.309228
12 44 3 12.708087
12 46 0 14.267657
12 46 3 12.836922
12 48 0 13.723162
12 48 3 12.847719
12 50 0 14.064940
12 50 3 12.984078
12 52 0 13.909806
12 52 3 12.523334
12 54 0 14.256018
12 54 3 12.970833
12 56 0 13.627664
12 56 3 13.107832
12 58 0 13.716409
12 58 3 13.058785
12 60 0 13.500299
12 60 3 13.117513
12 63 0 13.365800
12 63 3 13.006811
12 66 0 13.321973
12 66 3 13.097573
12 69 0 13.464838
12 69 3 14.557179
12 72 0 12.772146
12 72 3 13.198584
12 75 0 12.861962
12 75 3 13.488975
12 78 0 12.798042
12 78 3 19.362995
12 81 0 12.540518
12 81 3 12.978492
12 85 0 12.757827
12 85 3 13.507581
12 89 0 12.212883
12 89 3 13.082999
12 93 0 12.500559
12 93 3 13.496076
12 97 0 12.355928
12 97 3 13.579377
12 101 0 12.285595
12 101 3 14.275963
12 106 0 12.093058
12 106 3 13.679639
12 111 0 11.904203
12 111 3 13.510183
12 116 0 12.012065
12 116 3 13.948136
12 121 0 11.893820
12 121 3 13.822246
12 127 0 11.686621
12 127 3 13.473028
12 133 0 11.651958
12 133 3 13.902935
12 139 0 11.692961
12 139 3 13.573664
12 145 0 11.677369
12 145 3 14.282371
12 152 0 11.328806
12 152 3 13.754396
12 159 0 11.648224
12 159 3 14.039427
12 166 0 11.528541
12 166 3 14.784226
12 174 0 11.433997
12 174 3 14.132248
12 182 0 11.474178
12 182 3 14.408053
12 191 0 11.406963
12 191 3 14.740792
12 200 0 11.243416
12 200 3 15.370546
12 210 0 11.290608
12 210 3 14.488742
12 220 0 10.965868
12 220 3 15.387847
12 231 0 11.024238
12 231 3 15.133547
12 242 0 11.456057
12 242 3 15.167866
12 254 0 11.366514
12 254 3 16.099848
12 266 0 11.350856
12 266 3 15.673366
12 279 0 12.972897
12 279 3 16.170012
12 292 0 11.754047
12 292 3 16.806732
12 306 0 10.891366
12 306 3 18.988683
12 321 0 11.550247
12 321 3 19.293994
12 337 0 10.469744
12 337 3 17.999081
12 353 0 10.414680
12 353 3 16.523169
12 370 0 11.419736
12 370 3 17.121920
12 388 0 10.257614
12 388 3 17.789445
12 407 0 10.858029
12 407 3 18.004564
12 427 0 10.508129
12 427 3 18.573805
12 448 0 10.351599
12 448 3 17.723026
12 470 0 10.328108
12 470 3 18.182540
12 493 0 10.308795
12 493 3 17.487650
12 517 0 10.119301
12 517 3 19.088959
12 542 0 10.262603
12 542 3 18.478725
12 569 0 10.181189
12 569 3 17.658043
12 597 0 10.477304
12 597 3 17.400411
12 626 0 10.465805
12 626 3 20.465190
12 657 0 10.384659
12 657 3 19.529419
12 689 0 10.190026
12 689 3 17.103888
12 723 0 10.239624
12 723 3 17.867840
12 759 0 10.125093
12 759 3 19.536509
12 796 0 10.170708
12 796 3 20.196521
12 835 0 10.129533
12 835 3 19.001117
12 876 0 10.404070
12 876 3 18.189734
12 919 0 10.127483
12 919 3 19.295002
12 964 0 10.698564
12 964 3 20.870837
12 1012 0 10.738832
12 1012 3 19.765180
12 1062 0 10.447154
12 1062 3 21.247146
12 1115 0 11.104405
12 1115 3 19.911940
12 1170 0 10.893097
12 1170 3 19.935666
12 1228 0 10.559252
12 1228 3 18.451207
12 1289 0 10.578010
12 1289 3 20.699114
12 1353 0 11.684458
12 1353 3 21.366450
12 1420 0 11.264895
12 1420 3 23.283463
12 1491 0 10.565266
12 1491 3 23.740551
12 1565 0 10.521462
12 1565 3 24.517402
12 1643 0 10.664578
12 1643 3 24.620955
12 1725 0 10.908134
12 1725 3 24.353635
12 1811 0 10.902396
12 1811 3 24.798714
12 1901 0 11.029306
12 1901 3 25.419548
12 1996 0 11.356082
12 1996 3 25.901252
13 1 3 12.455979
13 2 3 18.076890
13 3 3 8.045640
13 4 3 7.932958
13 5 0 32.152784
13 5 3 10.268259
13 6 0 30.831471
13 6 3 11.889561
13 7 0 29.609335
13 7 3 11.706329
13 8 0 28.413264
13 8 3 12.177554
13 9 0 27.017313
13 9 3 12.368868
13 10 0 25.559820
13 10 3 12.288854
13 11 0 24.796644
13 11 3 12.520265
13 12 0 23.279562
13 12 3 12.183274
13 13 0 22.671828
13 13 3 12.226793
13 14 0 21.696735
13 14 3 12.189510
13 15 0 21.104619
13 15 3 12.145263
13 16 0 20.052955
13 16 3 12.615017
13 17 0 20.861150
13 17 3 12.234211
13 18 0 20.419530
13 18 3 12.528763
13 19 0 19.841485
13 19 3 12.282250
13 20 0 19.496974
13 20 3 12.645208
13 21 0 19.036218
13 21 3 12.204078
13 22 0 18.804842
13 22 3 12.509310
13 23 0 18.491210
13 23 3 12.536923
13 24 0 17.928055
13 24 3 12.381954
13 25 0 17.859726
13 25 3 12.479024
13 26 0 17.868312
13 26 3 12.849244
13 27 0 17.186691
13 27 3 12.290475
13 28 0 16.904102
13 28 3 12.295976
13 29 0 17.528475
13 29 3 12.940000
13 30 0 17.071042
13 30 3 13.086888
13 31 0 17.151308
13 31 3 13.195469
13 32 0 16.193825
13 32 3 13.135160
13 33 0 16.860845
13 33 3 12.888953
13 34 0 16.530305
13 34 3 12.989655
13 35 0 16.178692
13 35 3 12.888336
13 36 0 16.240744
13 36 3 13.207437
13 37 0 16.139488
13 37 3 13.924765
13 38 0 15.706839
13 38 3 12.694505
13 39 0 15.623581
13 39 3 13.091976
13 40 0 15.233418
13 40 3 13.114124
13 42 0 15.524999
13 42 3 13.408057
13 44 0 15.243533
13 44 3 13.321227
13 46 0 14.991339
13 46 3 13.683352
13 48 0 14.491305
13 48 3 13.773232
13 50 0 14.906902
13 50 3 13.324784
13 52 0 14.620536
13 52 3 13.205681
13 54 0 15.223261
13 54 3 13.910029
13 56 0 14.212075
13 56 3 13.487589
13 58 0 14.312232
13 58 3 14.274670
13 60 0 14.160667
13 60 3 14.007060
13 63 0 14.024142
13 63 3 13.995159
13 66 0 13.931495
13 66 3 14.203485
13 69 0 13.715094
13 69 3 14.529331
13 72 0 13.539065
13 72 3 14.225090
13 75 0 13.408443
13 75 3 13.667842
13 78 0 13.202003
13 78 3 13.476471
13 81 0 13.096326
13 81 3 13.517973
13 85 0 13.354243
13 85 3 14.905298
13 89 0 12.919502
13 89 3 13.639696
13 93 0 13.258732
13 93 3 14.423109
13 97 0 13.242684
13 97 3 15.498527
13 101 0 13.136121
13 101 3 15.451581
13 106 0 12.692916
13 106 3 14.278309
13 111 0 12.538579
13 111 3 14.058263
13 116 0 12.516056
13 116 3 14.102352
13 121 0 12.603012
13 121 3 14.864564
13 127 0 12.430917
13 127 3 13.671242
13 133 0 12.416722
13 133 3 14.707256
13 139 0 12.265861
13 139 3 14.063277
13 145 0 12.505549
13 145 3 13.921635
13 152 0 12.474237
13 152 3 14.725684
13 159 0 12.837961
13 159 3 15.710327
13 166 0 12.489804
13 166 3 15.924757
13 174 0 12.317376
13 174 3 15.590295
13 182 0 13.563112
13 182 3 16.157656
13 191 0 12.409233
13 191 3 16.291894
13 200 0 12.280392
13 200 3 16.781589
13 210 0 12.417981
13 210 3 17.376141
13 220 0 12.030231
13 220 3 17.675931
13 231 0 13.664415
13 231 3 17.002661
13 242 0 12.812621
13 242 3 17.353782
13 254 0 12.601959
13 254 3 18.227630
13 266 0 12.598710
13 266 3 18.356557
13 279 0 12.339987
13 279 3 18.467674
13 292 0 12.576656
13 292 3 18.088801
13 306 0 11.676615
13 306 3 19.510163
13 321 0 11.805657
13 321 3 17.416387
13 337 0 11.704766
13 337 3 18.184745
13 353 0 11.733577
13 353 3 18.744588
13 370 0 12.661517
13 370 3 20.140447
13 388 0 12.354069
13 388 3 21.585940
13 407 0 12.351362
13 407 3 19.007617
13 427 0 11.855278
13 427 3 19.377225
13 448 0 11.791210
13 448 3 19.693529
13 470 0 11.622891
13 470 3 19.479355
13 493 0 11.604310
13 493 3 20.694120
13 517 0 11.660133
13 517 3 19.074997
13 542 0 12.245460
13 542 3 24.046252
13 569 0 11.624035
13 569 3 19.712308
13 597 0 11.731600
13 597 3 24.165372
13 626 0 11.689542
13 626 3 21.102336
13 657 0 12.173189
13 657 3 20.860109
13 689 0 11.462447
13 689 3 21.347671
13 723 0 11.443730
13 723 3 21.439902
13 759 0 11.775096
13 759 3 21.370397
13 796 0 11.596211
13 796 3 20.465460
13 835 0 11.444419
13 835 3 21.171592
13 876 0 11.881336
13 876 3 21.994662
13 919 0 11.797186
13 919 3 21.226890
13 964 0 12.672392
13 964 3 21.256257
13 1012 0 12.888884
13 1012 3 21.788685
13 1062 0 14.287340
13 1062 3 22.471115
13 1115 0 13.278656
13 1115 3 22.454866
13 1170 0 14.500042
13 1170 3 25.416390
13 1228 0 12.524526
13 1228 3 24.429421
13 1289 0 12.869940
13 1289 3 25.683613
13 1353 0 14.469168
13 1353 3 34.808430
13 1420 0 14.508467
13 1420 3 37.657299
13 1491 0 13.417532
13 1491 3 26.943400
13 1565 0 13.567085
13 1565 3 27.642227
13 1643 0 13.730084
13 1643 3 30.803328
13 1725 0 13.873619
13 1725 3 33.999784
13 1811 0 14.154815
13 1811 3 36.387085
13 1901 0 14.256545
13 1901 3 36.796231
13 1996 0 14.491854
13 1996 3 37.570078
14 1 3 13.254014
14 2 3 23.714389
14 3 3 11.680611
14 4 3 12.416509
14 5 0 32.855641
14 5 3 12.689383
14 6 0 31.951466
14 6 3 12.792035
14 7 0 30.593136
14 7 3 12.888542
14 8 0 30.416847
14 8 3 12.637358
14 9 0 28.214926
14 9 3 12.865845
14 10 0 26.797939
14 10 3 12.674236
14 11 0 26.115836
14 11 3 12.700471
14 12 0 24.862953
14 12 3 12.356495
14 13 0 24.046653
14 13 3 12.607269
14 14 0 22.959335
14 14 3 12.489998
14 15 0 22.460933
14 15 3 12.382526
14 16 0 21.267795
14 16 3 13.047584
14 17 0 22.821518
14 17 3 13.244926
14 18 0 22.125169
14 18 3 13.099625
14 19 0 22.243106
14 19 3 13.136329
14 20 0 21.695083
14 20 3 13.431392
14 21 0 20.731119
14 21 3 13.006746
14 22 0 20.392995
14 22 3 13.305154
14 23 0 19.670088
14 23 3 13.218094
14 24 0 19.227195
14 24 3 13.242321
14 25 0 19.157292
14 25 3 13.157111
14 26 0 18.969624
14 26 3 13.647578
14 27 0 18.474850
14 27 3 13.194435
14 28 0 17.775163
14 28 3 12.987594
14 29 0 18.352397
14 29 3 13.709691
14 30 0 17.868114
14 30 3 13.627922
14 31 0 17.799067
14 31 3 13.642160
14 32 0 16.693949
14 32 3 13.419478
14 33 0 18.466503
14 33 3 13.554634
14 34 0 18.182841
14 34 3 13.623824
14 35 0 17.855425
14 35 3 13.397308
14 36 0 17.186270
14 36 3 13.580071
14 37 0 17.481881
14 37 3 13.790888
14 38 0 16.945709
14 38 3 13.157557
14 39 0 16.584756
14 39 3 13.526335
14 40 0 16.082896
14 40 3 13.470787
14 42 0 16.666066
14 42 3 14.060697
14 44 0 16.672790
14 44 3 14.167569
14 46 0 16.798418
14 46 3 14.960852
14 48 0 16.086462
14 48 3 15.769778
14 50 0 15.779520
14 50 3 13.756647
14 52 0 15.470873
14 52 3 13.243402
14 54 0 16.254553
14 54 3 14.806014
14 56 0 14.898795
14 56 3 13.522584
14 58 0 14.920953
14 58 3 14.585852
14 60 0 15.382042
14 60 3 14.622997
14 63 0 15.059150
14 63 3 15.175872
14 66 0 15.135244
14 66 3 14.778673
14 69 0 15.026655
14 69 3 14.686413
14 72 0 14.472591
14 72 3 14.689053
14 75 0 14.919090
14 75 3 14.264992
14 78 0 14.492510
14 78 3 14.667768
14 81 0 14.814131
14 81 3 14.266457
14 85 0 14.738748
14 85 3 15.394009
14 89 0 14.680378
14 89 3 14.431596
14 93 0 14.628769
14 93 3 14.610925
14 97 0 14.771426
14 97 3 15.206732
14 101 0 14.625852
14 101 3 16.014627
14 106 0 14.466345
14 106 3 15.167477
14 111 0 14.558099
14 111 3 15.106621
14 116 0 14.695461
14 116 3 16.151221
14 121 0 14.722092
14 121 3 16.553869
14 127 0 14.437992
14 127 3 16.762335
14 133 0 14.542079
14 133 3 16.585264
14 139 0 14.438206
14 139 3 17.221942
14 145 0 14.626746
14 145 3 16.368909
14 152 0 14.977661
14 152 3 19.061967
14 159 0 14.961363
14 159 3 17.813341
14 166 0 14.533160
14 166 3 19.565512
14 174 0 14.303261
14 174 3 18.874739
14 182 0 14.984241
14 182 3 19.350817
14 191 0 14.403878
14 191 3 19.748219
14 200 0 13.999854
14 200 3 19.140081
14 210 0 14.146989
14 210 3 20.060330
14 220 0 14.053568
14 220 3 20.249375
14 231 0 14.487268
14 231 3 20.060379
14 242 0 14.500332
14 242 3 20.304120
14 254 0 14.491336
14 254 3 20.412849
14 266 0 14.697619
14 266 3 20.458095
14 279 0 14.663999
14 279 3 20.712418
14 292 0 13.635492
14 292 3 21.569864
14 306 0 13.574846
14 306 3 20.420687
14 321 0 13.731595
14 321 3 22.101044
14 337 0 13.581154
14 337 3 22.701726
14 353 0 13.587596
14 353 3 22.112655
14 370 0 13.977322
14 370 3 20.852912
14 388 0 14.038047
14 388 3 20.372012
14 407 0 13.716835
14 407 3 21.454051
14 427 0 13.485015
14 427 3 22.017124
14 448 0 13.374750
14 448 3 21.648312
14 470 0 13.252670
14 470 3 23.570075
14 493 0 13.042558
14 493 3 25.263292
14 517 0 13.034633
14 517 3 21.809952
14 542 0 13.465821
14 542 3 22.591739
14 569 0 12.992624
14 569 3 21.229314
14 597 0 13.413534
14 597 3 21.211461
14 626 0 13.520350
14 626 3 22.005077
14 657 0 13.811782
14 657 3 22.349350
14 689 0 13.441214
14 689 3 22.227201
14 723 0 13.619068
14 723 3 22.492363
14 759 0 13.829841
14 759 3 22.010562
14 796 0 13.984873
14 796 3 23.585872
14 835 0 14.086855
14 835 3 25.096052
14 876 0 16.242987
14 876 3 26.655500
14 919 0 14.568441
14 919 3 24.887381
14 964 0 17.080446
14 964 3 34.643908
14 1012 0 18.317534
14 1012 3 36.709947
15 1 3 14.124158
15 2 3 36.571193
15 3 3 12.808077
15 4 3 13.183495
15 5 0 34.542284
15 5 3 12.788894
15 6 0 34.373027
15 6 3 13.013666
15 7 0 33.399250
15 7 3 13.337124
15 8 0 32.821492
15 8 3 13.720000
15 9 0 31.604700
15 9 3 13.761017
15 10 0 29.095069
15 10 3 13.359480
15 11 0 28.187603
15 11 3 13.656183
15 12 0 27.175957
15 12 3 13.451779
15 13 0 25.662967
15 13 3 13.352715
15 14 0 24.199819
15 14 3 13.141915
15 15 0 23.595073
15 15 3 13.175832
15 16 0 22.509346
15 16 3 13.783688
15 17 0 24.745258
15 17 3 14.009364
15 18 0 23.732350
15 18 3 13.681578
15 19 0 24.102921
15 19 3 14.320674
15 20 0 23.574390
15 20 3 14.766399
15 21 0 22.040214
15 21 3 14.454720
15 22 0 22.388683
15 22 3 14.586408
15 23 0 21.228036
15 23 3 13.768335
15 24 0 21.171338
15 24 3 14.205278
15 25 0 21.075598
15 25 3 13.936896
15 26 0 21.026414
15 26 3 14.585725
15 27 0 20.382003
15 27 3 14.331644
15 28 0 19.924338
15 28 3 13.436749
15 29 0 19.514400
15 29 3 14.025488
15 30 0 19.164856
15 30 3 14.416266
15 31 0 19.268848
15 31 3 14.382389
15 32 0 18.103127
15 32 3 14.435514
15 33 0 21.117599
15 33 3 15.399493
15 34 0 20.733967
15 34 3 15.686386
15 35 0 20.097942
15 35 3 14.733322
15 36 0 19.078721
15 36 3 14.924753
15 37 0 19.950116
15 37 3 15.734277
15 38 0 20.116294
15 38 3 15.806617
15 39 0 19.652853
15 39 3 14.285398
15 40 0 18.395885
15 40 3 14.105214
15 42 0 18.952769
15 42 3 17.265032
15 44 0 18.557829
15 44 3 17.305434
15 46 0 18.153594
15 46 3 16.476922
15 48 0 17.735379
15 48 3 16.772281
15 50 0 17.410400
15 50 3 15.667877
15 52 0 16.644180
15 52 3 14.001780
15 54 0 17.266041
15 54 3 15.574005
15 56 0 16.630583
15 56 3 14.222944
15 58 0 17.171927
15 58 3 15.683363
15 60 0 17.314079
15 60 3 16.255933
15 63 0 17.065049
15 63 3 16.216938
15 66 0 17.346190
15 66 3 16.998435
15 69 0 17.880698
15 69 3 16.407072
15 72 0 17.091664
15 72 3 16.450619
15 75 0 17.549126
15 75 3 17.913423
15 78 0 17.729542
15 78 3 17.697685
15 81 0 17.630935
15 81 3 19.017402
15 85 0 17.888552
15 85 3 17.569135
15 89 0 17.346277
15 89 3 18.579497
15 93 0 18.417802
15 93 3 19.785433
15 97 0 19.172487
15 97 3 20.112029
15 101 0 17.820254
15 101 3 20.081233
15 106 0 16.981182
15 106 3 19.445796
15 111 0 17.151340
15 111 3 19.043134
15 116 0 16.854732
15 116 3 19.759931
15 121 0 16.592755
15 121 3 20.576440
15 127 0 16.618195
15 127 3 20.828561
15 133 0 17.680259
15 133 3 21.644486
15 139 0 16.345805
15 139 3 20.463624
15 145 0 17.311569
15 145 3 20.117073
15 152 0 16.322879
15 152 3 20.786203
15 159 0 16.594634
15 159 3 21.654562
15 166 0 16.262984
15 166 3 20.759198
15 174 0 16.165766
15 174 3 21.401106
15 182 0 17.110497
15 182 3 22.407000
15 191 0 16.076092
15 191 3 21.227281
15 200 0 15.647327
15 200 3 21.556068
15 210 0 15.678047
15 210 3 23.098921
15 220 0 15.398782
15 220 3 22.332759
15 231 0 15.962868
15 231 3 21.741753
15 242 0 15.987421
15 242 3 22.265439
15 254 0 16.626709
15 254 3 22.345881
15 266 0 16.646045
15 266 3 22.658598
15 279 0 15.529185
15 279 3 22.042664
15 292 0 15.326289
15 292 3 22.122243
15 306 0 15.107483
15 306 3 21.948509
15 321 0 15.112205
15 321 3 23.293095
15 337 0 14.885965
15 337 3 22.716199
15 353 0 14.762656
15 353 3 22.170690
15 370 0 14.915958
15 370 3 22.253603
15 388 0 15.195503
15 388 3 21.613044
15 407 0 16.542468
15 407 3 22.002050
15 427 0 16.043141
15 427 3 22.276964
15 448 0 16.236139
15 448 3 22.859603
15 470 0 15.553117
15 470 3 22.122548
15 493 0 15.973925
15 493 3 25.078246
16 1 3 14.295897
16 2 3 38.506737
16 3 3 13.067464
16 4 3 13.428355
16 5 0 35.790884
16 5 3 13.263984
16 6 0 35.645381
16 6 3 13.940525
16 7 0 35.866063
16 7 3 14.145481
16 8 0 35.384398
16 8 3 15.126473
16 9 0 33.947792
16 9 3 14.581350
16 10 0 31.856762
16 10 3 14.928950
16 11 0 31.329427
16 11 3 14.997106
16 12 0 29.817081
16 12 3 14.471079
16 13 0 29.328671
16 13 3 14.777773
16 14 0 26.968654
16 14 3 13.833399
16 15 0 28.025488
16 15 3 14.471591
16 16 0 26.327896
16 16 3 15.416052
16 17 0 26.746859
16 17 3 15.540907
16 18 0 26.730292
16 18 3 14.866106
16 19 0 26.494031
16 19 3 16.246218
16 20 0 26.398309
16 20 3 16.056120
16 21 0 25.203300
16 21 3 16.695350
16 22 0 25.835661
16 22 3 16.746209
16 23 0 24.698649
16 23 3 16.014067
16 24 0 24.599210
16 24 3 16.233274
16 25 0 25.606601
16 25 3 17.256381
16 26 0 25.138733
16 26 3 17.379486
16 27 0 23.667059
16 27 3 17.698166
16 28 0 24.084269
16 28 3 16.526268
16 29 0 24.571302
16 29 3 17.920644
16 30 0 24.242135
16 30 3 17.923189
16 31 0 24.410332
16 31 3 17.683365
16 32 0 24.626173
16 32 3 17.030428
16 33 0 24.516096
16 33 3 19.569765
16 34 0 24.790343
16 34 3 20.069071
16 35 0 22.397780
16 35 3 19.613208
16 36 0 21.319243
16 36 3 18.927966
16 37 0 24.158296
16 37 3 20.069231
16 38 0 23.666014
16 38 3 19.282650
16 39 0 23.321231
16 39 3 20.343492
16 40 0 20.328740
16 40 3 17.777016
16 42 0 20.262261
16 42 3 20.010652
16 44 0 20.319422
16 44 3 19.440762
16 46 0 20.027490
16 46 3 17.667054
16 48 0 19.388194
16 48 3 18.042265
16 50 0 20.911348
16 50 3 18.090107
16 52 0 20.958402
16 52 3 17.839244
16 54 0 22.441123
16 54 3 19.864206
16 56 0 21.856341
16 56 3 19.127716
16 58 0 21.930802
16 58 3 19.482036
16 60 0 20.969497
16 60 3 20.176975
16 63 0 21.458869
16 63 3 20.577024
16 66 0 21.464792
16 66 3 21.218312
16 69 0 20.666694
16 69 3 21.406424
16 72 0 19.776387
16 72 3 20.727850
16 75 0 20.226032
16 75 3 20.959456
16 78 0 20.423691
16 78 3 19.747827
16 81 0 19.750879
16 81 3 20.858283
16 85 0 20.388211
16 85 3 20.983083
16 89 0 19.669758
16 89 3 20.467982
16 93 0 21.923985
16 93 3 21.432220
16 97 0 20.361306
16 97 3 22.391013
16 101 0 19.512025
16 101 3 22.960098
16 106 0 20.385672
16 106 3 21.387807
16 111 0 19.393605
16 111 3 21.639272
16 116 0 18.980154
16 116 3 22.705703
16 121 0 18.967166
16 121 3 22.260243
16 127 0 17.944613
16 127 3 22.340737
16 133 0 19.284909
16 133 3 21.892688
16 139 0 18.754235
16 139 3 21.917958
16 145 0 20.642375
16 145 3 22.429675
16 152 0 19.152607
16 152 3 21.994754
16 159 0 20.967541
16 159 3 22.359857
16 166 0 17.798613
16 166 3 22.191675
16 174 0 17.793428
16 174 3 22.133498
16 182 0 18.862425
16 182 3 21.860707
16 191 0 18.309765
16 191 3 21.502085
16 200 0 17.870499
16 200 3 22.359810
16 210 0 18.028512
16 210 3 22.551658
16 220 0 17.345149
16 220 3 22.059696
16 231 0 18.062654
16 231 3 21.827781
16 242 0 18.296752
16 242 3 22.588212
16 254 0 19.197133
16 254 3 22.495205
17 1 3 12.050009
17 2 3 14.460508
17 3 3 14.951704
17 4 3 15.404989
17 5 0 43.483248
17 5 3 16.303615
17 6 0 43.839888
17 6 3 16.576100
17 7 0 44.291601
17 7 3 16.342746
17 8 0 43.322950
17 8 3 16.171144
17 9 0 40.948007
17 9 3 16.785351
17 10 0 39.544396
17 10 3 18.400418
17 11 0 38.032532
17 11 3 17.957115
17 12 0 38.630387
17 12 3 19.214272
17 13 0 35.947332
17 13 3 19.280993
17 14 0 34.194094
17 14 3 18.122641
17 15 0 33.822724
17 15 3 18.350489
17 16 0 31.350208
17 16 3 19.360994
17 17 0 32.257272
17 17 3 20.060959
17 18 0 31.489667
17 18 3 19.718858
17 19 0 31.425141
17 19 3 22.178931
17 20 0 31.511347
17 20 3 22.120318
17 21 0 30.673421
17 21 3 19.412366
17 22 0 30.483624
17 22 3 20.891391
17 23 0 30.851825
17 23 3 22.080654
17 24 0 31.485205
17 24 3 20.894144
17 25 0 30.099493
17 25 3 20.968517
17 26 0 30.223531
17 26 3 22.456695
17 27 0 29.713812
17 27 3 22.553156
17 28 0 27.775625
17 28 3 23.084875
17 29 0 28.030862
17 29 3 23.263189
17 30 0 28.974353
17 30 3 23.912660
17 31 0 28.661027
17 31 3 22.772213
17 32 0 27.393421
17 32 3 22.845018
17 33 0 27.838992
17 33 3 23.296427
17 34 0 27.752836
17 34 3 23.790908
17 35 0 28.108326
17 35 3 21.885895
17 36 0 27.231061
17 36 3 24.771552
17 37 0 29.164060
17 37 3 25.042269
17 38 0 28.187448
17 38 3 24.936244
17 39 0 27.445553
17 39 3 24.787871
17 40 0 26.820131
17 40 3 24.736246
17 42 0 27.240671
17 42 3 21.352642
17 44 0 27.157016
17 44 3 23.084427
17 46 0 27.315303
17 46 3 23.247025
17 48 0 26.553999
17 48 3 22.852149
17 50 0 28.517016
17 50 3 24.820701
17 52 0 28.156889
17 52 3 27.258554
17 54 0 29.436295
17 54 3 25.669353
17 56 0 28.019284
17 56 3 25.272497
17 58 0 28.878036
17 58 3 26.639610
17 60 0 27.923045
17 60 3 25.789707
17 63 0 27.301115
17 63 3 25.627953
17 66 0 29.055801
17 66 3 27.217650
17 69 0 26.865587
17 69 3 27.160466
17 72 0 27.134723
17 72 3 25.556146
17 75 0 26.621350
17 75 3 25.982823
17 78 0 28.347305
17 78 3 28.685201
17 81 0 27.849937
17 81 3 28.631478
17 85 0 28.197331
17 85 3 24.854498
17 89 0 31.641501
17 89 3 25.292106
17 93 0 33.078866
17 93 3 28.888815
17 97 0 32.086732
17 97 3 26.805879
17 101 0 33.606057
17 101 3 29.246527
17 106 0 34.726381
17 106 3 27.473135
17 111 0 35.765718
17 111 3 28.804090
17 116 0 36.496665
17 116 3 28.251939
17 121 0 36.857774
17 121 3 29.353738
17 127 0 38.405217
17 127 3 29.329325
18 1 3 12.931741
18 2 3 15.751467
18 3 3 16.194082
18 4 3 17.162519
18 5 0 50.159730
18 5 3 16.919162
18 6 0 50.362213
18 6 3 18.642078
18 7 0 49.273288
18 7 3 27.591384
18 8 0 50.079118
18 8 3 19.402921
18 9 0 47.181734
18 9 3 19.689323
18 10 0 45.102416
18 10 3 21.448759
18 11 0 42.530013
18 11 3 20.436999
18 12 0 41.927158
18 12 3 20.089993
18 13 0 40.520824
18 13 3 21.682616
18 14 0 40.936387
18 14 3 21.039397
18 15 0 39.608492
18 15 3 21.476920
18 16 0 36.514341
18 16 3 21.867771
18 17 0 38.223475
18 17 3 22.530636
18 18 0 38.635918
18 18 3 23.164375
18 19 0 36.784212
18 19 3 21.560994
18 20 0 35.776329
18 20 3 22.116394
18 21 0 37.085014
18 21 3 22.709789
18 22 0 37.566265
18 22 3 22.741853
18 23 0 36.567966
18 23 3 23.127180
18 24 0 34.629479
18 24 3 23.128985
18 25 0 33.049969
18 25 3 23.130756
18 26 0 35.247571
18 26 3 21.742131
18 27 0 34.430427
18 27 3 21.494346
18 28 0 33.192068
18 28 3 23.105202
18 29 0 35.122195
18 29 3 23.386089
18 30 0 35.214077
18 30 3 24.991691
18 31 0 33.623268
18 31 3 24.261563
18 32 0 33.411112
18 32 3 22.384349
18 33 0 33.695340
18 33 3 24.508399
18 34 0 33.208550
18 34 3 22.895101
18 35 0 34.075185
18 35 3 23.068750
18 36 0 35.023225
18 36 3 24.387132
18 37 0 35.520830
18 37 3 23.980054
18 38 0 34.873899
18 38 3 24.143938
18 39 0 31.630975
18 39 3 23.474747
18 40 0 33.095145
18 40 3 24.574107
18 42 0 32.420264
18 42 3 25.027291
18 44 0 32.655148
18 44 3 27.186541
18 46 0 32.609606
18 46 3 27.254385
18 48 0 31.399363
18 48 3 28.499649
18 50 0 37.309497
18 50 3 23.844000
18 52 0 41.065379
18 52 3 26.023026
18 54 0 41.700106
18 54 3 24.585501
18 56 0 40.180715
18 56 3 24.759715
18 58 0 42.538675
18 58 3 27.959029
18 60 0 41.376940
18 60 3 28.401317
18 63 0 43.746872
18 63 3 24.792864
19 1 3 15.096678
19 2 3 17.461417
19 3 3 19.023932
19 4 3 20.555603
19 5 0 57.929691
19 5 3 23.825118
19 6 0 58.348420
19 6 3 20.929544
19 7 0 57.962695
19 7 3 22.782427
19 8 0 52.942651
19 8 3 22.531336
19 9 0 54.808437
19 9 3 24.004699
19 10 0 52.604099
19 10 3 23.233282
19 11 0 49.266039
19 11 3 23.533070
19 12 0 49.659947
19 12 3 24.250699
19 13 0 49.726321
19 13 3 23.832442
19 14 0 48.539807
19 14 3 25.567237
19 15 0 47.157511
19 15 3 24.572059
19 16 0 42.636029
19 16 3 23.980481
19 17 0 45.112777
19 17 3 24.917068
19 18 0 45.279885
19 18 3 23.435461
19 19 0 44.245575
19 19 3 26.504088
19 20 0 44.477255
19 20 3 25.460937
19 21 0 41.999609
19 21 3 26.734882
19 22 0 42.558515
19 22 3 24.481383
19 23 0 43.961718
19 23 3 24.512106
19 24 0 40.975337
19 24 3 26.415023
19 25 0 41.483313
19 25 3 23.765887
19 26 0 41.941261
19 26 3 28.323436
19 27 0 42.213944
19 27 3 28.238894
19 28 0 43.653271
19 28 3 25.667492
19 29 0 45.857319
19 29 3 25.649824
19 30 0 45.190373
19 30 3 25.297334
19 31 0 44.483227
19 31 3 24.813152
20 1 3 17.109621
20 2 3 19.225489
20 3 3 22.158309
20 4 3 21.331376
20 5 0 71.907960
20 5 3 24.807513
20 6 0 68.794234
20 6 3 26.206165
20 7 0 63.397092
20 7 3 25.250408
20 8 0 61.192663
20 8 3 26.400581
20 9 0 61.102648
20 9 3 26.931484
20 10 0 60.544349
20 10 3 25.626794
20 11 0 57.399990
20 11 3 26.624910
20 12 0 62.890254
20 12 3 26.201056
20 13 0 59.263669
20 13 3 26.536993
20 14 0 62.123378
20 14 3 24.263681
20 15 0 61.632910
20 15 3 25.101058
