4 1 3 294.943203
4 2 3 66.100919
4 3 3 90.751620
4 4 3 51.990630
4 5 0 422.855293
4 5 3 77.021177
4 6 0 373.307179
4 6 3 62.161301
4 7 0 216.921050
4 7 3 42.821016
4 8 0 126.698237
4 8 3 44.028987
4 9 0 182.596712
4 9 3 71.937777
4 10 0 206.507340
4 10 3 58.397032
4 11 0 203.378195
4 11 3 61.338210
4 12 0 141.288954
4 12 3 50.320786
4 13 0 129.834646
4 13 3 41.787038
4 14 0 143.905678
4 14 3 52.123768
4 15 0 113.853624
4 15 3 34.208715
4 16 0 130.950017
4 16 3 49.413167
4 17 0 157.658706
4 17 3 37.072992
4 18 0 153.996341
4 18 3 36.593894
4 19 0 184.651052
4 19 3 52.941061
4 20 0 152.008349
4 20 3 44.868293
4 21 0 143.613858
4 21 3 43.905785
4 22 0 155.287933
4 22 3 50.941937
4 23 0 144.299331
4 23 3 52.048650
4 24 0 140.340862
4 24 3 45.736116
4 25 0 128.623317
4 25 3 50.217915
4 26 0 104.850165
4 26 3 35.960062
4 27 0 104.099787
4 27 3 37.403715
4 28 0 113.517446
4 28 3 49.906948
4 29 0 102.237496
4 29 3 41.742323
4 30 0 98.114868
4 30 3 42.774930
4 31 0 98.478425
4 31 3 44.087820
4 32 0 117.947752
4 32 3 42.847162
4 33 0 109.919676
4 33 3 44.606256
4 34 0 95.130757
4 34 3 48.922367
4 35 0 84.288960
4 35 3 43.553560
4 36 0 94.065370
4 36 3 49.052623
4 37 0 92.326337
4 37 3 48.386906
4 38 0 75.460463
4 38 3 41.583732
4 39 0 80.871649
4 39 3 47.463522
4 40 0 83.151918
4 40 3 49.002860
4 42 0 66.314636
4 42 3 35.066801
4 44 0 71.242981
4 44 3 34.125239
4 46 0 87.529563
4 46 3 39.718898
4 48 0 86.051655
4 48 3 38.887876
4 50 0 54.331739
4 50 3 33.610682
4 52 0 54.126708
4 52 3 34.956614
4 54 0 52.003649
4 54 3 34.761558
4 56 0 51.967166
4 56 3 34.412934
4 58 0 53.208998
4 58 3 33.967484
4 60 0 56.428362
4 60 3 33.451005
4 63 0 55.708918
4 63 3 32.045886
4 66 0 51.603591
4 66 3 29.361191
4 69 0 45.568206
4 69 3 29.230320
4 72 0 46.445230
4 72 3 29.582321
4 75 0 43.873375
4 75 3 29.335917
4 78 0 48.981223
4 78 3 28.035015
4 81 0 39.346593
4 81 3 26.935163
4 85 0 38.859167
4 85 3 26.909682
4 89 0 30.059059
4 89 3 24.794607
4 93 0 38.183611
4 93 3 25.096082
4 97 0 37.901713
4 97 3 24.909417
4 101 0 37.659357
4 101 3 23.426430
4 106 0 35.131790
4 106 3 24.106977
4 111 0 37.290782
4 111 3 22.232306
4 116 0 32.254533
4 116 3 22.654610
4 121 0 28.832832
4 121 3 21.314684
4 127 0 33.351633
4 127 3 21.218874
4 133 0 24.721919
4 133 3 19.335045
4 139 0 27.598276
4 139 3 19.936704
4 145 0 27.291748
4 145 3 19.971697
4 152 0 22.302640
4 152 3 18.777929
4 159 0 29.001616
4 159 3 19.781031
4 166 0 26.095570
4 166 3 18.354906
4 174 0 26.628624
4 174 3 17.952680
4 182 0 21.738483
4 182 3 17.951856
4 191 0 25.378977
4 191 3 17.645175
4 200 0 21.275410
4 200 3 18.103546
4 210 0 18.912170
4 210 3 17.653235
4 220 0 21.082893
4 220 3 16.790796
4 231 0 19.663757
4 231 3 16.451295
4 242 0 19.908978
4 242 3 15.315899
4 254 0 21.031051
4 254 3 15.649135
4 266 0 20.091972
4 266 3 15.778024
4 279 0 18.173612
4 279 3 15.329681
4 292 0 15.810678
4 292 3 14.487354
4 306 0 16.307572
4 306 3 14.321176
4 321 0 16.342253
4 321 3 14.340645
4 337 0 16.536133
4 337 3 13.920560
4 353 0 16.493480
4 353 3 13.831575
4 370 0 15.320272
4 370 3 14.463278
4 388 0 14.719443
4 388 3 14.759566
4 407 0 15.691065
4 407 3 13.333087
4 427 0 15.720949
4 427 3 13.820236
4 448 0 15.148620
4 448 3 13.182040
4 470 0 15.052080
4 470 3 13.302117
4 493 0 14.896156
4 493 3 12.932952
4 517 0 13.986874
4 517 3 13.160112
4 542 0 14.071729
4 542 3 13.087902
4 569 0 13.397134
4 569 3 12.521669
4 597 0 12.152320
4 597 3 12.942347
4 626 0 12.168813
4 626 3 12.630184
4 657 0 12.227150
4 657 3 12.382066
4 689 0 11.943891
4 689 3 12.013381
4 723 0 12.528928
4 723 3 12.089010
4 759 0 12.070969
4 759 3 12.552304
4 796 0 12.228218
4 796 3 12.083892
4 835 0 11.416681
4 835 3 12.284645
4 876 0 11.713771
4 876 3 11.844269
4 919 0 11.488791
4 919 3 12.355204
4 964 0 11.223901
4 964 3 12.173970
4 1012 0 11.155724
4 1012 3 11.940151
4 1062 0 10.954741
4 1062 3 12.147271
4 1115 0 11.157075
4 1115 3 12.283514
4 1170 0 10.863630
4 1170 3 11.851653
4 1228 0 10.732947
4 1228 3 11.913713
4 1289 0 10.732512
4 1289 3 12.050411
4 1353 0 10.664256
4 1353 3 11.736805
4 1420 0 10.323702
4 1420 3 11.828830
4 1491 0 11.147144
4 1491 3 11.501066
4 1565 0 10.093031
4 1565 3 11.808031
4 1643 0 10.063873
4 1643 3 11.492064
4 1725 0 10.129078
4 1725 3 11.614229
4 1811 0 9.973369
4 1811 3 11.755752
4 1901 0 9.811670
4 1901 3 11.781611
4 1996 0 9.658353
4 1996 3 11.253009
5 1 3 102.908749
5 2 3 42.858100
5 3 3 53.240099
5 4 3 47.405622
5 5 0 351.616813
5 5 3 50.800211
5 6 0 316.864811
5 6 3 52.095681
5 7 0 188.889591
5 7 3 36.124345
5 8 0 166.250373
5 8 3 34.852065
5 9 0 210.594704
5 9 3 40.316460
5 10 0 189.767544
5 10 3 42.180801
5 11 0 172.418435
5 11 3 40.491722
5 12 0 125.137871
5 12 3 38.039378
5 13 0 107.778464
5 13 3 36.149594
5 14 0 128.760832
5 14 3 41.342870
5 15 0 91.019693
5 15 3 34.339745
5 16 0 111.645703
5 16 3 40.979095
5 17 0 75.779121
5 17 3 33.930110
5 18 0 75.667924
5 18 3 34.355546
5 19 0 89.414093
5 19 3 38.338825
5 20 0 73.546711
5 20 3 37.200983
5 21 0 71.157110
5 21 3 36.760869
5 22 0 76.517737
5 22 3 39.986922
5 23 0 72.907528
5 23 3 41.058829
5 24 0 72.348855
5 24 3 41.291121
5 25 0 70.364410
5 25 3 41.214141
5 26 0 58.669148
5 26 3 35.199339
5 27 0 54.784711
5 27 3 34.149371
5 28 0 66.136524
5 28 3 39.525665
5 29 0 56.219431
5 29 3 35.439122
5 30 0 62.020665
5 30 3 34.528716
5 31 0 61.151077
5 31 3 35.049623
5 32 0 73.082155
5 32 3 35.424814
5 33 0 60.894338
5 33 3 34.741855
5 34 0 55.459815
5 34 3 36.677159
5 35 0 47.394111
5 35 3 32.273602
5 36 0 51.558785
5 36 3 36.441899
5 37 0 52.977469
5 37 3 35.421355
5 38 0 42.761544
5 38 3 29.091650
5 39 0 50.811149
5 39 3 33.843640
5 40 0 47.835648
5 40 3 34.095295
5 42 0 40.120246
5 42 3 26.501465
5 44 0 34.161663
5 44 3 25.376513
5 46 0 33.775788
5 46 3 28.840685
5 48 0 48.585415
5 48 3 26.853230
5 50 0 35.199698
5 50 3 22.757937
5 52 0 34.437348
5 52 3 23.209373
5 54 0 32.952204
5 54 3 22.419800
5 56 0 33.000462
5 56 3 22.435509
5 58 0 30.150935
5 58 3 22.345489
5 60 0 32.621530
5 60 3 21.249851
5 63 0 30.830536
5 63 3 20.931481
5 66 0 28.012033
5 66 3 19.528219
5 69 0 27.610368
5 69 3 19.709483
5 72 0 26.621647
5 72 3 20.207510
5 75 0 28.549307
5 75 3 19.950766
5 78 0 25.764087
5 78 3 19.258964
5 81 0 25.017133
5 81 3 18.489196
5 85 0 26.775110
5 85 3 18.577489
5 89 0 21.003089
5 89 3 17.833757
5 93 0 24.296436
5 93 3 17.581167
5 97 0 22.008011
5 97 3 17.320539
5 101 0 21.367856
5 101 3 16.848394
5 106 0 19.551563
5 106 3 17.515326
5 111 0 23.073951
5 111 3 16.895332
5 116 0 21.513906
5 116 3 16.922544
5 121 0 18.920303
5 121 3 16.616410
5 127 0 20.841707
5 127 3 16.538520
5 133 0 18.803408
5 133 3 15.446243
5 139 0 20.553747
5 139 3 15.351866
5 145 0 18.851121
5 145 3 15.400956
5 152 0 17.040520
5 152 3 14.587658
5 159 0 18.852458
5 159 3 14.834319
5 166 0 16.125729
5 166 3 15.220493
5 174 0 17.797655
5 174 3 14.608617
5 182 0 15.396408
5 182 3 14.425581
5 191 0 16.627315
5 191 3 14.244357
5 200 0 14.580792
5 200 3 14.673712
5 210 0 15.059189
5 210 3 14.441729
5 220 0 14.344321
5 220 3 13.747276
5 231 0 15.186628
5 231 3 13.452007
5 242 0 13.736628
5 242 3 13.176358
5 254 0 15.076718
5 254 3 13.239631
5 266 0 13.485907
5 266 3 13.374048
5 279 0 14.453781
5 279 3 13.452438
5 292 0 13.017547
5 292 3 12.740348
5 306 0 12.654607
5 306 3 12.534505
5 321 0 12.129042
5 321 3 12.302105
5 337 0 12.781072
5 337 3 12.334104
5 353 0 12.609812
5 353 3 12.293642
5 370 0 11.590417
5 370 3 13.166899
5 388 0 11.981209
5 388 3 12.984864
5 407 0 12.024635
5 407 3 11.921351
5 427 0 12.116760
5 427 3 12.422695
5 448 0 11.796985
5 448 3 11.821568
5 470 0 11.819357
5 470 3 12.201249
5 493 0 11.521770
5 493 3 11.927103
5 517 0 10.657914
5 517 3 12.343935
5 542 0 11.314962
5 542 3 12.132240
5 569 0 10.873347
5 569 3 11.526332
5 597 0 10.842910
5 597 3 12.259471
5 626 0 11.557915
5 626 3 11.504875
5 657 0 10.151284
5 657 3 11.641791
5 689 0 10.545888
5 689 3 11.488525
5 723 0 10.451722
5 723 3 11.579085
5 759 0 10.006374
5 759 3 11.922264
5 796 0 10.143965
5 796 3 11.463317
5 835 0 10.004771
5 835 3 11.613840
5 876 0 10.013178
5 876 3 11.519486
5 919 0 9.892009
5 919 3 11.726976
5 964 0 9.688005
5 964 3 11.470010
5 1012 0 11.047737
5 1012 3 11.696492
5 1062 0 9.497217
5 1062 3 11.595313
5 1115 0 9.549070
5 1115 3 11.905079
5 1170 0 9.362757
5 1170 3 13.087198
5 1228 0 9.293402
5 1228 3 14.674171
5 1289 0 9.371449
5 1289 3 15.418376
5 1353 0 9.223111
5 1353 3 16.098488
5 1420 0 9.886279
5 1420 3 16.996601
5 1491 0 12.780782
5 1491 3 21.902586
5 1565 0 9.118071
5 1565 3 16.617548
5 1643 0 8.999340
5 1643 3 16.852621
5 1725 0 9.106501
5 1725 3 17.049466
5 1811 0 8.962534
5 1811 3 16.855861
5 1901 0 8.953553
5 1901 3 17.750151
5 1996 0 8.986859
5 1996 3 16.900085
6 1 3 58.506999
6 2 3 37.483366
6 3 3 50.698646
6 4 3 37.810761
6 5 0 149.366520
6 5 3 39.367998
6 6 0 122.877256
6 6 3 38.785291
6 7 0 90.068955
6 7 3 34.867508
6 8 0 75.194317
6 8 3 33.821481
6 9 0 88.507840
6 9 3 39.120981
6 10 0 83.831598
6 10 3 40.582030
6 11 0 78.825324
6 11 3 40.669545
6 12 0 52.863374
6 12 3 35.576942
6 13 0 54.479393
6 13 3 35.595437
6 14 0 56.201288
6 14 3 37.679774
6 15 0 45.814659
6 15 3 32.816352
6 16 0 67.452360
6 16 3 35.306261
6 17 0 44.123378
6 17 3 29.702974
6 18 0 43.855330
6 18 3 29.865743
6 19 0 50.031965
6 19 3 30.720154
6 20 0 43.562057
6 20 3 27.971609
6 21 0 39.988291
6 21 3 26.731618
6 22 0 45.468885
6 22 3 28.779603
6 23 0 42.863038
6 23 3 29.879860
6 24 0 43.135398
6 24 3 29.559381
6 25 0 42.386519
6 25 3 29.461937
6 26 0 37.241318
6 26 3 23.567755
6 27 0 32.087346
6 27 3 22.364180
6 28 0 38.114320
6 28 3 24.851742
6 29 0 28.629354
6 29 3 22.947739
6 30 0 30.122963
6 30 3 21.335240
6 31 0 29.102644
6 31 3 21.781338
6 32 0 43.084266
6 32 3 24.718398
6 33 0 37.820264
6 33 3 25.523896
6 34 0 33.875470
6 34 3 24.356841
6 35 0 29.689759
6 35 3 20.747857
6 36 0 32.014849
6 36 3 24.827754
6 37 0 34.379830
6 37 3 24.470838
6 38 0 26.266065
6 38 3 19.082905
6 39 0 31.704382
6 39 3 23.269830
6 40 0 29.930536
6 40 3 23.068760
6 42 0 24.701407
6 42 3 17.978301
6 44 0 23.781561
6 44 3 17.874800
6 46 0 24.809847
6 46 3 20.179556
6 48 0 28.995734
6 48 3 19.606428
6 50 0 21.999233
6 50 3 16.650585
6 52 0 22.559643
6 52 3 16.667369
6 54 0 21.591386
6 54 3 16.780260
6 56 0 20.830946
6 56 3 16.776094
6 58 0 19.126910
6 58 3 16.664160
6 60 0 18.252308
6 60 3 16.682731
6 63 0 20.712903
6 63 3 16.066280
6 66 0 19.350596
6 66 3 14.700433
6 69 0 20.944745
6 69 3 15.352344
6 72 0 19.534955
6 72 3 15.602977
6 75 0 16.392630
6 75 3 15.563653
6 78 0 18.975139
6 78 3 15.322767
6 81 0 17.403383
6 81 3 14.527419
6 85 0 16.815722
6 85 3 14.909503
6 89 0 17.220088
6 89 3 14.310449
6 93 0 15.268137
6 93 3 14.139412
6 97 0 15.371442
6 97 3 13.859826
6 101 0 15.455396
6 101 3 13.590322
6 106 0 15.958418
6 106 3 14.225004
6 111 0 16.190934
6 111 3 13.679208
6 116 0 16.095575
6 116 3 14.239472
6 121 0 14.645986
6 121 3 13.838806
6 127 0 15.217347
6 127 3 13.898625
6 133 0 13.977343
6 133 3 13.307756
6 139 0 13.798003
6 139 3 13.894156
6 145 0 14.170570
6 145 3 13.313772
6 152 0 12.707472
6 152 3 12.991508
6 159 0 13.858600
6 159 3 12.920346
6 166 0 12.874425
6 166 3 12.894321
6 174 0 13.517893
6 174 3 12.832200
6 182 0 13.139177
6 182 3 12.597527
6 191 0 12.730496
6 191 3 12.605907
6 200 0 12.420714
6 200 3 12.820873
6 210 0 11.699537
6 210 3 12.632204
6 220 0 12.379979
6 220 3 12.122514
6 231 0 11.654988
6 231 3 12.150735
6 242 0 11.389584
6 242 3 11.794804
6 254 0 11.801521
6 254 3 12.350733
6 266 0 11.058636
6 266 3 12.443422
6 279 0 11.496775
6 279 3 12.449970
6 292 0 11.129312
6 292 3 12.116207
6 306 0 11.071343
6 306 3 11.867616
6 321 0 10.651794
6 321 3 11.637912
6 337 0 10.529298
6 337 3 11.739046
6 353 0 10.775426
6 353 3 11.800849
6 370 0 10.783077
6 370 3 12.521061
6 388 0 10.669350
6 388 3 11.991937
6 407 0 10.351748
6 407 3 11.650069
6 427 0 10.303020
6 427 3 11.600453
6 448 0 10.075702
6 448 3 11.505674
6 470 0 9.915555
6 470 3 11.724679
6 493 0 9.965092
6 493 3 11.575170
6 517 0 9.750455
6 517 3 12.118102
6 542 0 9.874558
6 542 3 11.814223
6 569 0 9.824589
6 569 3 11.613977
6 597 0 10.103728
6 597 3 14.105598
6 626 0 9.949764
6 626 3 14.697162
6 657 0 10.023997
6 657 3 16.214393
6 689 0 9.845709
6 689 3 16.170661
6 723 0 9.970519
6 723 3 16.248537
6 759 0 9.937927
6 759 3 16.841645
6 796 0 9.867054
6 796 3 16.799177
6 835 0 9.826511
6 835 3 16.946947
6 876 0 9.656873
6 876 3 16.995844
6 919 0 9.698470
6 919 3 17.315807
6 964 0 9.671762
6 964 3 16.761938
6 1012 0 9.609510
6 1012 3 20.720341
6 1062 0 9.450209
6 1062 3 16.602168
6 1115 0 9.509226
6 1115 3 17.155257
6 1170 0 9.442537
6 1170 3 16.938115
6 1228 0 9.434660
6 1228 3 16.730391
6 1289 0 9.399554
6 1289 3 17.096780
6 1353 0 9.274586
6 1353 3 16.791178
6 1420 0 9.398920
6 1420 3 17.243027
6 1491 0 9.312055
6 1491 3 17.837896
6 1565 0 9.178626
6 1565 3 16.820469
6 1643 0 9.183915
6 1643 3 17.026911
6 1725 0 9.210429
6 1725 3 16.942045
6 1811 0 9.112872
6 1811 3 17.553187
6 1901 0 9.000082
6 1901 3 17.500472
6 1996 0 9.135674
6 1996 3 16.862775
7 1 3 49.212602
7 2 3 35.007420
7 3 3 42.629944
7 4 3 35.239820
7 5 0 70.078205
7 5 3 37.999924
7 6 0 60.742157
7 6 3 38.242160
7 7 0 47.612873
7 7 3 34.318021
7 8 0 45.480929
7 8 3 30.271348
7 9 0 50.368792
7 9 3 32.668576
7 10 0 44.028285
7 10 3 30.524093
7 11 0 42.753285
7 11 3 29.447301
7 12 0 35.207344
7 12 3 24.443717
7 13 0 31.822684
7 13 3 23.739402
7 14 0 34.085603
7 14 3 25.552246
7 15 0 29.369088
7 15 3 21.433655
7 16 0 37.096394
7 16 3 25.262055
7 17 0 28.864103
7 17 3 20.000746
7 18 0 27.500093
7 18 3 20.045335
7 19 0 28.337539
7 19 3 20.626785
7 20 0 26.311794
7 20 3 19.307595
7 21 0 25.106754
7 21 3 18.735926
7 22 0 25.335369
7 22 3 19.408030
7 23 0 25.189891
7 23 3 19.745856
7 24 0 24.605370
7 24 3 19.612351
7 25 0 25.202176
7 25 3 19.910193
7 26 0 23.275046
7 26 3 17.004218
7 27 0 22.011041
7 27 3 16.195742
7 28 0 22.191050
7 28 3 18.291860
7 29 0 20.972589
7 29 3 16.539517
7 30 0 20.081892
7 30 3 15.651613
7 31 0 21.706623
7 31 3 16.006823
7 32 0 24.983685
7 32 3 20.187751
7 33 0 22.119930
7 33 3 18.691517
7 34 0 21.552376
7 34 3 17.273440
7 35 0 20.953615
7 35 3 15.569962
7 36 0 20.051974
7 36 3 17.308759
7 37 0 20.877326
7 37 3 17.239961
7 38 0 19.662930
7 38 3 14.510503
7 39 0 19.520487
7 39 3 16.614189
7 40 0 19.270660
7 40 3 16.851957
7 42 0 18.633956
7 42 3 14.255930
7 44 0 17.989163
7 44 3 14.469221
7 46 0 18.935989
7 46 3 16.184381
7 48 0 19.318419
7 48 3 16.837626
7 50 0 16.670707
7 50 3 13.307725
7 52 0 17.465758
7 52 3 13.402525
7 54 0 16.239994
7 54 3 13.420011
7 56 0 16.389766
7 56 3 13.996423
7 58 0 16.307308
7 58 3 14.022740
7 60 0 16.934434
7 60 3 14.203789
7 63 0 16.174455
7 63 3 14.132640
7 66 0 14.865134
7 66 3 12.584435
7 69 0 15.306882
7 69 3 13.445661
7 72 0 14.239344
7 72 3 13.269755
7 75 0 13.717236
7 75 3 13.099938
7 78 0 15.195357
7 78 3 13.642833
7 81 0 13.638606
7 81 3 12.516350
7 85 0 14.034993
7 85 3 12.932809
7 89 0 13.540411
7 89 3 12.623911
7 93 0 13.216607
7 93 3 12.499368
7 97 0 12.670147
7 97 3 12.443273
7 101 0 12.358872
7 101 3 12.137014
7 106 0 12.442342
7 106 3 12.525659
7 111 0 13.083192
7 111 3 12.565869
7 116 0 12.234297
7 116 3 12.996739
7 121 0 12.004809
7 121 3 12.911262
7 127 0 12.461822
7 127 3 12.940065
7 133 0 11.896876
7 133 3 16.659403
7 139 0 12.138371
7 139 3 13.023354
7 145 0 11.897603
7 145 3 12.721183
7 152 0 11.275558
7 152 3 11.861334
7 159 0 11.396907
7 159 3 12.237092
7 166 0 11.291078
7 166 3 12.143297
7 174 0 11.314048
7 174 3 12.096425
7 182 0 11.183469
7 182 3 11.753012
7 191 0 11.272631
7 191 3 11.784956
7 200 0 10.711088
7 200 3 11.947754
7 210 0 10.427623
7 210 3 11.859829
7 220 0 10.853009
7 220 3 11.783041
7 231 0 10.297649
7 231 3 11.639945
7 242 0 10.225412
7 242 3 11.187953
7 254 0 10.585569
7 254 3 11.942385
7 266 0 10.755415
7 266 3 12.260215
7 279 0 10.547449
7 279 3 12.295530
7 292 0 10.480919
7 292 3 13.282853
7 306 0 10.616458
7 306 3 14.342305
7 321 0 10.465843
7 321 3 16.764839
7 337 0 10.978013
7 337 3 16.548176
7 353 0 12.111277
7 353 3 18.535818
7 370 0 10.435509
7 370 3 18.009714
7 388 0 10.267269
7 388 3 17.416619
7 407 0 10.134389
7 407 3 17.256065
7 427 0 10.112318
7 427 3 17.465239
7 448 0 9.929395
7 448 3 16.720332
7 470 0 9.918560
7 470 3 16.562333
7 493 0 9.766091
7 493 3 17.132577
7 517 0 9.785375
7 517 3 17.269240
7 542 0 9.677416
7 542 3 17.237004
7 569 0 9.588310
7 569 3 17.034299
7 597 0 9.656626
7 597 3 17.064233
7 626 0 9.439186
7 626 3 16.992714
7 657 0 9.471772
7 657 3 17.376960
7 689 0 9.307735
7 689 3 16.788788
7 723 0 9.373128
7 723 3 16.832645
7 759 0 9.311252
7 759 3 17.003178
7 796 0 9.242177
7 796 3 16.813792
7 835 0 9.201340
7 835 3 16.926825
7 876 0 9.223954
7 876 3 17.237721
7 919 0 9.200951
7 919 3 18.190737
7 964 0 9.112994
7 964 3 17.091972
7 1012 0 9.136836
7 1012 3 17.228640
7 1062 0 9.004714
7 1062 3 17.264240
7 1115 0 9.117673
7 1115 3 17.289269
7 1170 0 8.961601
7 1170 3 16.988637
7 1228 0 8.946548
7 1228 3 17.138304
7 1289 0 9.094188
7 1289 3 17.079608
7 1353 0 8.946070
7 1353 3 17.121492
7 1420 0 8.822473
7 1420 3 17.490715
7 1491 0 8.896996
7 1491 3 16.980165
7 1565 0 9.091345
7 1565 3 16.635691
7 1643 0 8.874068
7 1643 3 16.998603
7 1725 0 8.797238
7 1725 3 16.974481
7 1811 0 9.111235
7 1811 3 17.292662
7 1901 0 9.123226
7 1901 3 16.728857
7 1996 0 9.175610
7 1996 3 17.567413
8 1 3 46.489027
8 2 3 33.516766
8 3 3 39.680423
8 4 3 31.670969
8 5 0 46.196935
8 5 3 29.358720
8 6 0 41.270793
8 6 3 27.471367
8 7 0 35.073346
8 7 3 22.445642
8 8 0 32.503021
8 8 3 20.429542
8 9 0 33.884261
8 9 3 21.467279
8 10 0 32.111194
8 10 3 20.982627
8 11 0 32.298948
8 11 3 20.304029
8 12 0 26.496930
8 12 3 17.233369
8 13 0 26.892126
8 13 3 17.072760
8 14 0 26.264807
8 14 3 18.851798
8 15 0 23.513874
8 15 3 15.734065
8 16 0 23.947753
8 16 3 18.050114
8 17 0 23.211436
8 17 3 16.552301
8 18 0 22.111517
8 18 3 14.918959
8 19 0 21.901946
8 19 3 16.088985
8 20 0 20.209095
8 20 3 14.643613
8 21 0 21.004819
8 21 3 14.955750
8 22 0 21.148846
8 22 3 15.356856
8 23 0 20.625746
8 23 3 15.246139
8 24 0 19.596997
8 24 3 15.128668
8 25 0 20.422538
8 25 3 15.370927
8 26 0 20.377612
8 26 3 13.644308
8 27 0 17.710944
8 27 3 13.210620
8 28 0 18.376577
8 28 3 14.415942
8 29 0 17.634778
8 29 3 13.589137
8 30 0 17.288823
8 30 3 13.538827
8 31 0 17.353101
8 31 3 13.517840
8 32 0 16.669775
8 32 3 15.357024
8 33 0 17.565405
8 33 3 15.406157
8 34 0 17.696155
8 34 3 14.377475
8 35 0 17.031795
8 35 3 13.264667
8 36 0 16.896375
8 36 3 14.012104
8 37 0 17.604982
8 37 3 14.115939
8 38 0 16.516184
8 38 3 12.426302
8 39 0 16.674243
8 39 3 13.962436
8 40 0 16.392754
8 40 3 13.990696
8 42 0 15.530198
8 42 3 12.125185
8 44 0 15.146250
8 44 3 12.554467
8 46 0 16.068998
8 46 3 14.292387
8 48 0 15.246762
8 48 3 14.790818
8 50 0 14.406008
8 50 3 12.160280
8 52 0 15.064256
8 52 3 12.302454
8 54 0 14.987784
8 54 3 11.964430
8 56 0 13.892845
8 56 3 12.885756
8 58 0 14.210202
8 58 3 12.911738
8 60 0 14.118907
8 60 3 12.741127
8 63 0 13.446986
8 63 3 12.765957
8 66 0 13.374201
8 66 3 11.756814
8 69 0 13.297674
8 69 3 13.399870
8 72 0 12.990021
8 72 3 12.419308
8 75 0 12.763619
8 75 3 12.245892
8 78 0 12.839099
8 78 3 12.633520
8 81 0 12.339388
8 81 3 11.750982
8 85 0 12.683396
8 85 3 12.058670
8 89 0 12.170888
8 89 3 11.613975
8 93 0 12.039109
8 93 3 11.953340
8 97 0 11.811218
8 97 3 11.246451
8 101 0 11.612358
8 101 3 11.502202
8 106 0 11.850936
8 106 3 11.924240
8 111 0 11.474820
8 111 3 12.103155
8 116 0 11.635686
8 116 3 12.174489
8 121 0 11.504783
8 121 3 12.032033
8 127 0 11.793512
8 127 3 12.164361
8 133 0 11.551281
8 133 3 12.325457
8 139 0 11.901851
8 139 3 13.030910
8 145 0 12.208882
8 145 3 13.260086
8 152 0 11.241479
8 152 3 13.805487
8 159 0 11.356562
8 159 3 15.506190
8 166 0 11.322434
8 166 3 16.050158
8 174 0 11.339015
8 174 3 16.908546
8 182 0 11.352646
8 182 3 17.079059
8 191 0 11.051280
8 191 3 17.386162
8 200 0 10.841384
8 200 3 17.079441
8 210 0 10.937205
8 210 3 17.221193
8 220 0 13.254334
8 220 3 17.960661
8 231 0 10.537379
8 231 3 17.224517
8 242 0 10.512541
8 242 3 17.460184
8 254 0 10.544547
8 254 3 17.856772
8 266 0 10.296716
8 266 3 17.547095
8 279 0 10.232648
8 279 3 17.329584
8 292 0 10.123880
8 292 3 16.912609
8 306 0 10.157534
8 306 3 16.655387
8 321 0 10.241187
8 321 3 17.667342
8 337 0 10.069708
8 337 3 26.939772
8 353 0 12.040864
8 353 3 28.919529
8 370 0 9.829343
8 370 3 17.802331
8 388 0 9.679915
8 388 3 17.496154
8 407 0 9.623087
8 407 3 17.280700
8 427 0 9.577787
8 427 3 17.404982
8 448 0 9.419687
8 448 3 17.037085
8 470 0 9.494771
8 470 3 16.836321
8 493 0 9.342833
8 493 3 17.232418
8 517 0 9.307770
8 517 3 16.961271
8 542 0 9.313687
8 542 3 17.144512
8 569 0 9.226325
8 569 3 16.900997
8 597 0 9.220105
8 597 3 17.530191
8 626 0 9.168071
8 626 3 16.866260
8 657 0 9.208869
8 657 3 17.164303
8 689 0 8.976890
8 689 3 17.293210
8 723 0 8.926296
8 723 3 16.944338
8 759 0 9.159215
8 759 3 16.895466
8 796 0 9.146052
8 796 3 16.775431
8 835 0 8.756348
8 835 3 17.061092
8 876 0 8.774452
8 876 3 16.632378
8 919 0 9.094006
8 919 3 17.434461
8 964 0 9.215796
8 964 3 17.361601
8 1012 0 8.817598
8 1012 3 16.732409
8 1062 0 8.834943
8 1062 3 16.808070
8 1115 0 8.836055
8 1115 3 16.899569
8 1170 0 8.880574
8 1170 3 17.008794
8 1228 0 8.760971
8 1228 3 17.357868
8 1289 0 8.783887
8 1289 3 16.989417
8 1353 0 8.633416
8 1353 3 16.945351
8 1420 0 8.685358
8 1420 3 17.938996
8 1491 0 8.651501
8 1491 3 17.902830
8 1565 0 8.578340
8 1565 3 16.809925
8 1643 0 8.664441
8 1643 3 17.448799
8 1725 0 8.623838
8 1725 3 17.459498
8 1811 0 8.612771
8 1811 3 17.578828
8 1901 0 8.632168
8 1901 3 17.401341
8 1996 0 8.728921
8 1996 3 17.338670
9 1 3 39.634920
9 2 3 30.428383
9 3 3 29.147833
9 4 3 20.658404
9 5 0 35.695746
9 5 3 19.752876
9 6 0 33.152535
9 6 3 19.650349
9 7 0 29.110300
9 7 3 16.353938
9 8 0 28.821161
9 8 3 17.296485
9 9 0 29.530436
9 9 3 16.739351
9 10 0 26.517196
9 10 3 16.507629
9 11 0 25.932608
9 11 3 16.168921
9 12 0 22.659036
9 12 3 14.412246
9 13 0 23.822768
9 13 3 13.888501
9 14 0 22.072283
9 14 3 14.788483
9 15 0 21.073885
9 15 3 13.172010
9 16 0 20.905584
9 16 3 14.963218
9 17 0 20.155015
9 17 3 13.702081
9 18 0 20.063873
9 18 3 12.928194
9 19 0 19.277857
9 19 3 13.759270
9 20 0 18.245123
9 20 3 12.405022
9 21 0 18.842497
9 21 3 13.029114
9 22 0 18.562390
9 22 3 13.057086
9 23 0 17.905846
9 23 3 13.424298
9 24 0 17.861103
9 24 3 13.624248
9 25 0 17.857165
9 25 3 14.019827
9 26 0 18.305232
9 26 3 12.495182
9 27 0 16.488321
9 27 3 11.463386
9 28 0 17.118139
9 28 3 13.365812
9 29 0 16.229647
9 29 3 12.583403
9 30 0 16.009996
9 30 3 12.129788
9 31 0 15.944817
9 31 3 12.481892
9 32 0 16.544968
9 32 3 14.664734
9 33 0 16.881259
9 33 3 13.620662
9 34 0 16.857448
9 34 3 13.346434
9 35 0 15.968254
9 35 3 12.449522
9 36 0 15.890717
9 36 3 13.789038
9 37 0 16.417035
9 37 3 13.363014
9 38 0 16.062726
9 38 3 12.053850
9 39 0 15.777085
9 39 3 13.186012
9 40 0 15.801680
9 40 3 13.523977
9 42 0 14.335768
9 42 3 11.267066
9 44 0 14.226392
9 44 3 11.502720
9 46 0 16.169422
9 46 3 14.000397
9 48 0 14.704730
9 48 3 14.505086
9 50 0 14.247737
9 50 3 11.309427
9 52 0 15.046998
9 52 3 11.584619
9 54 0 14.364019
9 54 3 12.441187
9 56 0 14.289076
9 56 3 12.348226
9 58 0 14.713997
9 58 3 12.720416
9 60 0 14.324379
9 60 3 12.851840
9 63 0 14.278978
9 63 3 12.621503
9 66 0 14.054097
9 66 3 11.526280
9 69 0 14.054344
9 69 3 13.002301
9 72 0 13.599987
9 72 3 12.331538
9 75 0 13.793029
9 75 3 14.479170
9 78 0 13.468781
9 78 3 16.076930
9 81 0 13.244249
9 81 3 15.899247
9 85 0 13.323995
9 85 3 16.651497
9 89 0 12.919934
9 89 3 16.569501
9 93 0 12.952095
9 93 3 17.223747
9 97 0 12.675705
9 97 3 17.509571
9 101 0 12.461470
9 101 3 17.036341
9 106 0 12.795454
9 106 3 17.401585
9 111 0 12.283141
9 111 3 17.519561
9 116 0 12.027990
9 116 3 17.958601
9 121 0 12.056135
9 121 3 17.838805
9 127 0 11.973930
9 127 3 18.032029
9 133 0 11.713000
9 133 3 17.444432
9 139 0 11.728917
9 139 3 19.220312
9 145 0 11.861188
9 145 3 17.866251
9 152 0 11.563258
9 152 3 16.728941
9 159 0 11.419458
9 159 3 17.041831
9 166 0 11.250847
9 166 3 17.190864
9 174 0 11.267861
9 174 3 17.306433
9 182 0 11.038609
9 182 3 17.476744
9 191 0 11.021718
9 191 3 19.611809
9 200 0 10.784785
9 200 3 17.217325
9 210 0 10.626305
9 210 3 17.549693
9 220 0 10.826004
9 220 3 17.670143
9 231 0 10.359205
9 231 3 17.475409
9 242 0 10.426334
9 242 3 17.569659
9 254 0 10.330272
9 254 3 17.066957
9 266 0 10.184490
9 266 3 17.274034
9 279 0 10.198975
9 279 3 17.305202
9 292 0 10.150379
9 292 3 17.122967
9 306 0 9.918140
9 306 3 17.362410
9 321 0 10.073342
9 321 3 18.438171
9 337 0 9.972627
9 337 3 17.518957
9 353 0 9.815636
9 353 3 18.581057
9 370 0 9.923472
9 370 3 17.190369
9 388 0 9.760101
9 388 3 17.262037
9 407 0 9.714620
9 407 3 16.693602
9 427 0 9.425103
9 427 3 17.055664
9 448 0 9.425622
9 448 3 16.858533
9 470 0 9.553507
9 470 3 16.764841
9 493 0 9.502576
9 493 3 16.743509
9 517 0 9.310880
9 517 3 16.987877
9 542 0 9.364078
9 542 3 16.715936
9 569 0 9.144167
9 569 3 16.799441
9 597 0 9.181203
9 597 3 17.227903
9 626 0 9.162533
9 626 3 16.898846
9 657 0 9.015119
9 657 3 17.308303
9 689 0 9.059306
9 689 3 16.926273
9 723 0 9.100862
9 723 3 17.313696
9 759 0 8.995745
9 759 3 17.343571
9 796 0 8.919594
9 796 3 17.500038
9 835 0 8.897653
9 835 3 17.250733
9 876 0 8.801994
9 876 3 17.194566
9 919 0 8.866870
9 919 3 17.415289
9 964 0 8.822867
9 964 3 17.510852
9 1012 0 8.751306
9 1012 3 17.871668
9 1062 0 8.734415
9 1062 3 17.551251
9 1115 0 8.694132
9 1115 3 17.544114
9 1170 0 8.662359
9 1170 3 17.623813
9 1228 0 8.682881
9 1228 3 17.357135
9 1289 0 8.675370
9 1289 3 17.685043
9 1353 0 8.596284
9 1353 3 17.295562
9 1420 0 8.603764
9 1420 3 17.683002
9 1491 0 8.537555
9 1491 3 18.034214
9 1565 0 8.629861
9 1565 3 17.785730
9 1643 0 8.526557
9 1643 3 17.391463
9 1725 0 8.695871
9 1725 3 17.618215
9 1811 0 8.672423
9 1811 3 18.872129
9 1901 0 8.711655
9 1901 3 18.594805
9 1996 0 8.738562
9 1996 3 18.762682
10 1 3 78.219633
10 2 3 20.326110
10 3 3 21.832589
10 4 3 15.204729
10 5 0 30.303043
10 5 3 15.141020
10 6 0 28.863881
10 6 3 14.677248
10 7 0 26.282254
10 7 3 12.912686
10 8 0 27.318810
10 8 3 15.310714
10 9 0 26.649516
10 9 3 15.294898
10 10 0 24.380861
10 10 3 14.193435
10 11 0 23.570836
10 11 3 14.850117
10 12 0 20.391011
10 12 3 12.269587
10 13 0 21.745251
10 13 3 12.439482
10 14 0 21.223110
10 14 3 13.984653
10 15 0 19.484435
10 15 3 12.166173
10 16 0 19.289789
10 16 3 13.661555
10 17 0 18.569023
10 17 3 12.498759
10 18 0 18.767261
10 18 3 11.933147
10 19 0 17.667065
10 19 3 12.196093
10 20 0 17.562979
10 20 3 11.710364
10 21 0 18.139667
10 21 3 12.362123
10 22 0 18.638392
10 22 3 12.400890
10 23 0 18.299244
10 23 3 12.794160
10 24 0 18.102237
10 24 3 13.178632
10 25 0 19.017378
10 25 3 12.753006
10 26 0 18.587679
10 26 3 11.493245
10 27 0 17.920254
10 27 3 11.138246
10 28 0 18.080174
10 28 3 11.425810
10 29 0 18.179663
10 29 3 12.220281
10 30 0 18.205401
10 30 3 11.840851
10 31 0 17.888841
10 31 3 11.817435
10 32 0 18.196692
10 32 3 13.162636
10 33 0 18.685143
10 33 3 13.451181
10 34 0 18.154094
10 34 3 12.454098
10 35 0 17.757546
10 35 3 12.076838
10 36 0 17.383385
10 36 3 12.999985
10 37 0 17.878835
10 37 3 14.423459
10 38 0 17.164228
10 38 3 13.756857
10 39 0 17.661072
10 39 3 16.191483
10 40 0 16.569635
10 40 3 17.175014
10 42 0 17.642880
10 42 3 15.832704
10 44 0 19.052291
10 44 3 18.589459
10 46 0 17.240158
10 46 3 21.622071
10 48 0 16.997154
10 48 3 20.645874
10 50 0 15.607555
10 50 3 17.252803
10 52 0 15.787587
10 52 3 17.545567
10 54 0 15.240543
10 54 3 16.984181
10 56 0 14.599224
10 56 3 19.124289
10 58 0 15.362813
10 58 3 19.798920
10 60 0 14.845588
10 60 3 19.376660
10 63 0 14.626014
10 63 3 18.942503
10 66 0 14.179051
10 66 3 17.129089
10 69 0 14.022436
10 69 3 18.720205
10 72 0 13.363154
10 72 3 17.260739
10 75 0 13.606728
10 75 3 17.304409
10 78 0 13.730763
10 78 3 18.843787
10 81 0 13.293556
10 81 3 17.128811
10 85 0 12.940141
10 85 3 16.884507
10 89 0 12.806362
10 89 3 17.357096
10 93 0 12.886719
10 93 3 17.114005
10 97 0 12.872827
10 97 3 18.033750
10 101 0 12.674058
10 101 3 17.719898
10 106 0 12.959108
10 106 3 17.058841
10 111 0 12.246907
10 111 3 17.842472
10 116 0 12.537454
10 116 3 18.705227
10 121 0 12.321164
10 121 3 18.256954
10 127 0 12.230917
10 127 3 18.464570
10 133 0 11.912956
10 133 3 18.501993
10 139 0 11.794817
10 139 3 18.561934
10 145 0 12.008126
10 145 3 18.020130
10 152 0 11.428494
10 152 3 17.134335
10 159 0 11.648143
10 159 3 17.170701
10 166 0 11.312852
10 166 3 17.428188
10 174 0 11.223607
10 174 3 17.593083
10 182 0 11.109583
10 182 3 17.357850
10 191 0 14.606265
10 191 3 17.323146
10 200 0 11.053905
10 200 3 17.205055
10 210 0 10.854256
10 210 3 17.005243
10 220 0 10.690792
10 220 3 17.436160
10 231 0 10.608800
10 231 3 16.496233
10 242 0 10.667471
10 242 3 17.726233
10 254 0 10.556217
10 254 3 16.720797
10 266 0 10.331213
10 266 3 16.788969
10 279 0 10.268921
10 279 3 17.106617
10 292 0 10.443889
10 292 3 18.050448
10 306 0 10.070118
10 306 3 17.172356
10 321 0 10.116899
10 321 3 17.648059
10 337 0 9.875742
10 337 3 17.138628
10 353 0 9.828824
10 353 3 17.390333
10 370 0 9.919134
10 370 3 17.409752
10 388 0 9.753913
10 388 3 17.416654
10 407 0 9.815387
10 407 3 17.242813
10 427 0 9.513577
10 427 3 17.325165
10 448 0 9.489985
10 448 3 17.155771
10 470 0 9.451291
10 470 3 17.399554
10 493 0 9.329285
10 493 3 17.080695
10 517 0 9.294018
10 517 3 17.765688
10 542 0 9.279907
10 542 3 17.607347
10 569 0 9.256083
10 569 3 17.524963
10 597 0 9.211839
10 597 3 17.612297
10 626 0 9.124524
10 626 3 17.873520
10 657 0 9.165087
10 657 3 17.699865
10 689 0 9.008297
10 689 3 17.344296
10 723 0 9.089988
10 723 3 17.972069
10 759 0 9.018894
10 759 3 17.969445
10 796 0 9.028059
10 796 3 17.214419
10 835 0 8.915617
10 835 3 17.548245
10 876 0 8.852388
10 876 3 17.981127
10 919 0 8.951623
10 919 3 18.210275
10 964 0 8.889206
10 964 3 17.895665
10 1012 0 8.842815
10 1012 3 17.759556
10 1062 0 8.798364
10 1062 3 17.749049
10 1115 0 8.831828
10 1115 3 18.198667
10 1170 0 8.850444
10 1170 3 18.078435
10 1228 0 8.845673
10 1228 3 17.716075
10 1289 0 8.795529
10 1289 3 17.399532
10 1353 0 8.763485
10 1353 3 18.389060
10 1420 0 8.698525
10 1420 3 17.510415
10 1491 0 8.631569
10 1491 3 18.152958
10 1565 0 8.723715
10 1565 3 17.201068
10 1643 0 8.859840
10 1643 3 18.859213
10 1725 0 8.950611
10 1725 3 19.829477
10 1811 0 8.973230
10 1811 3 19.676188
10 1901 0 9.246216
10 1901 3 18.955465
10 1996 0 9.037404
10 1996 3 20.447544
11 1 3 32.656881
11 2 3 15.762558
11 3 3 17.913659
11 4 3 13.126257
11 5 0 29.591787
11 5 3 12.510142
11 6 0 27.967499
11 6 3 12.728634
11 7 0 26.103854
11 7 3 11.944395
11 8 0 28.114959
11 8 3 14.973463
11 9 0 29.219914
11 9 3 14.444916
11 10 0 30.605279
11 10 3 25.466628
11 11 0 28.630344
11 11 3 14.342111
11 12 0 25.793085
11 12 3 11.916886
11 13 0 27.842007
11 13 3 11.694279
11 14 0 25.960342
11 14 3 13.408534
11 15 0 23.944657
11 15 3 11.309729
11 16 0 23.059909
11 16 3 13.953280
11 17 0 22.089361
11 17 3 11.384020
11 18 0 23.577678
11 18 3 13.373649
11 19 0 22.187354
11 19 3 13.787912
11 20 0 21.413508
11 20 3 16.119543
11 21 0 23.402029
11 21 3 16.991553
11 22 0 22.874734
11 22 3 16.950324
11 23 0 20.380230
11 23 3 17.301090
11 24 0 19.669484
11 24 3 17.755436
11 25 0 20.327412
11 25 3 18.192322
11 26 0 19.847049
11 26 3 18.044250
11 27 0 19.058523
11 27 3 16.546935
11 28 0 18.913246
11 28 3 16.905986
11 29 0 20.220725
11 29 3 16.923750
11 30 0 18.735925
11 30 3 16.523633
11 31 0 18.488176
11 31 3 16.592848
11 32 0 18.316701
11 32 3 21.385085
11 33 0 19.536010
11 33 3 21.728853
11 34 0 18.390032
11 34 3 17.569999
11 35 0 18.100683
11 35 3 17.347181
11 36 0 17.740408
11 36 3 17.857094
11 37 0 17.891792
11 37 3 18.144237
11 38 0 17.340385
11 38 3 16.419593
11 39 0 17.546154
11 39 3 18.312485
11 40 0 16.588040
11 40 3 18.153323
11 42 0 17.230924
11 42 3 25.025884
11 44 0 17.686268
11 44 3 28.501221
11 46 0 16.852067
11 46 3 20.459905
11 48 0 15.953417
11 48 3 19.483888
11 50 0 16.519869
11 50 3 18.013452
11 52 0 16.024689
11 52 3 18.696220
11 54 0 15.698126
11 54 3 16.739156
11 56 0 15.012960
11 56 3 19.976109
11 58 0 15.577171
11 58 3 20.558098
11 60 0 14.857902
11 60 3 19.215860
11 63 0 14.707366
11 63 3 18.830091
11 66 0 15.266618
11 66 3 17.096738
11 69 0 14.340157
11 69 3 18.468942
11 72 0 13.924946
11 72 3 17.129076
11 75 0 14.314725
11 75 3 17.115565
11 78 0 13.988637
11 78 3 18.377328
11 81 0 13.599305
11 81 3 17.658461
11 85 0 13.228816
11 85 3 16.981018
11 89 0 13.600025
11 89 3 17.396910
11 93 0 13.447480
11 93 3 16.887289
11 97 0 13.260605
11 97 3 17.392682
11 101 0 13.070432
11 101 3 16.953645
11 106 0 12.879411
11 106 3 16.673129
11 111 0 12.734901
11 111 3 17.379896
11 116 0 12.795387
11 116 3 17.971616
11 121 0 12.563433
11 121 3 17.529344
11 127 0 12.437599
11 127 3 17.553247
11 133 0 12.408038
11 133 3 17.519568
11 139 0 12.274084
11 139 3 17.639436
11 145 0 12.018487
11 145 3 17.334785
11 152 0 11.658303
11 152 3 16.746287
11 159 0 11.825552
11 159 3 16.786984
11 166 0 11.769990
11 166 3 16.990979
11 174 0 11.394424
11 174 3 17.241636
11 182 0 11.317828
11 182 3 17.211269
11 191 0 11.238838
11 191 3 17.211499
11 200 0 11.196465
11 200 3 17.538118
11 210 0 11.024340
11 210 3 17.222236
11 220 0 11.035976
11 220 3 17.433507
11 231 0 10.902045
11 231 3 16.865853
11 242 0 10.894528
11 242 3 17.235036
11 254 0 10.664827
11 254 3 17.186511
11 266 0 10.535737
11 266 3 17.352480
11 279 0 10.528617
11 279 3 17.328697
11 292 0 10.365435
11 292 3 18.273541
11 306 0 10.343985
11 306 3 17.427724
11 321 0 10.237538
11 321 3 17.593889
11 337 0 10.132251
11 337 3 17.494859
11 353 0 10.057532
11 353 3 17.324384
11 370 0 10.084577
11 370 3 17.380927
11 388 0 9.960863
11 388 3 17.533300
11 407 0 9.865917
11 407 3 17.007409
11 427 0 9.831982
11 427 3 17.158724
11 448 0 9.692013
11 448 3 17.951459
11 470 0 9.795030
11 470 3 18.013349
11 493 0 9.544251
11 493 3 17.348172
11 517 0 9.813814
11 517 3 18.487676
11 542 0 9.663438
11 542 3 18.067815
11 569 0 9.554740
11 569 3 17.931328
11 597 0 9.490822
11 597 3 18.114422
11 626 0 9.470748
11 626 3 17.194204
11 657 0 9.528475
11 657 3 17.929182
11 689 0 9.337412
11 689 3 17.745683
11 723 0 9.343774
11 723 3 18.082078
11 759 0 9.346254
11 759 3 18.611478
11 796 0 9.263381
11 796 3 18.380981
11 835 0 9.318863
11 835 3 17.948636
11 876 0 9.348838
11 876 3 17.642391
11 919 0 9.341092
11 919 3 18.476590
11 964 0 9.302997
11 964 3 18.077923
11 1012 0 9.380697
11 1012 3 18.225810
11 1062 0 9.331620
11 1062 3 18.768445
11 1115 0 9.345079
11 1115 3 18.614311
11 1170 0 9.349193
11 1170 3 18.111565
11 1228 0 9.218794
11 1228 3 18.334252
11 1289 0 9.278683
11 1289 3 19.168299
11 1353 0 9.363465
11 1353 3 18.951506
11 1420 0 9.350418
11 1420 3 18.405650
11 1491 0 9.565452
11 1491 3 18.667472
11 1565 0 9.469318
11 1565 3 19.883037
11 1643 0 9.555699
11 1643 3 21.475453
11 1725 0 10.057755
11 1725 3 22.738558
11 1811 0 10.148702
11 1811 3 22.537413
11 1901 0 10.277332
11 1901 3 23.971382
11 1996 0 9.632851
11 1996 3 21.669382
12 1 3 20.199424
12 2 3 13.424923
12 3 3 16.189225
12 4 3 11.958138
12 5 0 36.042294
12 5 3 12.115682
12 6 0 35.364249
12 6 3 12.037425
12 7 0 33.083686
12 7 3 11.567437
12 8 0 34.536418
12 8 3 13.781707
12 9 0 32.167808
12 9 3 16.064279
12 10 0 30.538202
12 10 3 19.385937
12 11 0 29.667777
12 11 3 21.369397
12 12 0 26.780535
12 12 3 17.101899
12 13 0 27.325693
12 13 3 17.812958
12 14 0 30.770864
12 14 3 21.519839
12 15 0 24.823841
12 15 3 18.016886
12 16 0 23.794927
12 16 3 22.084899
12 17 0 22.796424
12 17 3 16.443882
12 18 0 24.532618
12 18 3 21.310780
12 19 0 22.875066
12 19 3 17.780981
12 20 0 21.829103
12 20 3 17.116259
12 21 0 22.251364
12 21 3 17.831102
12 22 0 21.931720
12 22 3 18.304712
12 23 0 21.934209
12 23 3 18.384320
12 24 0 20.777200
12 24 3 18.738084
12 25 0 21.166920
12 25 3 18.954374
12 26 0 21.040690
12 26 3 19.719221
12 27 0 21.382238
12 27 3 16.620729
12 28 0 20.311007
12 28 3 17.542585
12 29 0 19.229656
12 29 3 17.169595
12 30 0 19.068347
12 30 3 16.729557
12 31 0 19.203987
12 31 3 16.863218
12 32 0 18.768699
12 32 3 22.095197
12 33 0 22.979948
12 33 3 21.083269
12 34 0 18.863860
12 34 3 18.158231
12 35 0 18.278155
12 35 3 17.318597
12 36 0 18.288610
12 36 3 18.990081
12 37 0 18.378354
12 37 3 19.631802
12 38 0 18.651607
12 38 3 16.964138
12 39 0 18.204910
12 39 3 19.139763
12 40 0 18.604522
12 40 3 18.776900
12 42 0 16.807521
12 42 3 16.609087
12 44 0 17.014602
12 44 3 21.005058
12 46 0 16.665306
12 46 3 18.161062
12 48 0 16.162097
12 48 3 18.229028
12 50 0 17.293636
12 50 3 18.555751
12 52 0 16.048136
12 52 3 18.609165
12 54 0 15.511063
12 54 3 16.457686
12 56 0 15.488380
12 56 3 18.174198
12 58 0 16.033425
12 58 3 18.245334
12 60 0 15.388678
12 60 3 18.199039
12 63 0 15.237911
12 63 3 18.133307
12 66 0 14.797995
12 66 3 16.728670
12 69 0 14.750773
12 69 3 17.478847
12 72 0 14.265143
12 72 3 16.477857
12 75 0 14.291993
12 75 3 16.319067
12 78 0 14.298229
12 78 3 17.376662
12 81 0 14.163044
12 81 3 17.469993
12 85 0 13.746687
12 85 3 17.014523
12 89 0 13.565906
12 89 3 17.267110
12 93 0 13.334969
12 93 3 16.757557
12 97 0 13.475137
12 97 3 17.265122
12 101 0 13.291225
12 101 3 17.076859
12 106 0 12.969379
12 106 3 16.578826
12 111 0 13.035679
12 111 3 17.407534
12 116 0 12.848871
12 116 3 17.461513
12 121 0 12.592220
12 121 3 16.985755
12 127 0 12.660380
12 127 3 17.388128
12 133 0 12.357553
12 133 3 17.492354
12 139 0 12.452367
12 139 3 17.404712
12 145 0 12.312889
12 145 3 17.421838
12 152 0 11.876933
12 152 3 16.886722
12 159 0 11.985421
12 159 3 16.981131
12 166 0 11.765790
12 166 3 17.121708
12 174 0 11.761562
12 174 3 17.395339
12 182 0 11.624885
12 182 3 17.437991
12 191 0 11.524180
12 191 3 17.520314
12 200 0 11.470779
12 200 3 17.452771
12 210 0 11.343112
12 210 3 17.322464
12 220 0 11.311707
12 220 3 17.373009
12 231 0 11.211246
12 231 3 17.526276
12 242 0 11.171047
12 242 3 17.244255
12 254 0 11.115188
12 254 3 17.646059
12 266 0 11.009730
12 266 3 17.410370
12 279 0 11.086864
12 279 3 17.712683
12 292 0 10.785366
12 292 3 17.425417
12 306 0 10.741580
12 306 3 18.036704
12 321 0 10.769773
12 321 3 17.811797
12 337 0 10.537744
12 337 3 17.769989
12 353 0 10.512868
12 353 3 17.646994
12 370 0 10.662229
12 370 3 18.307356
12 388 0 10.416869
12 388 3 17.845789
12 407 0 10.398097
12 407 3 17.714628
12 427 0 10.281450
12 427 3 17.437095
12 448 0 10.250980
12 448 3 17.665927
12 470 0 10.298761
12 470 3 18.353723
12 493 0 10.326853
12 493 3 18.179283
12 517 0 10.326716
12 517 3 18.131958
12 542 0 10.230326
12 542 3 18.867574
12 569 0 10.215092
12 569 3 19.744445
12 597 0 10.242778
12 597 3 18.533631
12 626 0 10.303441
12 626 3 19.709656
12 657 0 10.309300
12 657 3 18.647962
12 689 0 10.216305
12 689 3 19.114840
12 723 0 10.140672
12 723 3 19.255219
12 759 0 10.277193
12 759 3 19.025707
12 796 0 10.332398
12 796 3 18.482597
12 835 0 10.264188
12 835 3 19.146264
12 876 0 10.279530
12 876 3 19.197828
12 919 0 10.436686
12 919 3 19.604196
12 964 0 10.378945
12 964 3 19.503449
12 1012 0 10.448643
12 1012 3 19.517293
12 1062 0 10.389002
12 1062 3 19.213879
12 1115 0 10.492051
12 1115 3 20.671550
12 1170 0 10.519626
12 1170 3 20.182390
12 1228 0 10.673925
12 1228 3 20.437512
12 1289 0 10.708505
12 1289 3 20.242007
12 1353 0 10.748666
12 1353 3 22.105531
12 1420 0 11.297302
12 1420 3 21.981057
12 1491 0 11.753079
12 1491 3 28.165745
12 1565 0 10.783046
12 1565 3 23.214763
12 1643 0 11.042570
12 1643 3 23.192910
12 1725 0 12.283306
12 1725 3 32.116827
12 1811 0 12.001295
12 1811 3 33.331691
12 1901 0 12.260314
12 1901 3 34.271884
12 1996 0 11.695987
12 1996 3 25.873784
13 1 3 14.917884
13 2 3 12.233663
13 3 3 15.533428
13 4 3 11.407207
13 5 0 36.800773
13 5 3 17.174115
13 6 0 36.331720
13 6 3 17.944554
13 7 0 34.770311
13 7 3 16.840381
13 8 0 33.690278
13 8 3 19.472050
13 9 0 32.005716
13 9 3 19.192790
13 10 0 31.116772
13 10 3 19.803176
13 11 0 31.299015
13 11 3 20.249368
13 12 0 27.299834
13 12 3 17.046036
13 13 0 27.736438
13 13 3 23.110080
13 14 0 27.233639
13 14 3 25.132176
13 15 0 26.119762
13 15 3 20.172623
13 16 0 24.192522
13 16 3 22.894518
13 17 0 24.296792
13 17 3 16.465791
13 18 0 26.390969
13 18 3 21.298459
13 19 0 23.348496
13 19 3 17.619312
13 20 0 22.495726
13 20 3 17.757820
13 21 0 22.649462
13 21 3 17.850435
13 22 0 22.995695
13 22 3 17.785240
13 23 0 21.456314
13 23 3 17.858404
13 24 0 21.568127
13 24 3 18.114545
13 25 0 21.278669
13 25 3 18.177192
13 26 0 21.716712
13 26 3 20.483086
13 27 0 22.820986
13 27 3 15.974098
13 28 0 19.983940
13 28 3 17.697514
13 29 0 19.683007
13 29 3 16.841716
13 30 0 18.976520
13 30 3 16.179840
13 31 0 18.845258
13 31 3 16.244364
13 32 0 18.915281
13 32 3 20.094383
13 33 0 23.540883
13 33 3 19.754275
13 34 0 19.171113
13 34 3 17.581093
13 35 0 18.802372
13 35 3 16.852829
13 36 0 18.508097
13 36 3 18.015297
13 37 0 18.614784
13 37 3 18.001665
13 38 0 18.858274
13 38 3 16.541194
13 39 0 18.884137
13 39 3 17.678211
13 40 0 17.503483
13 40 3 17.299766
13 42 0 17.356498
13 42 3 16.705386
13 44 0 17.254426
13 44 3 18.437210
13 46 0 16.972427
13 46 3 17.087403
13 48 0 16.385268
13 48 3 17.566634
13 50 0 16.365624
13 50 3 17.912411
13 52 0 16.733294
13 52 3 17.848336
13 54 0 15.840101
13 54 3 16.363150
13 56 0 15.338892
13 56 3 17.279274
13 58 0 15.735005
13 58 3 17.657272
13 60 0 15.571466
13 60 3 17.751388
13 63 0 15.416436
13 63 3 17.581298
13 66 0 16.069842
13 66 3 17.180621
13 69 0 15.054183
13 69 3 17.294513
13 72 0 14.419123
13 72 3 16.748587
13 75 0 14.611547
13 75 3 16.743175
13 78 0 14.965775
13 78 3 17.228153
13 81 0 14.437802
13 81 3 17.274615
13 85 0 14.133121
13 85 3 17.059326
13 89 0 13.910465
13 89 3 16.771010
13 93 0 13.825291
13 93 3 16.853922
13 97 0 14.621741
13 97 3 17.257311
13 101 0 13.775305
13 101 3 17.324908
13 106 0 13.239793
13 106 3 16.772137
13 111 0 13.286367
13 111 3 16.990002
13 116 0 13.150678
13 116 3 17.053192
13 121 0 12.982543
13 121 3 17.022066
13 127 0 13.139567
13 127 3 17.275261
13 133 0 12.774100
13 133 3 17.013910
13 139 0 12.936609
13 139 3 18.009657
13 145 0 12.885737
13 145 3 17.535065
13 152 0 12.468014
13 152 3 17.320890
13 159 0 12.665962
13 159 3 17.468124
13 166 0 12.608801
13 166 3 17.211871
13 174 0 12.422918
13 174 3 17.451809
13 182 0 12.496592
13 182 3 17.921791
13 191 0 12.355847
13 191 3 17.688699
13 200 0 12.313422
13 200 3 18.169559
13 210 0 12.322117
13 210 3 17.530046
13 220 0 12.354070
13 220 3 17.863144
13 231 0 12.268542
13 231 3 17.802836
13 242 0 12.150497
13 242 3 17.918107
13 254 0 12.083468
13 254 3 17.776344
13 266 0 12.054312
13 266 3 18.529093
13 279 0 12.052738
13 279 3 18.671438
13 292 0 12.013742
13 292 3 17.845314
13 306 0 11.972133
13 306 3 18.469919
13 321 0 11.969057
13 321 3 18.882724
13 337 0 11.697865
13 337 3 18.730496
13 353 0 11.804862
13 353 3 18.592673
13 370 0 12.025713
13 370 3 18.728900
13 388 0 11.934681
13 388 3 19.015884
13 407 0 12.423886
13 407 3 18.557521
13 427 0 11.717110
13 427 3 19.075067
13 448 0 11.626854
13 448 3 18.343840
13 470 0 11.711487
13 470 3 18.875514
13 493 0 11.701107
13 493 3 19.549069
13 517 0 11.793091
13 517 3 19.764819
13 542 0 11.677879
13 542 3 19.484630
13 569 0 11.615912
13 569 3 19.863127
13 597 0 11.587764
13 597 3 20.021944
13 626 0 11.671075
13 626 3 19.954149
13 657 0 11.728707
13 657 3 20.741249
13 689 0 11.647485
13 689 3 19.648422
13 723 0 11.678759
13 723 3 19.744822
13 759 0 11.625552
13 759 3 19.989697
13 796 0 11.682908
13 796 3 19.952037
13 835 0 11.801305
13 835 3 19.959354
13 876 0 11.778086
13 876 3 19.850958
13 919 0 11.932084
13 919 3 20.714210
13 964 0 12.111898
13 964 3 20.112679
13 1012 0 12.622439
13 1012 3 20.313644
13 1062 0 12.422472
13 1062 3 20.892919
13 1115 0 13.228514
13 1115 3 22.320894
13 1170 0 12.793680
13 1170 3 23.416299
13 1228 0 13.024995
13 1228 3 23.434054
13 1289 0 13.443686
13 1289 3 23.108603
13 1353 0 13.953337
13 1353 3 25.143510
13 1420 0 14.060662
13 1420 3 35.025218
13 1491 0 14.624037
13 1491 3 34.041966
13 1565 0 14.647092
13 1565 3 28.232914
13 1643 0 14.787627
13 1643 3 33.715907
13 1725 0 14.840031
13 1725 3 44.228889
13 1811 0 14.863756
13 1811 3 38.010277
13 1901 0 14.784735
13 1901 3 37.941206
13 1996 0 15.104216
13 1996 3 40.553797
14 1 3 12.148565
14 2 3 12.343189
14 3 3 24.487790
14 4 3 16.492158
14 5 0 37.445377
14 5 3 19.388963
14 6 0 36.463627
14 6 3 17.744520
14 7 0 35.030762
14 7 3 17.520953
14 8 0 34.310799
14 8 3 18.073739
14 9 0 32.703373
14 9 3 18.063374
14 10 0 31.101730
14 10 3 18.062858
14 11 0 29.968727
14 11 3 18.765528
14 12 0 27.693723
14 12 3 17.100417
14 13 0 29.136574
14 13 3 19.725893
14 14 0 26.862990
14 14 3 19.489426
14 15 0 28.501749
14 15 3 20.395550
14 16 0 26.246350
14 16 3 19.480118
14 17 0 24.871189
14 17 3 16.425522
14 18 0 24.935373
14 18 3 18.201306
14 19 0 24.650880
14 19 3 16.974543
14 20 0 23.359184
14 20 3 17.065080
14 21 0 23.535045
14 21 3 17.305634
14 22 0 22.984677
14 22 3 17.335494
14 23 0 22.380800
14 23 3 17.443553
14 24 0 21.905468
14 24 3 17.686117
14 25 0 22.142013
14 25 3 17.531971
14 26 0 21.482926
14 26 3 18.991033
14 27 0 23.758043
14 27 3 28.313049
14 28 0 21.366744
14 28 3 17.370380
14 29 0 20.992295
14 29 3 16.702865
14 30 0 20.427794
14 30 3 16.173664
14 31 0 19.803983
14 31 3 16.621410
14 32 0 19.926602
14 32 3 18.506776
14 33 0 20.164246
14 33 3 17.612643
14 34 0 19.744599
14 34 3 16.957692
14 35 0 19.582710
14 35 3 16.862650
14 36 0 19.334457
14 36 3 17.092871
14 37 0 19.320305
14 37 3 17.323122
14 38 0 18.528755
14 38 3 16.745743
14 39 0 18.871038
14 39 3 17.501751
14 40 0 18.245559
14 40 3 17.267504
14 42 0 18.360272
14 42 3 16.655043
14 44 0 17.791396
14 44 3 17.465306
14 46 0 18.004609
14 46 3 17.256777
14 48 0 17.019421
14 48 3 17.496906
14 50 0 17.076904
14 50 3 17.158535
14 52 0 17.081850
14 52 3 17.122471
14 54 0 16.570977
14 54 3 16.636205
14 56 0 16.209739
14 56 3 16.688631
14 58 0 16.335866
14 58 3 17.192212
14 60 0 16.615938
14 60 3 17.414683
14 63 0 16.987952
14 63 3 16.894733
14 66 0 16.912842
14 66 3 25.941691
14 69 0 16.649455
14 69 3 17.098819
14 72 0 15.408490
14 72 3 17.157843
14 75 0 15.552584
14 75 3 17.218763
14 78 0 15.532286
14 78 3 17.421737
14 81 0 15.523493
14 81 3 17.875283
14 85 0 15.236247
14 85 3 17.382886
14 89 0 14.990081
14 89 3 17.233847
14 93 0 14.883239
14 93 3 17.262060
14 97 0 14.940651
14 97 3 17.507726
14 101 0 15.056961
14 101 3 17.307019
14 106 0 14.680543
14 106 3 17.856269
14 111 0 14.662116
14 111 3 17.333393
14 116 0 14.795280
14 116 3 17.479841
14 121 0 14.569298
14 121 3 17.336460
14 127 0 14.673206
14 127 3 18.052421
14 133 0 14.569946
14 133 3 17.631042
14 139 0 14.672524
14 139 3 18.078909
14 145 0 14.598489
14 145 3 17.840625
14 152 0 14.348654
14 152 3 18.164239
14 159 0 14.647366
14 159 3 18.178599
14 166 0 14.375245
14 166 3 18.638532
14 174 0 14.300470
14 174 3 19.199446
14 182 0 14.383064
14 182 3 19.453760
14 191 0 14.424955
14 191 3 19.294714
14 200 0 14.214046
14 200 3 18.927507
14 210 0 14.136106
14 210 3 19.279017
14 220 0 14.256591
14 220 3 19.371845
14 231 0 14.189380
14 231 3 19.945414
14 242 0 13.832945
14 242 3 19.655547
14 254 0 13.850995
14 254 3 19.086450
14 266 0 13.698637
14 266 3 19.483767
14 279 0 13.711964
14 279 3 19.412179
14 292 0 13.580709
14 292 3 19.067085
14 306 0 13.450538
14 306 3 19.946304
14 321 0 13.704157
14 321 3 20.287676
14 337 0 13.480224
14 337 3 19.363646
14 353 0 13.500541
14 353 3 20.859112
14 370 0 13.677300
14 370 3 20.473624
14 388 0 14.024666
14 388 3 20.200258
14 407 0 13.948488
14 407 3 20.354944
14 427 0 13.217122
14 427 3 20.560857
14 448 0 13.169841
14 448 3 20.465153
14 470 0 13.138188
14 470 3 20.153250
14 493 0 13.261038
14 493 3 20.505269
14 517 0 13.232318
14 517 3 20.098007
14 542 0 13.147087
14 542 3 20.284647
14 569 0 13.081632
14 569 3 21.432156
14 597 0 13.127706
14 597 3 20.989055
14 626 0 13.411732
14 626 3 21.274054
14 657 0 13.665615
14 657 3 21.252133
14 689 0 13.367254
14 689 3 21.083082
14 723 0 13.370169
14 723 3 21.280549
14 759 0 13.824838
14 759 3 21.397752
14 796 0 14.044174
14 796 3 20.799197
14 835 0 14.480489
14 835 3 22.438770
14 876 0 14.906403
14 876 3 23.277824
14 919 0 16.168625
14 919 3 27.281377
14 964 0 15.955679
14 964 3 24.268210
14 1012 0 16.480505
14 1012 3 33.953105
15 1 3 11.672676
15 2 3 22.414697
15 3 3 22.183378
15 4 3 16.704270
15 5 0 38.203432
15 5 3 18.177060
15 6 0 37.454634
15 6 3 17.707414
15 7 0 36.585230
15 7 3 16.969803
15 8 0 35.846339
15 8 3 17.262433
15 9 0 34.555228
15 9 3 17.116314
15 10 0 32.629331
15 10 3 17.349020
15 11 0 31.176576
15 11 3 17.611932
15 12 0 31.634290
15 12 3 16.875383
15 13 0 29.580874
15 13 3 18.600884
15 14 0 27.675135
15 14 3 18.493306
15 15 0 27.363682
15 15 3 18.119382
15 16 0 26.357008
15 16 3 26.081479
15 17 0 26.091176
15 17 3 17.081627
15 18 0 25.407977
15 18 3 17.272647
15 19 0 25.272254
15 19 3 17.365989
15 20 0 24.282950
15 20 3 16.905536
15 21 0 24.526578
15 21 3 17.058836
15 22 0 23.716214
15 22 3 17.272419
15 23 0 23.253930
15 23 3 17.179756
15 24 0 22.760239
15 24 3 17.324150
15 25 0 22.695442
15 25 3 17.278534
15 26 0 22.213232
15 26 3 17.666136
15 27 0 21.495008
15 27 3 16.627497
15 28 0 21.414427
15 28 3 16.946017
15 29 0 21.197641
15 29 3 16.881136
15 30 0 21.493312
15 30 3 16.872006
15 31 0 20.947966
15 31 3 16.985386
15 32 0 20.113905
15 32 3 17.363415
15 33 0 20.881799
15 33 3 17.500774
15 34 0 20.930224
15 34 3 17.157773
15 35 0 20.853547
15 35 3 17.238375
15 36 0 20.545231
15 36 3 17.387370
15 37 0 20.505720
15 37 3 17.454049
15 38 0 20.024533
15 38 3 17.332030
15 39 0 20.395119
15 39 3 17.463355
15 40 0 19.542252
15 40 3 17.201071
15 42 0 19.622558
15 42 3 17.740082
15 44 0 19.007020
15 44 3 17.517845
15 46 0 19.112203
15 46 3 17.605984
15 48 0 17.922391
15 48 3 17.528910
15 50 0 19.056172
15 50 3 17.312618
15 52 0 18.662916
15 52 3 17.849202
15 54 0 17.586716
15 54 3 17.028479
15 56 0 17.549929
15 56 3 17.647369
15 58 0 19.569788
15 58 3 17.883041
15 60 0 18.004873
15 60 3 17.622676
15 63 0 17.620348
15 63 3 17.426456
15 66 0 17.741026
15 66 3 17.768022
15 69 0 17.433550
15 69 3 17.871627
15 72 0 17.065094
15 72 3 18.729732
15 75 0 17.163963
15 75 3 18.315109
15 78 0 17.126283
15 78 3 18.086864
15 81 0 17.303997
15 81 3 18.395503
15 85 0 17.172076
15 85 3 18.066774
15 89 0 16.876788
15 89 3 19.195034
15 93 0 16.702275
15 93 3 19.817707
15 97 0 16.716677
15 97 3 19.088402
15 101 0 16.649598
15 101 3 18.937940
15 106 0 16.469598
15 106 3 19.214345
15 111 0 16.413149
15 111 3 18.749684
15 116 0 16.415429
15 116 3 20.187227
15 121 0 16.331412
15 121 3 18.954552
15 127 0 16.321780
15 127 3 19.043995
15 133 0 16.452014
15 133 3 19.076455
15 139 0 16.107097
15 139 3 19.414992
15 145 0 16.297170
15 145 3 20.213200
15 152 0 15.876335
15 152 3 19.523296
15 159 0 15.947156
15 159 3 20.110008
15 166 0 15.916760
15 166 3 20.018473
15 174 0 15.730404
15 174 3 20.030069
15 182 0 15.867199
15 182 3 20.951348
15 191 0 15.530965
15 191 3 26.777101
15 200 0 15.703626
15 200 3 21.042124
15 210 0 15.568086
15 210 3 20.472509
15 220 0 15.362525
15 220 3 20.357369
15 231 0 15.365199
15 231 3 20.404195
15 242 0 15.160755
15 242 3 20.938043
15 254 0 15.186845
15 254 3 20.423175
15 266 0 15.317534
15 266 3 20.296340
15 279 0 15.274275
15 279 3 20.437079
15 292 0 15.000029
15 292 3 20.742936
15 306 0 14.757621
15 306 3 20.505142
15 321 0 15.040066
15 321 3 21.026299
15 337 0 14.991128
15 337 3 20.885454
15 353 0 14.662129
15 353 3 21.208441
15 370 0 14.982544
15 370 3 21.580084
15 388 0 15.041132
15 388 3 21.024026
15 407 0 16.080014
15 407 3 21.296216
15 427 0 15.385023
15 427 3 21.149221
15 448 0 14.954565
15 448 3 20.853358
15 470 0 15.306165
15 470 3 21.320708
15 493 0 16.364102
15 493 3 21.531595
16 1 3 13.488139
16 2 3 24.072172
16 3 3 18.795780
16 4 3 16.063442
16 5 0 39.216006
16 5 3 17.458802
16 6 0 39.008653
16 6 3 17.285838
16 7 0 37.697356
16 7 3 16.863549
16 8 0 36.928030
16 8 3 17.074616
16 9 0 34.995894
16 9 3 19.260498
16 10 0 33.425940
16 10 3 17.200972
16 11 0 32.359905
16 11 3 17.396376
16 12 0 30.650312
16 12 3 17.033610
16 13 0 30.304913
16 13 3 17.541422
16 14 0 28.728214
16 14 3 17.352158
16 15 0 27.615530
16 15 3 17.042955
16 16 0 25.838934
16 16 3 16.718847
16 17 0 28.116272
16 17 3 17.450932
16 18 0 26.809868
16 18 3 17.350145
16 19 0 27.206666
16 19 3 17.307428
16 20 0 26.266407
16 20 3 18.318779
16 21 0 26.226981
16 21 3 17.518709
16 22 0 25.495435
16 22 3 17.968353
16 23 0 25.630220
16 23 3 17.711771
16 24 0 24.781093
16 24 3 18.184317
16 25 0 24.904160
16 25 3 17.891364
16 26 0 24.620028
16 26 3 17.721493
16 27 0 24.172021
16 27 3 17.414849
16 28 0 23.587469
16 28 3 17.387367
16 29 0 23.834436
16 29 3 18.256534
16 30 0 23.841689
16 30 3 18.164824
16 31 0 23.527357
16 31 3 18.012479
16 32 0 21.843086
16 32 3 17.545196
16 33 0 21.917371
16 33 3 17.652459
16 34 0 22.488923
16 34 3 18.750813
16 35 0 22.734407
16 35 3 18.522081
16 36 0 21.968876
16 36 3 18.888888
16 37 0 22.509630
16 37 3 18.819022
16 38 0 22.086418
16 38 3 18.707772
16 39 0 22.228041
16 39 3 19.114841
16 40 0 21.206657
16 40 3 19.122403
16 42 0 20.576808
16 42 3 18.238862
16 44 0 20.058211
16 44 3 18.365878
16 46 0 20.151140
16 46 3 18.111867
16 48 0 19.678900
16 48 3 18.131490
16 50 0 20.268461
16 50 3 18.313307
16 52 0 20.772944
16 52 3 18.845737
16 54 0 20.218273
16 54 3 18.398621
16 56 0 19.696303
16 56 3 19.325473
16 58 0 19.968342
16 58 3 19.060081
16 60 0 20.328507
16 60 3 19.830044
16 63 0 20.053097
16 63 3 19.034130
16 66 0 20.197160
16 66 3 19.063716
16 69 0 19.435694
16 69 3 19.962697
16 72 0 19.175284
16 72 3 19.836637
16 75 0 18.981187
16 75 3 20.092977
16 78 0 18.599506
16 78 3 19.432185
16 81 0 19.034563
16 81 3 20.422000
16 85 0 19.645609
16 85 3 20.487532
16 89 0 19.234880
16 89 3 20.698670
16 93 0 18.704643
16 93 3 20.470636
16 97 0 18.516652
16 97 3 19.613881
16 101 0 18.330658
16 101 3 20.160370
16 106 0 18.240321
16 106 3 20.775145
16 111 0 18.056206
16 111 3 20.199121
16 116 0 18.010555
16 116 3 20.628908
16 121 0 17.870663
16 121 3 20.347941
16 127 0 17.992826
16 127 3 20.704611
16 133 0 17.833649
16 133 3 21.023752
16 139 0 17.487806
16 139 3 20.777635
16 145 0 17.631747
16 145 3 20.947212
16 152 0 17.162958
16 152 3 20.917121
16 159 0 17.402279
16 159 3 20.840977
16 166 0 17.226792
16 166 3 21.373913
16 174 0 17.273608
16 174 3 21.310300
16 182 0 17.075013
16 182 3 20.885171
16 191 0 17.445720
16 191 3 25.544754
16 200 0 16.845447
16 200 3 21.353002
16 210 0 16.746544
16 210 3 21.219837
16 220 0 17.091244
16 220 3 21.594243
16 231 0 17.100515
16 231 3 21.238236
16 242 0 17.156580
16 242 3 21.482355
16 254 0 17.588962
16 254 3 21.918895
