4 1 3 168.174945
4 2 3 101.692313
4 3 3 102.720957
4 4 3 85.460559
4 5 0 481.428902
4 5 3 82.320657
4 6 0 679.269562
4 6 3 140.393488
4 7 0 552.629277
4 7 3 123.156698
4 8 0 298.729657
4 8 3 67.285695
4 9 0 441.162980
4 9 3 120.715609
4 10 0 398.891217
4 10 3 118.238727
4 11 0 363.497438
4 11 3 104.613592
4 12 0 235.004856
4 12 3 62.324030
4 13 0 285.861970
4 13 3 105.389816
4 14 0 168.768694
4 14 3 56.106926
4 15 0 174.789991
4 15 3 71.534230
4 16 0 176.563383
4 16 3 77.702871
4 17 0 260.088788
4 17 3 59.592088
4 18 0 244.293971
4 18 3 55.473314
4 19 0 234.359897
4 19 3 56.682542
4 20 0 245.863019
4 20 3 73.785574
4 21 0 239.766076
4 21 3 67.082780
4 22 0 190.264850
4 22 3 52.679056
4 23 0 189.356751
4 23 3 59.108350
4 24 0 212.468462
4 24 3 68.252070
4 25 0 174.727528
4 25 3 55.695653
4 26 0 166.340650
4 26 3 59.967185
4 27 0 179.344656
4 27 3 67.202974
4 28 0 173.907454
4 28 3 74.198787
4 29 0 166.513113
4 29 3 70.395243
4 30 0 144.512996
4 30 3 57.350840
4 31 0 144.917758
4 31 3 55.709735
4 32 0 151.866810
4 32 3 69.957756
4 33 0 128.220396
4 33 3 59.148796
4 34 0 190.519384
4 34 3 80.274762
4 35 0 132.729159
4 35 3 57.263818
4 36 0 153.539063
4 36 3 57.885460
4 37 0 205.465791
4 37 3 81.105169
4 38 0 169.788273
4 38 3 78.833753
4 39 0 109.601812
4 39 3 56.275147
4 40 0 115.197004
4 40 3 55.074567
4 42 0 123.037227
4 42 3 57.562335
4 44 0 124.862051
4 44 3 52.375230
4 46 0 129.404176
4 46 3 58.721889
4 48 0 123.672884
4 48 3 55.435325
4 50 0 86.145053
4 50 3 53.111455
4 52 0 80.832116
4 52 3 50.432961
4 54 0 81.289461
4 54 3 53.777020
4 56 0 80.043077
4 56 3 53.373691
4 58 0 86.232571
4 58 3 53.271151
4 60 0 82.321591
4 60 3 49.644905
4 63 0 82.842158
4 63 3 46.761233
4 66 0 81.993972
4 66 3 47.430404
4 69 0 70.167496
4 69 3 45.874617
4 72 0 70.715856
4 72 3 46.862998
4 75 0 64.324778
4 75 3 43.214007
4 78 0 69.858705
4 78 3 42.433685
4 81 0 59.489241
4 81 3 41.045064
4 85 0 55.914541
4 85 3 38.620588
4 89 0 43.073310
4 89 3 39.130023
4 93 0 57.142081
4 93 3 36.913414
4 97 0 60.638986
4 97 3 36.922917
4 101 0 60.550423
4 101 3 38.570811
4 106 0 48.912934
4 106 3 34.951608
4 111 0 53.796756
4 111 3 33.284274
4 116 0 49.930749
4 116 3 34.467617
4 121 0 44.067642
4 121 3 33.305172
4 127 0 51.489995
4 127 3 32.833240
4 133 0 37.868975
4 133 3 32.218552
4 139 0 38.373170
4 139 3 32.147304
4 145 0 37.752917
4 145 3 28.139341
4 152 0 32.676546
4 152 3 28.953488
4 159 0 46.407881
4 159 3 28.121874
4 166 0 39.117344
4 166 3 28.882459
4 174 0 37.532062
4 174 3 27.351230
4 182 0 30.235322
4 182 3 26.609577
4 191 0 37.311035
4 191 3 26.326849
4 200 0 29.689686
4 200 3 26.147367
4 210 0 27.011201
4 210 3 25.991008
4 220 0 28.083679
4 220 3 25.572175
4 231 0 27.338480
4 231 3 24.031609
4 242 0 29.457817
4 242 3 24.245899
4 254 0 30.615182
4 254 3 23.790332
4 266 0 29.209658
4 266 3 25.091043
4 279 0 24.536388
4 279 3 22.695624
4 292 0 20.737349
4 292 3 20.184462
4 306 0 21.798453
4 306 3 19.901180
4 321 0 21.614639
4 321 3 20.096866
4 337 0 23.248619
4 337 3 21.362986
4 353 0 22.022748
4 353 3 19.112568
4 370 0 19.270867
4 370 3 19.109181
4 388 0 15.986610
4 388 3 21.664446
4 407 0 20.793192
4 407 3 19.118398
4 427 0 19.778708
4 427 3 18.355924
4 448 0 19.735208
4 448 3 17.942386
4 470 0 19.532198
4 470 3 18.707722
4 493 0 20.435511
4 493 3 20.899660
4 517 0 17.423486
4 517 3 17.797033
4 542 0 17.910487
4 542 3 17.210596
4 569 0 16.853562
4 569 3 17.429053
4 597 0 15.381034
4 597 3 17.243680
4 626 0 14.413457
4 626 3 17.041648
4 657 0 14.647838
4 657 3 16.955854
4 689 0 14.524558
4 689 3 16.313137
4 723 0 16.871306
4 723 3 18.284786
4 759 0 14.286714
4 759 3 16.787846
4 796 0 15.142458
4 796 3 16.665266
4 835 0 13.869086
4 835 3 17.043411
4 876 0 15.731459
4 876 3 18.685545
4 919 0 13.981123
4 919 3 19.641391
4 964 0 13.296163
4 964 3 16.729370
4 1012 0 13.441041
4 1012 3 18.435765
4 1062 0 13.673901
4 1062 3 19.147860
4 1115 0 13.913946
4 1115 3 17.808734
4 1170 0 13.354470
4 1170 3 17.831546
4 1228 0 13.434200
4 1228 3 18.313406
4 1289 0 12.338686
4 1289 3 15.354369
4 1353 0 13.048771
4 1353 3 18.302711
4 1420 0 12.050368
4 1420 3 15.464217
4 1491 0 12.451021
4 1491 3 17.966120
4 1565 0 11.646883
4 1565 3 15.802789
4 1643 0 12.526276
4 1643 3 17.312175
4 1725 0 11.321047
4 1725 3 14.635539
4 1811 0 11.098861
4 1811 3 15.388658
4 1901 0 11.791409
4 1901 3 19.379373
4 1996 0 10.933856
4 1996 3 14.753101
5 1 3 113.882196
5 2 3 80.940551
5 3 3 80.360898
5 4 3 66.703183
5 5 0 495.679262
5 5 3 70.814766
5 6 0 595.307878
5 6 3 90.099454
5 7 0 503.386810
5 7 3 78.835636
5 8 0 293.714639
5 8 3 59.274810
5 9 0 394.293187
5 9 3 77.449557
5 10 0 353.053417
5 10 3 73.607136
5 11 0 329.801410
5 11 3 63.591886
5 12 0 199.182263
5 12 3 57.608787
5 13 0 274.806624
5 13 3 72.422352
5 14 0 150.772298
5 14 3 52.400697
5 15 0 163.687809
5 15 3 57.938089
5 16 0 148.726026
5 16 3 61.735249
5 17 0 124.962618
5 17 3 52.291539
5 18 0 116.838163
5 18 3 54.850206
5 19 0 111.480875
5 19 3 55.638489
5 20 0 121.872708
5 20 3 57.270589
5 21 0 120.595808
5 21 3 58.647370
5 22 0 93.899073
5 22 3 52.747459
5 23 0 88.919636
5 23 3 53.134096
5 24 0 105.471972
5 24 3 61.322452
5 25 0 85.928623
5 25 3 53.186324
5 26 0 85.458860
5 26 3 54.464433
5 27 0 98.191810
5 27 3 59.086854
5 28 0 96.162282
5 28 3 62.358589
5 29 0 80.893738
5 29 3 57.504062
5 30 0 86.599211
5 30 3 51.058234
5 31 0 83.839081
5 31 3 50.547081
5 32 0 97.239253
5 32 3 54.793199
5 33 0 69.452163
5 33 3 47.670458
5 34 0 102.144083
5 34 3 58.008228
5 35 0 77.474694
5 35 3 47.273779
5 36 0 77.365596
5 36 3 47.294523
5 37 0 81.867544
5 37 3 55.057127
5 38 0 75.292090
5 38 3 54.776602
5 39 0 70.305085
5 39 3 43.312120
5 40 0 66.090080
5 40 3 42.721894
5 42 0 70.143381
5 42 3 43.008548
5 44 0 52.845686
5 44 3 40.137420
5 46 0 52.089912
5 46 3 40.802606
5 48 0 69.791387
5 48 3 38.730018
5 50 0 51.025479
5 50 3 34.900544
5 52 0 49.753836
5 52 3 33.444699
5 54 0 47.972426
5 54 3 33.192915
5 56 0 50.901261
5 56 3 34.973086
5 58 0 45.066385
5 58 3 33.650001
5 60 0 46.010258
5 60 3 31.413835
5 63 0 44.792586
5 63 3 29.341657
5 66 0 39.972845
5 66 3 29.889821
5 69 0 39.446939
5 69 3 29.723967
5 72 0 40.467202
5 72 3 31.732722
5 75 0 39.040022
5 75 3 28.407156
5 78 0 36.019687
5 78 3 27.491268
5 81 0 37.361918
5 81 3 28.003042
5 85 0 35.730200
5 85 3 27.476473
5 89 0 27.694410
5 89 3 27.175913
5 93 0 34.256956
5 93 3 24.954646
5 97 0 32.861298
5 97 3 25.737509
5 101 0 33.873399
5 101 3 28.027048
5 106 0 25.147855
5 106 3 24.342643
5 111 0 31.777091
5 111 3 23.418304
5 116 0 32.636556
5 116 3 24.773034
5 121 0 25.606636
5 121 3 24.548938
5 127 0 31.444536
5 127 3 24.213864
5 133 0 26.826528
5 133 3 24.078923
5 139 0 30.753307
5 139 3 24.510282
5 145 0 24.483103
5 145 3 20.469586
5 152 0 23.800763
5 152 3 22.060833
5 159 0 29.174478
5 159 3 22.110161
5 166 0 22.598845
5 166 3 23.111889
5 174 0 24.585789
5 174 3 22.236440
5 182 0 21.056628
5 182 3 21.268556
5 191 0 23.663442
5 191 3 21.046806
5 200 0 19.479065
5 200 3 21.378126
5 210 0 20.795165
5 210 3 21.553888
5 220 0 18.979841
5 220 3 20.056581
5 231 0 20.968198
5 231 3 19.737712
5 242 0 18.063813
5 242 3 20.032119
5 254 0 20.177107
5 254 3 19.783463
5 266 0 18.159760
5 266 3 21.188769
5 279 0 19.261871
5 279 3 18.866670
5 292 0 16.133011
5 292 3 16.828902
5 306 0 15.359063
5 306 3 17.195093
5 321 0 14.927624
5 321 3 16.853234
5 337 0 17.204589
5 337 3 18.857662
5 353 0 15.653531
5 353 3 16.445945
5 370 0 14.212699
5 370 3 16.545976
5 388 0 14.773091
5 388 3 20.736369
5 407 0 14.749592
5 407 3 16.463273
5 427 0 14.530867
5 427 3 16.424161
5 448 0 14.221290
5 448 3 16.189065
5 470 0 14.121604
5 470 3 16.327422
5 493 0 15.219757
5 493 3 18.137428
5 517 0 12.208882
5 517 3 15.765754
5 542 0 13.292218
5 542 3 16.005063
5 569 0 12.896593
5 569 3 15.629016
5 597 0 12.299597
5 597 3 15.496219
5 626 0 12.276025
5 626 3 16.037481
5 657 0 12.264528
5 657 3 15.317196
5 689 0 12.328062
5 689 3 15.306151
5 723 0 13.122098
5 723 3 18.795930
5 759 0 11.368664
5 759 3 15.721631
5 796 0 11.859602
5 796 3 15.501603
5 835 0 11.726886
5 835 3 16.065928
5 876 0 12.612854
5 876 3 17.941962
5 919 0 11.515439
5 919 3 18.937182
5 964 0 10.971421
5 964 3 15.417784
5 1012 0 11.454573
5 1012 3 18.120851
5 1062 0 11.543768
5 1062 3 17.871621
5 1115 0 11.442153
5 1115 3 17.384006
5 1170 0 11.175457
5 1170 3 21.416266
5 1228 0 11.254333
5 1228 3 23.430137
5 1289 0 10.410498
5 1289 3 19.802233
5 1353 0 11.193520
5 1353 3 25.645203
5 1420 0 10.200114
5 1420 3 20.851963
5 1491 0 10.840833
5 1491 3 23.220110
5 1565 0 10.051394
5 1565 3 20.592479
5 1643 0 10.640419
5 1643 3 25.005011
5 1725 0 9.979723
5 1725 3 19.668677
5 1811 0 9.793809
5 1811 3 21.653608
5 1901 0 10.302570
5 1901 3 22.391302
5 1996 0 9.741776
5 1996 3 19.457655
6 1 3 69.234390
6 2 3 69.128546
6 3 3 69.519010
6 4 3 55.216282
6 5 0 209.490332
6 5 3 57.898485
6 6 0 215.342603
6 6 3 68.210846
6 7 0 204.528749
6 7 3 70.173778
6 8 0 148.929963
6 8 3 55.656800
6 9 0 158.994256
6 9 3 65.503060
6 10 0 164.948822
6 10 3 62.649401
6 11 0 134.788343
6 11 3 65.105579
6 12 0 87.726761
6 12 3 53.449118
6 13 0 108.669981
6 13 3 66.367462
6 14 0 74.323601
6 14 3 52.559898
6 15 0 65.771333
6 15 3 55.203638
6 16 0 86.118429
6 16 3 52.154795
6 17 0 69.790073
6 17 3 46.243296
6 18 0 64.399194
6 18 3 44.956061
6 19 0 62.555009
6 19 3 43.266542
6 20 0 65.144400
6 20 3 43.423040
6 21 0 63.413835
6 21 3 42.501433
6 22 0 56.719576
6 22 3 38.152654
6 23 0 51.448167
6 23 3 36.340947
6 24 0 58.958232
6 24 3 38.273222
6 25 0 49.767715
6 25 3 34.113418
6 26 0 48.824422
6 26 3 35.305916
6 27 0 47.122993
6 27 3 36.812430
6 28 0 50.405743
6 28 3 38.175661
6 29 0 45.775339
6 29 3 36.744385
6 30 0 41.691355
6 30 3 32.049285
6 31 0 41.599949
6 31 3 30.799527
6 32 0 53.178396
6 32 3 34.546024
6 33 0 39.207026
6 33 3 29.687658
6 34 0 46.632686
6 34 3 34.546864
6 35 0 46.854718
6 35 3 31.776299
6 36 0 44.430982
6 36 3 31.667896
6 37 0 45.890099
6 37 3 34.803853
6 38 0 42.443051
6 38 3 34.926178
6 39 0 41.718541
6 39 3 28.774251
6 40 0 39.578048
6 40 3 28.666794
6 42 0 38.769107
6 42 3 30.259059
6 44 0 34.660166
6 44 3 27.962222
6 46 0 35.211952
6 46 3 27.991167
6 48 0 40.936883
6 48 3 27.284813
6 50 0 29.873084
6 50 3 23.652828
6 52 0 30.244198
6 52 3 23.832111
6 54 0 28.401813
6 54 3 23.591868
6 56 0 31.249234
6 56 3 25.036358
6 58 0 28.807194
6 58 3 24.503243
6 60 0 23.374086
6 60 3 22.290424
6 63 0 28.217710
6 63 3 21.384790
6 66 0 26.106599
6 66 3 21.618134
6 69 0 28.728930
6 69 3 22.124644
6 72 0 28.941870
6 72 3 24.912537
6 75 0 21.115464
6 75 3 20.724820
6 78 0 26.487784
6 78 3 20.812787
6 81 0 24.925882
6 81 3 22.013928
6 85 0 20.041102
6 85 3 22.434668
6 89 0 20.629568
6 89 3 21.264359
6 93 0 20.178348
6 93 3 19.335914
6 97 0 21.615858
6 97 3 20.848540
6 101 0 22.416613
6 101 3 22.250087
6 106 0 20.151221
6 106 3 18.773823
6 111 0 20.919970
6 111 3 18.793423
6 116 0 22.030436
6 116 3 20.564035
6 121 0 19.102301
6 121 3 20.141800
6 127 0 20.620314
6 127 3 20.205597
6 133 0 18.997730
6 133 3 19.852704
6 139 0 18.539690
6 139 3 20.249651
6 145 0 16.552243
6 145 3 17.054263
6 152 0 18.261360
6 152 3 19.284420
6 159 0 19.302337
6 159 3 19.059431
6 166 0 16.932895
6 166 3 19.904531
6 174 0 18.376199
6 174 3 19.094025
6 182 0 17.884998
6 182 3 19.312899
6 191 0 17.152485
6 191 3 18.250561
6 200 0 16.223915
6 200 3 19.401480
6 210 0 15.208250
6 210 3 19.014341
6 220 0 16.764047
6 220 3 17.333671
6 231 0 14.831896
6 231 3 18.323276
6 242 0 15.215898
6 242 3 17.510612
6 254 0 15.373153
6 254 3 18.784403
6 266 0 14.629417
6 266 3 19.022436
6 279 0 14.553854
6 279 3 17.381218
6 292 0 13.197872
6 292 3 15.795885
6 306 0 13.008758
6 306 3 16.081636
6 321 0 12.103469
6 321 3 15.916316
6 337 0 13.752133
6 337 3 18.360719
6 353 0 12.029606
6 353 3 15.081202
6 370 0 12.093181
6 370 3 15.448564
6 388 0 12.737449
6 388 3 19.086821
6 407 0 12.045642
6 407 3 15.129768
6 427 0 11.739751
6 427 3 15.168235
6 448 0 11.543153
6 448 3 15.393857
6 470 0 11.051529
6 470 3 15.156741
6 493 0 12.540297
6 493 3 17.656236
6 517 0 10.916325
6 517 3 14.777646
6 542 0 11.103577
6 542 3 15.497149
6 569 0 11.117387
6 569 3 15.752516
6 597 0 11.178836
6 597 3 18.106151
6 626 0 11.242315
6 626 3 20.139285
6 657 0 11.152759
6 657 3 19.822517
6 689 0 11.076328
6 689 3 19.711325
6 723 0 11.896552
6 723 3 24.774086
6 759 0 10.873238
6 759 3 20.741501
6 796 0 10.821823
6 796 3 21.221223
6 835 0 10.738006
6 835 3 20.888202
6 876 0 11.507074
6 876 3 24.072673
6 919 0 10.936181
6 919 3 22.613341
6 964 0 10.364863
6 964 3 19.833733
6 1012 0 10.870238
6 1012 3 23.758760
6 1062 0 11.033968
6 1062 3 23.654883
6 1115 0 10.800658
6 1115 3 24.119732
6 1170 0 10.744707
6 1170 3 23.357901
6 1228 0 10.848771
6 1228 3 26.325668
6 1289 0 9.970197
6 1289 3 19.336178
6 1353 0 10.532293
6 1353 3 22.645464
6 1420 0 9.936264
6 1420 3 20.466396
6 1491 0 10.586935
6 1491 3 23.505113
6 1565 0 9.730646
6 1565 3 20.334348
6 1643 0 10.272739
6 1643 3 23.352290
6 1725 0 9.686793
6 1725 3 19.656073
6 1811 0 9.610295
6 1811 3 21.302405
6 1901 0 9.955589
6 1901 3 21.505556
6 1996 0 9.749141
6 1996 3 19.329117
7 1 3 79.580859
7 2 3 60.984173
7 3 3 57.460739
7 4 3 57.111097
7 5 0 103.065699
7 5 3 56.784194
7 6 0 91.019860
7 6 3 59.575711
7 7 0 88.094051
7 7 3 59.014552
7 8 0 82.113127
7 8 3 49.866559
7 9 0 73.792813
7 9 3 51.693375
7 10 0 73.563186
7 10 3 48.925111
7 11 0 62.048825
7 11 3 48.561652
7 12 0 53.606176
7 12 3 39.190301
7 13 0 58.612092
7 13 3 41.492106
7 14 0 41.072452
7 14 3 32.635345
7 15 0 38.134749
7 15 3 33.005473
7 16 0 48.334204
7 16 3 32.144156
7 17 0 38.748549
7 17 3 29.298106
7 18 0 37.287868
7 18 3 29.142189
7 19 0 35.840898
7 19 3 28.473091
7 20 0 35.856363
7 20 3 28.728175
7 21 0 35.277713
7 21 3 28.633111
7 22 0 31.526176
7 22 3 25.569107
7 23 0 30.861766
7 23 3 24.693184
7 24 0 32.028444
7 24 3 26.527690
7 25 0 31.402857
7 25 3 24.018257
7 26 0 29.808205
7 26 3 24.526711
7 27 0 31.621400
7 27 3 25.574907
7 28 0 29.370848
7 28 3 25.569235
7 29 0 28.458133
7 29 3 24.835763
7 30 0 25.794733
7 30 3 22.872599
7 31 0 28.313146
7 31 3 22.421954
7 32 0 31.688717
7 32 3 23.724134
7 33 0 27.487513
7 33 3 21.442830
7 34 0 35.997517
7 34 3 28.548965
7 35 0 32.810173
7 35 3 23.760327
7 36 0 31.566931
7 36 3 23.923471
7 37 0 31.943020
7 37 3 29.007905
7 38 0 35.838738
7 38 3 29.518552
7 39 0 26.870035
7 39 3 22.178972
7 40 0 26.593096
7 40 3 21.515099
7 42 0 26.896573
7 42 3 22.912309
7 44 0 26.575080
7 44 3 21.795672
7 46 0 28.082284
7 46 3 23.010582
7 48 0 27.984832
7 48 3 22.461709
7 50 0 21.471025
7 50 3 18.333420
7 52 0 22.294303
7 52 3 19.069103
7 54 0 21.215751
7 54 3 19.385005
7 56 0 23.961581
7 56 3 20.899795
7 58 0 24.863854
7 58 3 22.500399
7 60 0 20.875206
7 60 3 17.986960
7 63 0 19.908844
7 63 3 17.368790
7 66 0 18.281754
7 66 3 17.591889
7 69 0 19.463360
7 69 3 19.039018
7 72 0 21.053625
7 72 3 20.226457
7 75 0 16.859925
7 75 3 17.113729
7 78 0 18.983954
7 78 3 19.034867
7 81 0 17.498762
7 81 3 19.057142
7 85 0 16.529524
7 85 3 19.048794
7 89 0 17.629403
7 89 3 18.202149
7 93 0 16.413574
7 93 3 16.338779
7 97 0 16.139099
7 97 3 18.113890
7 101 0 17.465121
7 101 3 18.667236
7 106 0 14.942297
7 106 3 16.162568
7 111 0 15.978132
7 111 3 16.139059
7 116 0 14.714189
7 116 3 18.362829
7 121 0 14.544683
7 121 3 18.253197
7 127 0 15.307453
7 127 3 18.598558
7 133 0 16.129899
7 133 3 18.775992
7 139 0 16.196820
7 139 3 18.252484
7 145 0 13.578746
7 145 3 15.560846
7 152 0 15.129671
7 152 3 18.729951
7 159 0 15.450123
7 159 3 17.890112
7 166 0 14.908483
7 166 3 19.936593
7 174 0 14.880407
7 174 3 18.898675
7 182 0 14.776377
7 182 3 18.195677
7 191 0 14.145636
7 191 3 17.532305
7 200 0 14.207262
7 200 3 19.390333
7 210 0 13.214646
7 210 3 17.869079
7 220 0 13.504046
7 220 3 17.077723
7 231 0 13.050199
7 231 3 18.429470
7 242 0 13.169151
7 242 3 17.578846
7 254 0 13.649548
7 254 3 19.134275
7 266 0 12.867042
7 266 3 19.107303
7 279 0 12.631190
7 279 3 17.830970
7 292 0 11.700796
7 292 3 16.456435
7 306 0 11.934800
7 306 3 19.882375
7 321 0 11.669926
7 321 3 20.893041
7 337 0 12.344860
7 337 3 23.789063
7 353 0 11.465290
7 353 3 19.496992
7 370 0 11.211073
7 370 3 19.640197
7 388 0 12.019033
7 388 3 23.435809
7 407 0 11.047630
7 407 3 19.456565
7 427 0 10.987219
7 427 3 19.875330
7 448 0 10.857618
7 448 3 20.353518
7 470 0 10.811339
7 470 3 19.648270
7 493 0 11.402916
7 493 3 22.721084
7 517 0 10.579228
7 517 3 19.582351
7 542 0 10.440279
7 542 3 20.297219
7 569 0 10.342898
7 569 3 19.551795
7 597 0 10.297975
7 597 3 19.544262
7 626 0 10.264182
7 626 3 20.395050
7 657 0 10.104445
7 657 3 19.463171
7 689 0 10.059550
7 689 3 19.335912
7 723 0 10.568755
7 723 3 21.940833
7 759 0 9.957402
7 759 3 20.937932
7 796 0 9.894421
7 796 3 21.029740
7 835 0 10.817661
7 835 3 20.417646
7 876 0 10.609824
7 876 3 21.813770
7 919 0 10.437967
7 919 3 24.623692
7 964 0 9.637836
7 964 3 19.597730
7 1012 0 10.067177
7 1012 3 22.806782
7 1062 0 9.886104
7 1062 3 22.166077
7 1115 0 9.949242
7 1115 3 21.575456
7 1170 0 9.919123
7 1170 3 21.593522
7 1228 0 9.933448
7 1228 3 22.094685
7 1289 0 9.533377
7 1289 3 19.294140
7 1353 0 9.881490
7 1353 3 22.172399
7 1420 0 9.116130
7 1420 3 19.609413
7 1491 0 9.869535
7 1491 3 23.710947
7 1565 0 9.506339
7 1565 3 19.799211
7 1643 0 9.557761
7 1643 3 23.601012
7 1725 0 8.987900
7 1725 3 19.393331
7 1811 0 9.219136
7 1811 3 19.648093
7 1901 0 9.772380
7 1901 3 21.039517
7 1996 0 9.569456
7 1996 3 19.957392
8 1 3 90.810312
8 2 3 51.633380
8 3 3 55.884719
8 4 3 50.423916
8 5 0 64.308790
8 5 3 45.218199
8 6 0 56.991450
8 6 3 39.476854
8 7 0 53.863339
8 7 3 38.466047
8 8 0 56.117863
8 8 3 32.885412
8 9 0 48.851706
8 9 3 34.000798
8 10 0 49.597133
8 10 3 32.034045
8 11 0 44.136465
8 11 3 31.951025
8 12 0 40.534874
8 12 3 27.388397
8 13 0 41.291530
8 13 3 30.548015
8 14 0 30.828690
8 14 3 22.778655
8 15 0 31.843670
8 15 3 24.394546
8 16 0 29.086998
8 16 3 23.598462
8 17 0 29.795045
8 17 3 21.367085
8 18 0 28.943201
8 18 3 21.893520
8 19 0 28.210188
8 19 3 20.213360
8 20 0 27.970838
8 20 3 22.348823
8 21 0 28.217450
8 21 3 22.522686
8 22 0 25.261613
8 22 3 19.312580
8 23 0 24.525142
8 23 3 19.368266
8 24 0 25.292179
8 24 3 20.750329
8 25 0 24.031566
8 25 3 18.773236
8 26 0 23.941398
8 26 3 18.690942
8 27 0 24.231795
8 27 3 21.108294
8 28 0 23.443907
8 28 3 20.331573
8 29 0 22.835354
8 29 3 20.235282
8 30 0 22.674831
8 30 3 19.533357
8 31 0 22.601401
8 31 3 19.744239
8 32 0 20.881603
8 32 3 20.409888
8 33 0 21.940051
8 33 3 17.513608
8 34 0 26.094278
8 34 3 23.374795
8 35 0 27.213038
8 35 3 20.765041
8 36 0 27.174728
8 36 3 20.719318
8 37 0 24.887619
8 37 3 23.770829
8 38 0 25.557254
8 38 3 24.471807
8 39 0 23.674451
8 39 3 19.350233
8 40 0 23.615149
8 40 3 21.523050
8 42 0 21.486527
8 42 3 20.614920
8 44 0 21.822581
8 44 3 19.202436
8 46 0 22.324711
8 46 3 21.007273
8 48 0 21.379771
8 48 3 18.887548
8 50 0 17.779848
8 50 3 16.395439
8 52 0 18.042252
8 52 3 16.922080
8 54 0 17.752421
8 54 3 16.520266
8 56 0 20.013097
8 56 3 18.649746
8 58 0 20.741521
8 58 3 21.129571
8 60 0 16.530290
8 60 3 15.524818
8 63 0 15.964425
8 63 3 15.388361
8 66 0 16.210925
8 66 3 15.573772
8 69 0 15.944000
8 69 3 17.796163
8 72 0 17.784630
8 72 3 18.792306
8 75 0 15.377003
8 75 3 16.087505
8 78 0 15.162561
8 78 3 16.117943
8 81 0 15.050725
8 81 3 16.494812
8 85 0 14.883442
8 85 3 17.899754
8 89 0 14.794827
8 89 3 15.393336
8 93 0 13.985555
8 93 3 15.332053
8 97 0 14.296911
8 97 3 16.796921
8 101 0 15.586113
8 101 3 19.188302
8 106 0 13.555595
8 106 3 15.230959
8 111 0 13.598048
8 111 3 14.718835
8 116 0 13.620025
8 116 3 16.702271
8 121 0 13.789929
8 121 3 16.733142
8 127 0 13.797568
8 127 3 17.256442
8 133 0 15.164166
8 133 3 18.816350
8 139 0 14.391357
8 139 3 17.986977
8 145 0 13.230721
8 145 3 16.303792
8 152 0 14.546819
8 152 3 22.027049
8 159 0 14.411153
8 159 3 23.458119
8 166 0 14.288001
8 166 3 26.108111
8 174 0 14.260255
8 174 3 25.370594
8 182 0 13.449485
8 182 3 23.136379
8 191 0 13.059844
8 191 3 23.298949
8 200 0 13.086883
8 200 3 25.830252
8 210 0 12.767259
8 210 3 23.678889
8 220 0 12.453131
8 220 3 22.726867
8 231 0 12.565808
8 231 3 25.082028
8 242 0 12.687689
8 242 3 23.547847
8 254 0 12.280133
8 254 3 25.669575
8 266 0 11.657931
8 266 3 22.955809
8 279 0 11.838745
8 279 3 22.918442
8 292 0 10.933668
8 292 3 19.400726
8 306 0 10.993278
8 306 3 20.772119
8 321 0 10.855257
8 321 3 20.988613
8 337 0 11.313197
8 337 3 22.661231
8 353 0 10.600644
8 353 3 19.524874
8 370 0 10.542685
8 370 3 19.105997
8 388 0 11.091434
8 388 3 21.883584
8 407 0 10.326876
8 407 3 19.234490
8 427 0 10.324986
8 427 3 19.692757
8 448 0 10.110652
8 448 3 19.814341
8 470 0 10.140652
8 470 3 19.507005
8 493 0 10.711952
8 493 3 23.110197
8 517 0 9.886956
8 517 3 19.419307
8 542 0 9.749635
8 542 3 19.716166
8 569 0 9.768081
8 569 3 19.505577
8 597 0 9.653228
8 597 3 19.340753
8 626 0 9.628855
8 626 3 19.781645
8 657 0 9.640919
8 657 3 19.410902
8 689 0 9.527947
8 689 3 19.260213
8 723 0 9.975426
8 723 3 22.849299
8 759 0 9.571522
8 759 3 19.934559
8 796 0 9.553784
8 796 3 20.220743
8 835 0 10.764400
8 835 3 32.915361
8 876 0 9.786452
8 876 3 24.516636
8 919 0 10.167622
8 919 3 21.210033
8 964 0 9.600150
8 964 3 19.525625
8 1012 0 9.636855
8 1012 3 20.738402
8 1062 0 9.597727
8 1062 3 23.208987
8 1115 0 9.556220
8 1115 3 22.669863
8 1170 0 9.530636
8 1170 3 21.145522
8 1228 0 9.610642
8 1228 3 21.314788
8 1289 0 9.099551
8 1289 3 19.576429
8 1353 0 9.363910
8 1353 3 21.807288
8 1420 0 8.944803
8 1420 3 19.770996
8 1491 0 9.485913
8 1491 3 21.057636
8 1565 0 8.887710
8 1565 3 19.989853
8 1643 0 9.374238
8 1643 3 23.262379
8 1725 0 10.000355
8 1725 3 19.585415
8 1811 0 8.837010
8 1811 3 19.195838
8 1901 0 9.215048
8 1901 3 20.926537
8 1996 0 9.062361
8 1996 3 20.160119
9 1 3 65.276747
9 2 3 47.976589
9 3 3 39.046172
9 4 3 32.589071
9 5 0 49.915456
9 5 3 28.804288
9 6 0 45.992584
9 6 3 26.009844
9 7 0 44.785524
9 7 3 25.988297
9 8 0 44.663531
9 8 3 25.036181
9 9 0 40.798660
9 9 3 26.658767
9 10 0 40.247812
9 10 3 25.341814
9 11 0 38.699781
9 11 3 25.355158
9 12 0 38.524808
9 12 3 22.768776
9 13 0 37.552031
9 13 3 24.300269
9 14 0 27.457459
9 14 3 17.710559
9 15 0 28.028474
9 15 3 20.240412
9 16 0 25.944356
9 16 3 20.379756
9 17 0 24.987080
9 17 3 17.079606
9 18 0 24.467153
9 18 3 17.209564
9 19 0 24.201436
9 19 3 17.536142
9 20 0 24.911549
9 20 3 18.447924
9 21 0 23.684149
9 21 3 18.765914
9 22 0 22.740480
9 22 3 16.396448
9 23 0 22.622524
9 23 3 16.853338
9 24 0 23.015180
9 24 3 18.862345
9 25 0 23.778838
9 25 3 16.512440
9 26 0 21.042778
9 26 3 16.340357
9 27 0 21.401464
9 27 3 17.685165
9 28 0 23.784648
9 28 3 17.278907
9 29 0 20.774849
9 29 3 20.447355
9 30 0 21.050648
9 30 3 18.410072
9 31 0 21.110252
9 31 3 17.380950
9 32 0 27.189841
9 32 3 18.666445
9 33 0 20.217584
9 33 3 16.410201
9 34 0 24.541802
9 34 3 20.341658
9 35 0 24.219190
9 35 3 21.055270
9 36 0 23.937088
9 36 3 20.565890
9 37 0 23.309523
9 37 3 20.254703
9 38 0 23.066267
9 38 3 20.208908
9 39 0 22.593111
9 39 3 19.032642
9 40 0 23.288541
9 40 3 23.705520
9 42 0 21.475066
9 42 3 19.356792
9 44 0 23.238034
9 44 3 18.580210
9 46 0 21.625000
9 46 3 19.634393
9 48 0 20.132052
9 48 3 18.517554
9 50 0 17.400550
9 50 3 15.180416
9 52 0 17.156510
9 52 3 15.414160
9 54 0 17.493014
9 54 3 16.105262
9 56 0 19.983591
9 56 3 18.965172
9 58 0 20.993231
9 58 3 20.222221
9 60 0 16.655381
9 60 3 14.641878
9 63 0 16.646620
9 63 3 14.917827
9 66 0 16.809674
9 66 3 14.690554
9 69 0 16.573815
9 69 3 15.638140
9 72 0 18.840842
9 72 3 20.632286
9 75 0 15.994366
9 75 3 18.769100
9 78 0 15.828658
9 78 3 19.756132
9 81 0 15.686876
9 81 3 20.003469
9 85 0 15.735083
9 85 3 22.170389
9 89 0 16.020250
9 89 3 19.665743
9 93 0 14.894986
9 93 3 20.026955
9 97 0 15.001150
9 97 3 21.842865
9 101 0 16.070884
9 101 3 23.976795
9 106 0 14.214354
9 106 3 19.482565
9 111 0 13.939507
9 111 3 19.630529
9 116 0 14.216390
9 116 3 22.383883
9 121 0 13.954372
9 121 3 22.620050
9 127 0 13.633640
9 127 3 22.639299
9 133 0 14.843241
9 133 3 23.533337
9 139 0 14.349637
9 139 3 22.952859
9 145 0 13.092267
9 145 3 19.391167
9 152 0 14.036368
9 152 3 23.074687
9 159 0 14.075731
9 159 3 22.981558
9 166 0 13.494928
9 166 3 24.625001
9 174 0 13.885487
9 174 3 24.921165
9 182 0 13.330082
9 182 3 22.279610
9 191 0 12.794448
9 191 3 21.839788
9 200 0 12.568509
9 200 3 22.968493
9 210 0 13.071351
9 210 3 23.522532
9 220 0 12.450219
9 220 3 21.029071
9 231 0 12.110891
9 231 3 22.855808
9 242 0 12.011721
9 242 3 21.986288
9 254 0 11.990132
9 254 3 22.222334
9 266 0 11.652936
9 266 3 20.880761
9 279 0 11.849531
9 279 3 21.902258
9 292 0 10.889706
9 292 3 19.681721
9 306 0 10.723203
9 306 3 20.098006
9 321 0 10.792739
9 321 3 19.816096
9 337 0 11.073092
9 337 3 22.053773
9 353 0 10.411943
9 353 3 19.265566
9 370 0 10.334011
9 370 3 19.244587
9 388 0 11.002350
9 388 3 21.968660
9 407 0 10.190610
9 407 3 19.284666
9 427 0 10.036154
9 427 3 19.351074
9 448 0 10.024232
9 448 3 20.081221
9 470 0 10.092308
9 470 3 19.328359
9 493 0 10.646839
9 493 3 21.819451
9 517 0 9.853700
9 517 3 19.344227
9 542 0 9.728169
9 542 3 19.410705
9 569 0 9.744766
9 569 3 21.725274
9 597 0 9.655278
9 597 3 19.101484
9 626 0 9.588967
9 626 3 19.469485
9 657 0 9.480857
9 657 3 19.374373
9 689 0 9.406882
9 689 3 19.320347
9 723 0 9.789639
9 723 3 21.972543
9 759 0 9.292603
9 759 3 19.502711
9 796 0 10.323082
9 796 3 19.729123
9 835 0 9.268292
9 835 3 19.756738
9 876 0 9.622762
9 876 3 24.181037
9 919 0 9.570084
9 919 3 21.068260
9 964 0 9.114402
9 964 3 19.416524
9 1012 0 9.486436
9 1012 3 23.115534
9 1062 0 9.417787
9 1062 3 22.363199
9 1115 0 9.467195
9 1115 3 21.694352
9 1170 0 9.500048
9 1170 3 21.849603
9 1228 0 9.464179
9 1228 3 21.624021
9 1289 0 9.048679
9 1289 3 19.603830
9 1353 0 9.284970
9 1353 3 22.220501
9 1420 0 8.850904
9 1420 3 19.447047
9 1491 0 9.375019
9 1491 3 24.575327
9 1565 0 8.775303
9 1565 3 21.399998
9 1643 0 9.185180
9 1643 3 21.962594
9 1725 0 8.805863
9 1725 3 19.862251
9 1811 0 8.839898
9 1811 3 19.465030
9 1901 0 9.564767
9 1901 3 23.489786
9 1996 0 9.070593
9 1996 3 21.697562
10 1 3 58.076392
10 2 3 31.393906
10 3 3 26.801388
10 4 3 24.245086
10 5 0 42.816067
10 5 3 22.019199
10 6 0 39.837522
10 6 3 20.758505
10 7 0 39.058007
10 7 3 20.127943
10 8 0 38.269172
10 8 3 20.446070
10 9 0 34.753149
10 9 3 20.259112
10 10 0 34.636798
10 10 3 19.451006
10 11 0 33.592473
10 11 3 21.069562
10 12 0 32.005958
10 12 3 19.954616
10 13 0 31.951860
10 13 3 22.546236
10 14 0 24.866591
10 14 3 16.407885
10 15 0 25.012389
10 15 3 18.458827
10 16 0 23.965231
10 16 3 18.582230
10 17 0 23.186821
10 17 3 15.714779
10 18 0 22.431656
10 18 3 15.537941
10 19 0 22.371643
10 19 3 15.514085
10 20 0 22.727523
10 20 3 16.328455
10 21 0 22.958319
10 21 3 16.721824
10 22 0 21.949585
10 22 3 15.508186
10 23 0 21.780095
10 23 3 21.049161
10 24 0 22.365554
10 24 3 17.573654
10 25 0 21.755457
10 25 3 15.190855
10 26 0 22.193935
10 26 3 14.891347
10 27 0 22.606458
10 27 3 15.807305
10 28 0 22.208712
10 28 3 15.677862
10 29 0 22.833151
10 29 3 17.959303
10 30 0 23.390215
10 30 3 21.812622
10 31 0 22.485110
10 31 3 15.768185
10 32 0 21.419344
10 32 3 28.289802
10 33 0 21.311729
10 33 3 15.199870
10 34 0 25.520650
10 34 3 19.827971
10 35 0 25.795586
10 35 3 20.832031
10 36 0 25.087032
10 36 3 21.993516
10 37 0 24.739492
10 37 3 21.372426
10 38 0 24.822745
10 38 3 24.136693
10 39 0 24.647405
10 39 3 23.834898
10 40 0 24.275551
10 40 3 32.213224
10 42 0 22.375783
10 42 3 25.683505
10 44 0 22.318327
10 44 3 25.437402
10 46 0 22.272119
10 46 3 25.885719
10 48 0 20.701298
10 48 3 24.200192
10 50 0 18.946918
10 50 3 19.503313
10 52 0 18.660549
10 52 3 22.124663
10 54 0 18.646219
10 54 3 23.185007
10 56 0 20.129714
10 56 3 24.897032
10 58 0 20.207036
10 58 3 24.792431
10 60 0 17.107053
10 60 3 19.140350
10 63 0 16.705544
10 63 3 19.118676
10 66 0 16.839123
10 66 3 19.416458
10 69 0 16.493402
10 69 3 19.808183
10 72 0 17.754333
10 72 3 23.717626
10 75 0 15.906177
10 75 3 19.897190
10 78 0 15.733050
10 78 3 19.525112
10 81 0 15.464104
10 81 3 19.286628
10 85 0 15.242368
10 85 3 21.730831
10 89 0 15.695166
10 89 3 19.398568
10 93 0 14.672568
10 93 3 19.167771
10 97 0 14.758976
10 97 3 21.578952
10 101 0 16.072329
10 101 3 22.810194
10 106 0 14.346841
10 106 3 19.235924
10 111 0 14.209539
10 111 3 19.423627
10 116 0 13.888464
10 116 3 21.415836
10 121 0 13.969716
10 121 3 21.550902
10 127 0 13.676703
10 127 3 21.570400
10 133 0 14.758084
10 133 3 23.222832
10 139 0 14.894447
10 139 3 23.145318
10 145 0 13.057376
10 145 3 19.291147
10 152 0 14.374599
10 152 3 22.533068
10 159 0 13.786269
10 159 3 20.861480
10 166 0 13.797716
10 166 3 22.852424
10 174 0 13.502948
10 174 3 22.956518
10 182 0 13.372475
10 182 3 20.892344
10 191 0 12.810149
10 191 3 21.248380
10 200 0 12.642239
10 200 3 20.791997
10 210 0 12.759684
10 210 3 22.271884
10 220 0 12.260386
10 220 3 21.841792
10 231 0 12.341082
10 231 3 20.474109
10 242 0 12.061820
10 242 3 20.384270
10 254 0 11.885930
10 254 3 21.481491
10 266 0 11.599366
10 266 3 21.020568
10 279 0 11.589601
10 279 3 20.908124
10 292 0 10.876418
10 292 3 19.221118
10 306 0 10.732169
10 306 3 19.590820
10 321 0 10.670093
10 321 3 19.611834
10 337 0 11.196049
10 337 3 22.228790
10 353 0 10.426905
10 353 3 19.443607
10 370 0 10.308923
10 370 3 19.134954
10 388 0 11.110370
10 388 3 22.569877
10 407 0 10.269233
10 407 3 19.522765
10 427 0 10.082299
10 427 3 19.207100
10 448 0 10.014307
10 448 3 19.520532
10 470 0 9.970985
10 470 3 19.462371
10 493 0 10.407618
10 493 3 21.424234
10 517 0 9.765332
10 517 3 19.528744
10 542 0 10.212035
10 542 3 19.259303
10 569 0 9.676820
10 569 3 19.468637
10 597 0 9.586558
10 597 3 19.230420
10 626 0 9.566337
10 626 3 19.607011
10 657 0 9.461558
10 657 3 19.243123
10 689 0 9.424902
10 689 3 19.556466
10 723 0 9.962212
10 723 3 22.867980
10 759 0 9.347417
10 759 3 19.920727
10 796 0 9.364674
10 796 3 19.730171
10 835 0 9.234378
10 835 3 19.840149
10 876 0 9.822932
10 876 3 22.726577
10 919 0 9.557039
10 919 3 24.046586
10 964 0 9.173767
10 964 3 19.508415
10 1012 0 9.607471
10 1012 3 22.943806
10 1062 0 9.557903
10 1062 3 21.459530
10 1115 0 9.429655
10 1115 3 21.318438
10 1170 0 9.669698
10 1170 3 20.709807
10 1228 0 9.602721
10 1228 3 22.261663
10 1289 0 8.969664
10 1289 3 19.394929
10 1353 0 9.625055
10 1353 3 23.523329
10 1420 0 9.093599
10 1420 3 20.457781
10 1491 0 9.323432
10 1491 3 20.928780
10 1565 0 9.038750
10 1565 3 19.398137
10 1643 0 9.505297
10 1643 3 21.041816
10 1725 0 9.120962
10 1725 3 19.793164
10 1811 0 9.142853
10 1811 3 20.801227
10 1901 0 10.553534
10 1901 3 29.693902
10 1996 0 9.424984
10 1996 3 22.070306
11 1 3 37.053710
11 2 3 23.698755
11 3 3 21.584969
11 4 3 20.349652
11 5 0 41.173324
11 5 3 19.733043
11 6 0 39.742972
11 6 3 18.188414
11 7 0 40.334944
11 7 3 19.299749
11 8 0 40.324645
11 8 3 19.789248
11 9 0 37.353288
11 9 3 17.627912
11 10 0 37.756919
11 10 3 17.570864
11 11 0 38.901027
11 11 3 18.444090
11 12 0 35.259553
11 12 3 19.816880
11 13 0 35.212759
11 13 3 22.452789
11 14 0 28.494788
11 14 3 15.007183
11 15 0 28.089163
11 15 3 16.786441
11 16 0 26.747402
11 16 3 17.631105
11 17 0 26.220820
11 17 3 14.417951
11 18 0 25.419482
11 18 3 16.030646
11 19 0 25.773479
11 19 3 18.443060
11 20 0 25.956650
11 20 3 21.603171
11 21 0 27.625888
11 21 3 22.038615
11 22 0 24.169619
11 22 3 20.189312
11 23 0 23.598780
11 23 3 19.439239
11 24 0 23.951848
11 24 3 22.652034
11 25 0 23.588837
11 25 3 19.417306
11 26 0 22.909169
11 26 3 19.056567
11 27 0 22.742172
11 27 3 19.382595
11 28 0 22.960876
11 28 3 19.960245
11 29 0 22.382920
11 29 3 22.831241
11 30 0 22.259630
11 30 3 20.732135
11 31 0 22.108983
11 31 3 20.043557
11 32 0 21.434164
11 32 3 22.965167
11 33 0 21.424421
11 33 3 24.567155
11 34 0 24.811479
11 34 3 25.043648
11 35 0 25.937488
11 35 3 26.508577
11 36 0 25.770557
11 36 3 26.404314
11 37 0 23.877144
11 37 3 24.938721
11 38 0 23.920051
11 38 3 25.429935
11 39 0 24.870439
11 39 3 24.871274
11 40 0 24.372247
11 40 3 29.748171
11 42 0 22.594526
11 42 3 25.290961
11 44 0 23.221010
11 44 3 25.132403
11 46 0 22.035721
11 46 3 25.996095
11 48 0 21.388297
11 48 3 23.914558
11 50 0 18.803250
11 50 3 19.350309
11 52 0 19.303100
11 52 3 23.105069
11 54 0 18.565104
11 54 3 22.483833
11 56 0 20.128926
11 56 3 22.873516
11 58 0 19.413423
11 58 3 23.089381
11 60 0 17.038016
11 60 3 19.173852
11 63 0 17.174523
11 63 3 18.715289
11 66 0 17.806428
11 66 3 19.748437
11 69 0 16.910106
11 69 3 19.298041
11 72 0 18.346904
11 72 3 22.530253
11 75 0 16.239990
11 75 3 19.555562
11 78 0 15.926969
11 78 3 19.258951
11 81 0 15.885218
11 81 3 19.349129
11 85 0 15.375433
11 85 3 20.267087
11 89 0 15.416440
11 89 3 19.198779
11 93 0 15.344252
11 93 3 19.118557
11 97 0 14.903300
11 97 3 20.192715
11 101 0 16.204678
11 101 3 21.573259
11 106 0 14.575237
11 106 3 19.236187
11 111 0 14.437586
11 111 3 19.213446
11 116 0 14.156508
11 116 3 19.415816
11 121 0 14.112534
11 121 3 20.224006
11 127 0 13.927170
11 127 3 20.083838
11 133 0 15.293576
11 133 3 23.351100
11 139 0 15.174625
11 139 3 22.800532
11 145 0 13.330979
11 145 3 19.161665
11 152 0 14.052452
11 152 3 21.784442
11 159 0 13.587839
11 159 3 20.692811
11 166 0 14.016645
11 166 3 22.322536
11 174 0 13.525905
11 174 3 22.182821
11 182 0 13.467377
11 182 3 20.404314
11 191 0 13.274195
11 191 3 20.745223
11 200 0 12.838115
11 200 3 21.216070
11 210 0 12.987380
11 210 3 21.778571
11 220 0 12.464973
11 220 3 20.855650
11 231 0 12.264701
11 231 3 20.914636
11 242 0 12.239964
11 242 3 21.224098
11 254 0 12.152578
11 254 3 21.115831
11 266 0 11.869364
11 266 3 20.896643
11 279 0 11.831250
11 279 3 21.377419
11 292 0 11.053401
11 292 3 19.408722
11 306 0 10.987974
11 306 3 19.617764
11 321 0 10.893339
11 321 3 19.579347
11 337 0 11.522358
11 337 3 22.140897
11 353 0 10.620847
11 353 3 19.388166
11 370 0 10.491179
11 370 3 19.442945
11 388 0 11.184873
11 388 3 20.451025
11 407 0 10.444672
11 407 3 19.451897
11 427 0 10.363140
11 427 3 19.225912
11 448 0 10.136660
11 448 3 20.141766
11 470 0 10.169703
11 470 3 19.551186
11 493 0 10.861971
11 493 3 23.009163
11 517 0 9.996847
11 517 3 19.503103
11 542 0 9.876413
11 542 3 19.261833
11 569 0 9.873006
11 569 3 19.570558
11 597 0 9.820137
11 597 3 19.321834
11 626 0 9.790154
11 626 3 19.377151
11 657 0 9.983912
11 657 3 19.397858
11 689 0 9.677016
11 689 3 19.672030
11 723 0 10.174248
11 723 3 22.829683
11 759 0 9.526091
11 759 3 19.784598
11 796 0 9.544558
11 796 3 20.006575
11 835 0 9.606341
11 835 3 19.782855
11 876 0 10.173350
11 876 3 23.907344
11 919 0 10.134799
11 919 3 21.091426
11 964 0 9.678095
11 964 3 20.012215
11 1012 0 10.110620
11 1012 3 21.126228
11 1062 0 10.236341
11 1062 3 21.429071
11 1115 0 9.886870
11 1115 3 23.812511
11 1170 0 10.129481
11 1170 3 22.165750
11 1228 0 10.069458
11 1228 3 21.105150
11 1289 0 9.564915
11 1289 3 20.944408
11 1353 0 10.151042
11 1353 3 23.422479
11 1420 0 9.643247
11 1420 3 20.133486
11 1491 0 11.079292
11 1491 3 22.923825
11 1565 0 9.910892
11 1565 3 20.995208
11 1643 0 11.289345
11 1643 3 28.111736
11 1725 0 9.926000
11 1725 3 23.024861
11 1811 0 10.024488
11 1811 3 23.193458
11 1901 0 12.311029
11 1901 3 32.500138
11 1996 0 10.577396
11 1996 3 24.543134
12 1 3 29.309706
12 2 3 20.495690
12 3 3 19.578930
12 4 3 18.883916
12 5 0 47.486210
12 5 3 18.679644
12 6 0 45.642920
12 6 3 17.981594
12 7 0 44.412348
12 7 3 18.549718
12 8 0 44.597954
12 8 3 19.648816
12 9 0 40.248669
12 9 3 18.951621
12 10 0 38.327932
12 10 3 22.623582
12 11 0 38.125762
12 11 3 23.140396
12 12 0 36.184769
12 12 3 24.681637
12 13 0 35.274148
12 13 3 26.635195
12 14 0 29.055690
12 14 3 19.504116
12 15 0 29.453774
12 15 3 21.768160
12 16 0 26.961404
12 16 3 22.631829
12 17 0 27.245992
12 17 3 19.190523
12 18 0 26.502070
12 18 3 18.843304
12 19 0 26.198224
12 19 3 19.287629
12 20 0 25.751570
12 20 3 21.270733
12 21 0 26.467480
12 21 3 21.382423
12 22 0 24.311303
12 22 3 19.908534
12 23 0 24.845467
12 23 3 18.802460
12 24 0 24.238343
12 24 3 22.248202
12 25 0 24.797129
12 25 3 19.558760
12 26 0 23.418586
12 26 3 19.646985
12 27 0 23.228143
12 27 3 19.674857
12 28 0 22.829386
12 28 3 19.824792
12 29 0 22.793405
12 29 3 21.569410
12 30 0 22.827008
12 30 3 20.689777
12 31 0 22.275462
12 31 3 19.480049
12 32 0 21.431922
12 32 3 21.489364
12 33 0 21.687316
12 33 3 19.897387
12 34 0 24.838678
12 34 3 22.286454
12 35 0 25.210652
12 35 3 23.774642
12 36 0 24.625669
12 36 3 23.415400
12 37 0 24.239614
12 37 3 25.188525
12 38 0 24.242096
12 38 3 23.404496
12 39 0 24.381027
12 39 3 22.054896
12 40 0 23.419072
12 40 3 25.769427
12 42 0 22.897454
12 42 3 23.688923
12 44 0 22.415192
12 44 3 22.646547
12 46 0 22.443469
12 46 3 24.376535
12 48 0 21.537141
12 48 3 22.845935
12 50 0 19.228842
12 50 3 20.153161
12 52 0 19.382501
12 52 3 21.435442
12 54 0 18.911895
12 54 3 21.060754
12 56 0 19.673956
12 56 3 21.925018
12 58 0 19.652583
12 58 3 21.444128
12 60 0 17.558441
12 60 3 18.983082
12 63 0 17.563429
12 63 3 18.861734
12 66 0 17.471764
12 66 3 19.823547
12 69 0 16.919872
12 69 3 19.176711
12 72 0 18.423392
12 72 3 22.260593
12 75 0 16.496739
12 75 3 19.639002
12 78 0 16.251307
12 78 3 19.128012
12 81 0 16.313915
12 81 3 19.277790
12 85 0 15.755736
12 85 3 19.438567
12 89 0 15.723052
12 89 3 19.123732
12 93 0 15.473774
12 93 3 19.053706
12 97 0 15.340120
12 97 3 19.515891
12 101 0 16.388459
12 101 3 21.790116
12 106 0 14.824088
12 106 3 19.131623
12 111 0 14.576516
12 111 3 18.983125
12 116 0 14.264223
12 116 3 18.833208
12 121 0 14.367404
12 121 3 19.580257
12 127 0 15.437736
12 127 3 19.546851
12 133 0 15.620523
12 133 3 21.898353
12 139 0 14.828582
12 139 3 20.883704
12 145 0 13.615589
12 145 3 19.053132
12 152 0 14.170312
12 152 3 21.087660
12 159 0 13.961054
12 159 3 20.957809
12 166 0 13.885909
12 166 3 20.958687
12 174 0 13.467947
12 174 3 21.093435
12 182 0 13.545215
12 182 3 21.224833
12 191 0 12.983232
12 191 3 20.699464
12 200 0 13.024671
12 200 3 20.470176
12 210 0 13.102422
12 210 3 20.907163
12 220 0 12.728648
12 220 3 20.760792
12 231 0 12.600885
12 231 3 22.141906
12 242 0 12.502795
12 242 3 20.670391
12 254 0 12.571176
12 254 3 21.563165
12 266 0 12.366221
12 266 3 20.275071
12 279 0 12.421480
12 279 3 20.619805
12 292 0 11.472163
12 292 3 19.700755
12 306 0 11.279836
12 306 3 19.806382
12 321 0 11.326196
12 321 3 19.447857
12 337 0 11.818244
12 337 3 20.935023
12 353 0 10.981244
12 353 3 19.445714
12 370 0 10.945207
12 370 3 19.357742
12 388 0 11.631803
12 388 3 21.662979
12 407 0 11.058190
12 407 3 19.866553
12 427 0 10.767555
12 427 3 19.552606
12 448 0 10.694803
12 448 3 20.258616
12 470 0 10.717853
12 470 3 19.653993
12 493 0 11.482738
12 493 3 21.232024
12 517 0 10.564818
12 517 3 20.176817
12 542 0 10.544818
12 542 3 19.833360
12 569 0 10.605176
12 569 3 19.813349
12 597 0 10.531472
12 597 3 20.123530
12 626 0 10.582597
12 626 3 19.831044
12 657 0 10.513520
12 657 3 20.376221
12 689 0 10.526244
12 689 3 20.520483
12 723 0 11.395533
12 723 3 22.619017
12 759 0 10.570542
12 759 3 20.384449
12 796 0 10.596583
12 796 3 20.644011
12 835 0 11.123177
12 835 3 20.738310
12 876 0 11.139182
12 876 3 22.729572
12 919 0 11.085956
12 919 3 21.593094
12 964 0 10.693010
12 964 3 21.144456
12 1012 0 11.328136
12 1012 3 22.962027
12 1062 0 11.556665
12 1062 3 25.097220
12 1115 0 11.441227
12 1115 3 23.085949
12 1170 0 11.952448
12 1170 3 22.701614
12 1228 0 13.069165
12 1228 3 26.892652
12 1289 0 11.208604
12 1289 3 21.566050
12 1353 0 13.278665
12 1353 3 30.687344
12 1420 0 11.479526
12 1420 3 23.355518
12 1491 0 14.074177
12 1491 3 35.445996
12 1565 0 11.854237
12 1565 3 25.758667
12 1643 0 14.442721
12 1643 3 40.117451
12 1725 0 12.562511
12 1725 3 27.787915
12 1811 0 12.370189
12 1811 3 33.438430
12 1901 0 16.010784
12 1901 3 50.960792
12 1996 0 12.791358
12 1996 3 34.482526
13 1 3 19.786063
13 2 3 19.562097
13 3 3 19.980488
13 4 3 19.862554
13 5 0 47.222898
13 5 3 24.847608
13 6 0 46.070772
13 6 3 23.453282
13 7 0 45.970425
13 7 3 24.412061
13 8 0 45.385787
13 8 3 25.651470
13 9 0 41.433465
13 9 3 23.475721
13 10 0 38.960046
13 10 3 22.477131
13 11 0 38.412361
13 11 3 22.368751
13 12 0 35.797171
13 12 3 22.615650
13 13 0 35.840514
13 13 3 24.361594
13 14 0 30.186378
13 14 3 19.100990
13 15 0 29.244711
13 15 3 21.168500
13 16 0 26.928722
13 16 3 21.569001
13 17 0 27.808245
13 17 3 19.197601
13 18 0 26.978153
13 18 3 19.021447
13 19 0 26.737019
13 19 3 19.158089
13 20 0 26.093793
13 20 3 19.606510
13 21 0 26.054943
13 21 3 20.088057
13 22 0 25.098301
13 22 3 19.616135
13 23 0 24.297321
13 23 3 18.929527
13 24 0 24.230753
13 24 3 20.324644
13 25 0 24.241393
13 25 3 19.078743
13 26 0 24.200999
13 26 3 19.425702
13 27 0 23.893245
13 27 3 19.261861
13 28 0 23.268142
13 28 3 19.151590
13 29 0 22.807413
13 29 3 20.226107
13 30 0 22.416486
13 30 3 19.319842
13 31 0 22.630188
13 31 3 18.956972
13 32 0 21.477167
13 32 3 20.448606
13 33 0 22.318225
13 33 3 19.058887
13 34 0 24.653502
13 34 3 21.871663
13 35 0 25.727186
13 35 3 23.331447
13 36 0 25.232573
13 36 3 22.579418
13 37 0 24.116716
13 37 3 22.980422
13 38 0 24.691398
13 38 3 22.261229
13 39 0 24.316466
13 39 3 21.978677
13 40 0 23.462945
13 40 3 23.456461
13 42 0 24.428119
13 42 3 22.369916
13 44 0 22.860255
13 44 3 22.782511
13 46 0 23.048986
13 46 3 22.889330
13 48 0 21.188352
13 48 3 22.559668
13 50 0 19.334735
13 50 3 20.263331
13 52 0 19.085939
13 52 3 19.814894
13 54 0 18.698916
13 54 3 19.861152
13 56 0 20.260652
13 56 3 21.631600
13 58 0 20.121435
13 58 3 21.056744
13 60 0 17.715597
13 60 3 18.792074
13 63 0 17.508657
13 63 3 18.865792
13 66 0 17.418270
13 66 3 19.810380
13 69 0 17.203273
13 69 3 19.005946
13 72 0 18.603471
13 72 3 21.549370
13 75 0 16.823480
13 75 3 19.527106
13 78 0 16.617439
13 78 3 19.135458
13 81 0 16.354864
13 81 3 19.082043
13 85 0 16.192970
13 85 3 18.925878
13 89 0 15.800765
13 89 3 19.247026
13 93 0 15.604476
13 93 3 19.250415
13 97 0 15.477196
13 97 3 19.371097
13 101 0 16.589520
13 101 3 21.295761
13 106 0 15.076840
13 106 3 19.272446
13 111 0 14.812226
13 111 3 19.123974
13 116 0 14.550435
13 116 3 19.130910
13 121 0 14.611121
13 121 3 19.194933
13 127 0 15.409665
13 127 3 28.005748
13 133 0 15.576528
13 133 3 22.145216
13 139 0 14.943905
13 139 3 22.235167
13 145 0 14.082630
13 145 3 19.502403
13 152 0 14.301990
13 152 3 21.102309
13 159 0 14.426252
13 159 3 20.706921
13 166 0 14.531942
13 166 3 20.926764
13 174 0 14.171345
13 174 3 21.182833
13 182 0 14.075115
13 182 3 20.960717
13 191 0 14.307106
13 191 3 20.492848
13 200 0 13.991950
13 200 3 22.044329
13 210 0 13.888904
13 210 3 21.773194
13 220 0 13.501101
13 220 3 20.325025
13 231 0 14.018852
13 231 3 21.335639
13 242 0 13.605203
13 242 3 22.423908
13 254 0 13.683893
13 254 3 23.325741
13 266 0 13.631611
13 266 3 21.044605
13 279 0 13.624442
13 279 3 21.979290
13 292 0 12.384696
13 292 3 19.942689
13 306 0 12.394536
13 306 3 20.286086
13 321 0 12.377357
13 321 3 20.149900
13 337 0 13.416944
13 337 3 24.239012
13 353 0 12.108201
13 353 3 20.260728
13 370 0 12.089172
13 370 3 20.111681
13 388 0 13.341957
13 388 3 21.685991
13 407 0 12.068857
13 407 3 20.466177
13 427 0 11.956130
13 427 3 20.414789
13 448 0 11.994518
13 448 3 20.015715
13 470 0 12.261660
13 470 3 21.119383
13 493 0 12.904697
13 493 3 23.346804
13 517 0 11.970647
13 517 3 20.598370
13 542 0 12.001615
13 542 3 20.582460
13 569 0 11.992219
13 569 3 27.951549
13 597 0 12.096620
13 597 3 20.713430
13 626 0 12.009925
13 626 3 20.417279
13 657 0 11.972156
13 657 3 21.128565
13 689 0 11.963362
13 689 3 21.058677
13 723 0 12.608132
13 723 3 23.521030
13 759 0 11.908795
13 759 3 21.110605
13 796 0 12.079316
13 796 3 21.368839
13 835 0 12.622269
13 835 3 21.394195
13 876 0 13.573355
13 876 3 23.872117
13 919 0 13.752230
13 919 3 25.023784
13 964 0 12.498177
13 964 3 21.570522
13 1012 0 15.648878
13 1012 3 23.181579
13 1062 0 16.252558
13 1062 3 36.355304
13 1115 0 16.606852
13 1115 3 34.623002
13 1170 0 17.421612
13 1170 3 33.678561
13 1228 0 19.121858
13 1228 3 44.249486
13 1289 0 14.889198
13 1289 3 29.643613
13 1353 0 20.832684
13 1353 3 51.622718
13 1420 0 15.225047
13 1420 3 33.881358
13 1491 0 23.177225
13 1491 3 56.466428
13 1565 0 15.435284
13 1565 3 37.844654
13 1643 0 24.078943
13 1643 3 63.706422
13 1725 0 16.025558
13 1725 3 40.472280
13 1811 0 16.011345
13 1811 3 43.449085
13 1901 0 26.621692
13 1901 3 74.956325
13 1996 0 16.537819
13 1996 3 44.796226
14 1 3 17.984441
14 2 3 19.144359
14 3 3 25.449561
14 4 3 25.514832
14 5 0 48.147812
14 5 3 23.349420
14 6 0 47.301427
14 6 3 24.253282
14 7 0 46.031024
14 7 3 23.655894
14 8 0 46.068112
14 8 3 23.993064
14 9 0 42.165523
14 9 3 23.386031
14 10 0 40.155137
14 10 3 21.835526
14 11 0 39.050525
14 11 3 21.877815
14 12 0 36.993030
14 12 3 22.904176
14 13 0 36.031622
14 13 3 22.443483
14 14 0 30.802714
14 14 3 19.069218
14 15 0 29.423677
14 15 3 20.246552
14 16 0 27.539818
14 16 3 20.042588
14 17 0 28.698770
14 17 3 19.166953
14 18 0 27.996803
14 18 3 19.280311
14 19 0 27.071168
14 19 3 19.246795
14 20 0 26.424534
14 20 3 19.156224
14 21 0 26.442270
14 21 3 19.707103
14 22 0 25.646688
14 22 3 19.402905
14 23 0 25.325915
14 23 3 18.910004
14 24 0 24.693077
14 24 3 19.600057
14 25 0 24.455900
14 25 3 18.967781
14 26 0 24.069191
14 26 3 19.455737
14 27 0 23.863955
14 27 3 19.028632
14 28 0 23.379817
14 28 3 19.209331
14 29 0 23.087774
14 29 3 19.338453
14 30 0 22.722490
14 30 3 19.053501
14 31 0 22.697842
14 31 3 19.104920
14 32 0 21.829251
14 32 3 19.808891
14 33 0 22.403920
14 33 3 19.036141
14 34 0 25.308617
14 34 3 22.579993
14 35 0 25.386290
14 35 3 22.909808
14 36 0 24.894281
14 36 3 22.266316
14 37 0 24.140474
14 37 3 22.068271
14 38 0 24.029794
14 38 3 22.303060
14 39 0 23.929820
14 39 3 21.761088
14 40 0 23.282304
14 40 3 22.675766
14 42 0 23.029243
14 42 3 22.227299
14 44 0 22.801926
14 44 3 22.497020
14 46 0 22.627916
14 46 3 23.075544
14 48 0 21.534311
14 48 3 22.867721
14 50 0 19.345016
14 50 3 19.244538
14 52 0 19.001074
14 52 3 19.083729
14 54 0 18.936656
14 54 3 19.108094
14 56 0 20.447239
14 56 3 22.699713
14 58 0 20.301871
14 58 3 21.917727
14 60 0 18.102548
14 60 3 19.230270
14 63 0 17.937594
14 63 3 18.874639
14 66 0 18.019812
14 66 3 19.909320
14 69 0 19.064217
14 69 3 19.287002
14 72 0 18.673694
14 72 3 21.927753
14 75 0 17.385708
14 75 3 19.342771
14 78 0 17.119490
14 78 3 19.659788
14 81 0 16.928098
14 81 3 19.092843
14 85 0 16.617594
14 85 3 19.007772
14 89 0 16.682669
14 89 3 19.354042
14 93 0 16.415400
14 93 3 19.217664
14 97 0 16.444900
14 97 3 19.056431
14 101 0 16.936310
14 101 3 20.722176
14 106 0 16.106490
14 106 3 19.473439
14 111 0 15.824038
14 111 3 19.650293
14 116 0 15.765113
14 116 3 19.356193
14 121 0 15.894278
14 121 3 19.813247
14 127 0 15.736864
14 127 3 19.807673
14 133 0 16.333585
14 133 3 21.711132
14 139 0 15.862797
14 139 3 21.124371
14 145 0 15.749229
14 145 3 20.701431
14 152 0 15.952673
14 152 3 20.653970
14 159 0 16.499845
14 159 3 21.092802
14 166 0 16.712710
14 166 3 22.820359
14 174 0 16.206001
14 174 3 22.849081
14 182 0 16.163635
14 182 3 23.034332
14 191 0 16.027749
14 191 3 21.612673
14 200 0 15.833905
14 200 3 22.366934
14 210 0 16.141240
14 210 3 21.824275
14 220 0 15.579962
14 220 3 22.077795
14 231 0 15.615454
14 231 3 23.957388
14 242 0 15.564667
14 242 3 23.135714
14 254 0 15.851943
14 254 3 22.787049
14 266 0 15.774020
14 266 3 24.785275
14 279 0 15.560343
14 279 3 23.708657
14 292 0 13.977414
14 292 3 20.752496
14 306 0 13.901320
14 306 3 20.334509
14 321 0 13.901225
14 321 3 20.660997
14 337 0 15.097568
14 337 3 23.665434
14 353 0 13.796406
14 353 3 20.566371
14 370 0 13.727146
14 370 3 20.506648
14 388 0 15.087808
14 388 3 23.835438
14 407 0 13.753024
14 407 3 21.305287
14 427 0 13.983392
14 427 3 21.394675
14 448 0 13.591303
14 448 3 21.461370
14 470 0 13.680303
14 470 3 21.219125
14 493 0 14.594721
14 493 3 24.248781
14 517 0 13.553808
14 517 3 21.750667
14 542 0 13.442048
14 542 3 21.588406
14 569 0 13.657440
14 569 3 21.389215
14 597 0 13.430812
14 597 3 21.379899
14 626 0 13.669448
14 626 3 22.161966
14 657 0 13.708336
14 657 3 21.718217
14 689 0 13.991974
14 689 3 22.006800
14 723 0 17.275076
14 723 3 24.703847
14 759 0 14.479811
14 759 3 21.761628
14 796 0 14.998799
14 796 3 22.116563
14 835 0 15.638366
14 835 3 22.058972
14 876 0 23.729215
14 876 3 39.200724
14 919 0 24.204547
14 919 3 43.069200
14 964 0 17.276089
14 964 3 30.211278
14 1012 0 28.681136
14 1012 3 51.328280
15 1 3 14.933769
15 2 3 23.836998
15 3 3 29.158706
15 4 3 23.120310
15 5 0 48.910499
15 5 3 22.525352
15 6 0 47.266096
15 6 3 22.465968
15 7 0 47.298637
15 7 3 22.378845
15 8 0 47.405899
15 8 3 22.860670
15 9 0 43.206497
15 9 3 22.439984
15 10 0 41.380147
15 10 3 21.617207
15 11 0 39.909461
15 11 3 21.771546
15 12 0 37.496217
15 12 3 21.801415
15 13 0 36.101379
15 13 3 22.663567
15 14 0 30.619066
15 14 3 18.985570
15 15 0 29.755923
15 15 3 19.301831
15 16 0 27.543592
15 16 3 19.090068
15 17 0 28.950625
15 17 3 19.270496
15 18 0 28.413945
15 18 3 19.170028
15 19 0 27.825587
15 19 3 19.135092
15 20 0 26.627086
15 20 3 19.197984
15 21 0 26.830957
15 21 3 19.314621
15 22 0 25.992492
15 22 3 19.231769
15 23 0 25.416437
15 23 3 18.946496
15 24 0 25.055663
15 24 3 19.090022
15 25 0 24.833535
15 25 3 19.057837
15 26 0 24.517863
15 26 3 19.245992
15 27 0 24.359726
15 27 3 19.155240
15 28 0 23.874046
15 28 3 19.155810
15 29 0 23.297119
15 29 3 18.937144
15 30 0 23.271561
15 30 3 19.042721
15 31 0 23.292918
15 31 3 19.428884
15 32 0 22.430538
15 32 3 19.338226
15 33 0 23.433061
15 33 3 19.284942
15 34 0 25.911264
15 34 3 21.866167
15 35 0 25.763272
15 35 3 22.100431
15 36 0 24.744677
15 36 3 22.741819
15 37 0 24.654155
15 37 3 21.269835
15 38 0 25.199365
15 38 3 22.049425
15 39 0 24.654407
15 39 3 22.544117
15 40 0 24.091135
15 40 3 22.259209
15 42 0 24.181949
15 42 3 22.970987
15 44 0 23.964035
15 44 3 21.533907
15 46 0 23.941772
15 46 3 22.909653
15 48 0 22.733846
15 48 3 22.034515
15 50 0 20.138248
15 50 3 19.016379
15 52 0 19.826484
15 52 3 19.136416
15 54 0 19.914654
15 54 3 19.385426
15 56 0 20.700643
15 56 3 21.985418
15 58 0 20.327558
15 58 3 20.932338
15 60 0 19.256164
15 60 3 19.482847
15 63 0 19.132309
15 63 3 19.206777
15 66 0 19.406714
15 66 3 20.512154
15 69 0 19.109254
15 69 3 19.509772
15 72 0 19.525910
15 72 3 21.491780
15 75 0 18.760453
15 75 3 19.895758
15 78 0 18.589534
15 78 3 19.729786
15 81 0 18.859995
15 81 3 19.972575
15 85 0 18.483747
15 85 3 19.939186
15 89 0 18.468312
15 89 3 20.482847
15 93 0 18.071101
15 93 3 20.542108
15 97 0 18.059192
15 97 3 20.525604
15 101 0 18.970334
15 101 3 23.045329
15 106 0 17.794269
15 106 3 20.120528
15 111 0 17.484000
15 111 3 21.208829
15 116 0 17.433973
15 116 3 20.172486
15 121 0 17.698484
15 121 3 21.268911
15 127 0 18.197787
15 127 3 20.643813
15 133 0 18.636877
15 133 3 23.658212
15 139 0 18.345075
15 139 3 24.038663
15 145 0 16.900957
15 145 3 21.310236
15 152 0 18.403977
15 152 3 23.089865
15 159 0 18.156559
15 159 3 23.895004
15 166 0 18.356082
15 166 3 26.971622
15 174 0 18.168999
15 174 3 26.808224
15 182 0 18.174537
15 182 3 23.897706
15 191 0 17.748147
15 191 3 24.539698
15 200 0 17.545908
15 200 3 22.838208
15 210 0 17.820947
15 210 3 24.279055
15 220 0 17.493076
15 220 3 25.554810
15 231 0 17.418591
15 231 3 23.994407
15 242 0 17.120066
15 242 3 23.805154
15 254 0 17.385080
15 254 3 24.614151
15 266 0 16.843231
15 266 3 24.790328
15 279 0 17.133370
15 279 3 25.629490
15 292 0 15.244275
15 292 3 21.042390
15 306 0 15.236332
15 306 3 21.499970
15 321 0 15.160139
15 321 3 21.269262
15 337 0 16.231898
15 337 3 23.988358
15 353 0 15.024623
15 353 3 21.374613
15 370 0 14.936498
15 370 3 21.814330
15 388 0 17.100626
15 388 3 23.629257
15 407 0 15.423798
15 407 3 22.155174
15 427 0 15.519375
15 427 3 21.925660
15 448 0 15.800979
15 448 3 22.056271
15 470 0 16.428101
15 470 3 22.054347
15 493 0 22.187809
15 493 3 27.156329
16 1 3 15.276541
16 2 3 22.230180
16 3 3 29.014702
16 4 3 22.368940
16 5 0 49.036451
16 5 3 21.808394
16 6 0 48.634702
16 6 3 21.610383
16 7 0 47.547516
16 7 3 22.851994
16 8 0 48.509922
16 8 3 22.873992
16 9 0 44.454856
16 9 3 22.669649
16 10 0 41.839948
16 10 3 21.603236
16 11 0 40.178061
16 11 3 21.989315
16 12 0 38.350297
16 12 3 21.697551
16 13 0 36.809910
16 13 3 21.582494
16 14 0 31.493377
16 14 3 18.934143
16 15 0 30.543625
16 15 3 18.848852
16 16 0 28.702823
16 16 3 18.977905
16 17 0 30.114311
16 17 3 19.426101
16 18 0 29.738961
16 18 3 19.380574
16 19 0 29.136114
16 19 3 19.437974
16 20 0 28.023328
16 20 3 19.776513
16 21 0 28.238459
16 21 3 19.632817
16 22 0 27.540332
16 22 3 19.766667
16 23 0 26.889455
16 23 3 19.471540
16 24 0 26.508681
16 24 3 19.344080
16 25 0 26.496808
16 25 3 19.635942
16 26 0 26.397116
16 26 3 20.024180
16 27 0 26.009551
16 27 3 20.006698
16 28 0 25.685450
16 28 3 19.978058
16 29 0 25.170356
16 29 3 19.703447
16 30 0 25.353413
16 30 3 19.357914
16 31 0 25.289240
16 31 3 19.594760
16 32 0 25.267143
16 32 3 20.320008
16 33 0 24.664408
16 33 3 19.722993
16 34 0 27.260789
16 34 3 22.909776
16 35 0 29.237976
16 35 3 23.970461
16 36 0 28.334758
16 36 3 23.762972
16 37 0 27.282837
16 37 3 23.469224
16 38 0 27.131460
16 38 3 23.756495
16 39 0 27.079562
16 39 3 22.303704
16 40 0 25.745910
16 40 3 22.644673
16 42 0 25.480691
16 42 3 23.690520
16 44 0 25.134797
16 44 3 23.226093
16 46 0 24.834984
16 46 3 25.330424
16 48 0 23.601591
16 48 3 22.914924
16 50 0 22.342928
16 50 3 19.919664
16 52 0 21.967272
16 52 3 20.116716
16 54 0 21.784384
16 54 3 20.056271
16 56 0 22.754600
16 56 3 21.222364
16 58 0 23.196387
16 58 3 20.950032
16 60 0 21.236795
16 60 3 20.775149
16 63 0 21.154530
16 63 3 20.606778
16 66 0 21.282086
16 66 3 20.750717
16 69 0 20.819515
16 69 3 21.070685
16 72 0 22.545645
16 72 3 23.624198
16 75 0 20.613051
16 75 3 20.878424
16 78 0 20.345312
16 78 3 21.505888
16 81 0 20.252724
16 81 3 20.839432
16 85 0 19.735945
16 85 3 21.449415
16 89 0 19.804286
16 89 3 21.973260
16 93 0 19.373207
16 93 3 21.468142
16 97 0 19.367740
16 97 3 21.264055
16 101 0 21.110761
16 101 3 23.842237
16 106 0 19.083629
16 106 3 21.607955
16 111 0 18.783398
16 111 3 21.071755
16 116 0 18.492538
16 116 3 20.965853
16 121 0 18.575279
16 121 3 21.993076
16 127 0 18.715500
16 127 3 21.720050
16 133 0 20.820137
16 133 3 24.437449
16 139 0 20.019768
16 139 3 26.356622
16 145 0 17.941033
16 145 3 21.399023
16 152 0 19.959161
16 152 3 25.529472
16 159 0 20.369134
16 159 3 25.356888
16 166 0 19.994699
16 166 3 25.802546
16 174 0 19.626940
16 174 3 26.394770
16 182 0 19.442941
16 182 3 25.163936
16 191 0 18.770617
16 191 3 24.368216
16 200 0 18.590602
16 200 3 25.460471
16 210 0 19.149604
16 210 3 24.778762
16 220 0 18.771485
16 220 3 24.932863
16 231 0 19.409167
16 231 3 26.122725
16 242 0 20.607974
16 242 3 24.937865
16 254 0 20.948479
16 254 3 27.308629
