4 2 3 166.939252
4 3 3 140.049619
4 4 3 113.442411
4 5 0 536.005704
4 5 3 90.240637
4 6 0 420.685499
4 6 3 91.144498
4 7 0 372.004140
4 7 3 83.564435
4 8 0 331.500789
4 8 3 82.786527
4 9 0 321.471157
4 9 3 83.774014
4 10 0 301.446199
4 10 3 86.323178
4 11 0 284.827110
4 11 3 87.222598
4 12 0 266.774907
4 12 3 83.667138
4 13 0 247.136861
4 13 3 80.225414
4 14 0 227.615162
4 14 3 69.028477
4 15 0 216.751347
4 15 3 76.649748
4 16 0 196.091654
4 16 3 69.508773
4 17 0 330.130449
4 17 3 78.356743
4 18 0 296.080033
4 18 3 73.699006
4 19 0 288.568779
4 19 3 71.021935
4 20 0 265.193703
4 20 3 75.290589
4 21 0 232.463152
4 21 3 82.793665
4 22 0 232.280450
4 22 3 86.444187
4 23 0 235.981373
4 23 3 71.053647
4 24 0 232.733810
4 24 3 69.403084
4 25 0 216.911870
4 25 3 67.686226
4 26 0 216.829306
4 26 3 71.254223
4 27 0 197.084434
4 27 3 70.583735
4 28 0 198.194177
4 28 3 69.343616
4 29 0 197.611165
4 29 3 68.865290
4 30 0 186.609723
4 30 3 63.704421
4 31 0 174.257598
4 31 3 66.591498
4 32 0 176.698122
4 32 3 71.053580
4 33 0 164.336841
4 33 3 70.441644
4 34 0 149.389827
4 34 3 68.552194
4 35 0 148.136080
4 35 3 67.790172
4 36 0 147.455235
4 36 3 68.059867
4 37 0 146.401806
4 37 3 75.048382
4 38 0 140.174977
4 38 3 76.128938
4 39 0 133.710810
4 39 3 70.979787
4 40 0 136.719636
4 40 3 69.572335
4 42 0 131.864780
4 42 3 68.796854
4 44 0 149.289068
4 44 3 69.844620
4 46 0 136.160999
4 46 3 68.426539
4 48 0 136.680854
4 48 3 68.511591
4 50 0 105.075149
4 50 3 67.933707
4 52 0 100.884743
4 52 3 67.384005
4 54 0 97.386948
4 54 3 68.923566
4 56 0 94.600545
4 56 3 67.421810
4 58 0 96.863733
4 58 3 62.873677
4 60 0 103.356210
4 60 3 64.000478
4 63 0 102.832162
4 63 3 59.519928
4 66 0 94.853536
4 66 3 56.008948
4 69 0 84.360007
4 69 3 57.107451
4 72 0 85.300167
4 72 3 52.714256
4 75 0 80.196436
4 75 3 52.727636
4 78 0 87.516191
4 78 3 51.781679
4 81 0 66.895744
4 81 3 48.461499
4 85 0 69.617673
4 85 3 47.993495
4 89 0 53.184751
4 89 3 45.715053
4 93 0 68.726549
4 93 3 45.188061
4 97 0 66.480732
4 97 3 43.412210
4 101 0 63.028535
4 101 3 42.445024
4 106 0 61.079842
4 106 3 41.612130
4 111 0 65.270571
4 111 3 39.530012
4 116 0 53.243121
4 116 3 37.538334
4 121 0 48.020815
4 121 3 36.892700
4 127 0 55.051303
4 127 3 35.816830
4 133 0 42.845256
4 133 3 36.118204
4 139 0 45.879700
4 139 3 35.333336
4 145 0 45.513753
4 145 3 34.095810
4 152 0 38.934239
4 152 3 31.876815
4 159 0 48.081964
4 159 3 33.439072
4 166 0 41.403229
4 166 3 30.501885
4 174 0 41.538143
4 174 3 29.893119
4 182 0 32.749940
4 182 3 29.354402
4 191 0 41.684506
4 191 3 29.346975
4 200 0 33.520103
4 200 3 27.618087
4 210 0 29.518712
4 210 3 27.334932
4 220 0 31.489505
4 220 3 27.569149
4 231 0 30.665747
4 231 3 26.666923
4 242 0 31.538197
4 242 3 25.821747
4 254 0 33.096063
4 254 3 24.552516
4 266 0 28.863967
4 266 3 24.513138
4 279 0 27.432170
4 279 3 24.097148
4 292 0 23.692594
4 292 3 23.786920
4 306 0 24.533035
4 306 3 23.256380
4 321 0 25.242459
4 321 3 22.996066
4 337 0 24.921527
4 337 3 22.219932
4 353 0 24.509462
4 353 3 21.661633
4 370 0 21.827665
4 370 3 21.745652
4 388 0 18.342909
4 388 3 21.489957
4 407 0 22.979386
4 407 3 20.486595
4 427 0 22.615388
4 427 3 21.076120
4 448 0 22.131160
4 448 3 19.702937
4 470 0 21.511160
4 470 3 19.863199
4 493 0 21.336747
4 493 3 19.631602
4 517 0 19.501593
4 517 3 19.137683
4 542 0 20.145751
4 542 3 19.701050
4 569 0 18.910723
4 569 3 18.970922
4 597 0 15.988377
4 597 3 19.414530
4 626 0 16.021900
4 626 3 18.855479
4 657 0 16.107562
4 657 3 18.169461
4 689 0 15.962437
4 689 3 18.042881
4 723 0 16.897244
4 723 3 18.630577
4 759 0 15.857106
4 759 3 17.641440
4 796 0 16.121591
4 796 3 17.399951
4 835 0 14.865222
4 835 3 17.522151
4 876 0 15.504117
4 876 3 17.613550
4 919 0 14.444941
4 919 3 17.657727
4 964 0 14.597574
4 964 3 17.251952
4 1012 0 14.021909
4 1012 3 17.652668
4 1062 0 14.015625
4 1062 3 18.009507
4 1115 0 13.896486
4 1115 3 17.017520
4 1170 0 13.487006
4 1170 3 16.466451
4 1228 0 13.391148
4 1228 3 16.455302
4 1289 0 13.253888
4 1289 3 16.762851
4 1353 0 12.983095
4 1353 3 16.657265
4 1420 0 12.832223
4 1420 3 16.693505
4 1491 0 12.811533
4 1491 3 16.611330
4 1565 0 12.398370
4 1565 3 16.156255
4 1643 0 12.145548
4 1643 3 15.851261
4 1725 0 11.915707
4 1725 3 16.063582
4 1811 0 11.742205
4 1811 3 16.056696
4 1901 0 11.712564
4 1901 3 16.238367
4 1996 0 11.413284
4 1996 3 15.884070
5 1 3 164.749271
5 2 3 98.756540
5 3 3 85.760376
5 4 3 80.032434
5 5 0 462.051933
5 5 3 80.079113
5 6 0 492.244926
5 6 3 82.080863
5 7 0 377.410814
5 7 3 67.602803
5 8 0 331.535263
5 8 3 70.716020
5 9 0 296.247323
5 9 3 70.716864
5 10 0 273.578733
5 10 3 73.888635
5 11 0 257.842203
5 11 3 74.341367
5 12 0 226.917607
5 12 3 71.007702
5 13 0 205.901436
5 13 3 71.494724
5 14 0 190.937357
5 14 3 68.282394
5 15 0 178.687419
5 15 3 67.379279
5 16 0 169.222327
5 16 3 70.380165
5 17 0 162.830076
5 17 3 71.593744
5 18 0 146.493578
5 18 3 66.252440
5 19 0 135.441423
5 19 3 69.095911
5 20 0 130.755591
5 20 3 68.199771
5 21 0 121.588095
5 21 3 66.609942
5 22 0 120.386564
5 22 3 70.254102
5 23 0 112.413582
5 23 3 65.363440
5 24 0 106.744413
5 24 3 67.451527
5 25 0 114.192689
5 25 3 69.152158
5 26 0 109.082246
5 26 3 67.354777
5 27 0 106.094340
5 27 3 69.180605
5 28 0 103.241030
5 28 3 69.480696
5 29 0 107.578808
5 29 3 66.688056
5 30 0 103.263131
5 30 3 61.339777
5 31 0 104.798631
5 31 3 61.203939
5 32 0 102.992192
5 32 3 58.642941
5 33 0 81.539336
5 33 3 59.518519
5 34 0 79.322196
5 34 3 55.947601
5 35 0 78.358499
5 35 3 55.957549
5 36 0 76.983732
5 36 3 55.506499
5 37 0 75.492303
5 37 3 59.277177
5 38 0 73.212963
5 38 3 54.583737
5 39 0 76.169235
5 39 3 53.123398
5 40 0 68.857770
5 40 3 50.122326
5 42 0 76.501510
5 42 3 49.957111
5 44 0 59.276325
5 44 3 49.077024
5 46 0 59.613846
5 46 3 45.933065
5 48 0 76.090575
5 48 3 47.716852
5 50 0 63.365574
5 50 3 43.186039
5 52 0 58.259614
5 52 3 41.662112
5 54 0 57.718064
5 54 3 40.555744
5 56 0 54.772780
5 56 3 39.553829
5 58 0 52.781930
5 58 3 38.470557
5 60 0 56.063450
5 60 3 38.705319
5 63 0 54.381692
5 63 3 35.591968
5 66 0 46.683314
5 66 3 35.057634
5 69 0 48.379742
5 69 3 36.145123
5 72 0 44.030792
5 72 3 32.468919
5 75 0 48.227572
5 75 3 33.677472
5 78 0 40.232415
5 78 3 32.256667
5 81 0 41.396958
5 81 3 31.434933
5 85 0 41.249748
5 85 3 30.436513
5 89 0 33.548042
5 89 3 29.272656
5 93 0 41.133799
5 93 3 28.967312
5 97 0 35.732467
5 97 3 28.268896
5 101 0 34.291978
5 101 3 28.066123
5 106 0 28.921477
5 106 3 28.841412
5 111 0 36.706262
5 111 3 27.252153
5 116 0 34.170042
5 116 3 25.506712
5 121 0 29.310914
5 121 3 24.872061
5 127 0 33.364831
5 127 3 24.709451
5 133 0 28.325312
5 133 3 25.310614
5 139 0 30.691997
5 139 3 25.032846
5 145 0 28.576061
5 145 3 24.284675
5 152 0 26.648931
5 152 3 22.260460
5 159 0 28.405210
5 159 3 23.407211
5 166 0 23.320995
5 166 3 22.820041
5 174 0 26.298094
5 174 3 21.950402
5 182 0 21.291914
5 182 3 21.801269
5 191 0 25.281936
5 191 3 22.368018
5 200 0 21.092960
5 200 3 20.824216
5 210 0 21.451398
5 210 3 21.082889
5 220 0 20.183974
5 220 3 21.077522
5 231 0 21.841160
5 231 3 20.304064
5 242 0 19.112698
5 242 3 19.678892
5 254 0 21.670606
5 254 3 19.583573
5 266 0 18.610742
5 266 3 23.572284
5 279 0 19.942196
5 279 3 19.162572
5 292 0 18.194771
5 292 3 19.113800
5 306 0 16.789369
5 306 3 18.453203
5 321 0 15.893373
5 321 3 18.477637
5 337 0 17.228159
5 337 3 18.095165
5 353 0 17.064068
5 353 3 17.622522
5 370 0 14.730142
5 370 3 18.051825
5 388 0 15.419242
5 388 3 17.967056
5 407 0 16.064023
5 407 3 17.122448
5 427 0 16.194488
5 427 3 18.337679
5 448 0 15.335399
5 448 3 16.810692
5 470 0 15.171272
5 470 3 16.952083
5 493 0 14.910279
5 493 3 17.467092
5 517 0 13.091940
5 517 3 16.866213
5 542 0 14.317906
5 542 3 16.980880
5 569 0 13.620334
5 569 3 16.407178
5 597 0 13.110949
5 597 3 16.648853
5 626 0 13.147612
5 626 3 16.904472
5 657 0 12.881391
5 657 3 16.038687
5 689 0 12.879755
5 689 3 16.004630
5 723 0 12.744215
5 723 3 16.507037
5 759 0 11.629469
5 759 3 15.954174
5 796 0 12.263746
5 796 3 16.052008
5 835 0 12.199325
5 835 3 15.843327
5 876 0 12.007952
5 876 3 15.894980
5 919 0 11.488750
5 919 3 15.952092
5 964 0 11.526423
5 964 3 15.796847
5 1012 0 11.309965
5 1012 3 16.119927
5 1062 0 11.098779
5 1062 3 16.018684
5 1115 0 11.108106
5 1115 3 16.118384
5 1170 0 10.831231
5 1170 3 17.436128
5 1228 0 10.848691
5 1228 3 19.225987
5 1289 0 10.846283
5 1289 3 19.521825
5 1353 0 10.733600
5 1353 3 19.017426
5 1420 0 10.547305
5 1420 3 19.036661
5 1491 0 10.592640
5 1491 3 19.310883
5 1565 0 10.381594
5 1565 3 18.332849
5 1643 0 10.241851
5 1643 3 18.322913
5 1725 0 10.131723
5 1725 3 19.285198
5 1811 0 10.086787
5 1811 3 18.683802
5 1901 0 10.073142
5 1901 3 19.056244
5 1996 0 9.981143
5 1996 3 18.699308
6 1 3 109.061237
6 2 3 75.761210
6 3 3 85.293000
6 4 3 73.038353
6 5 0 227.706610
6 5 3 70.073519
6 6 0 193.310833
6 6 3 71.881917
6 7 0 159.485746
6 7 3 66.106711
6 8 0 143.414769
6 8 3 70.155646
6 9 0 130.272174
6 9 3 65.457347
6 10 0 124.014708
6 10 3 69.129167
6 11 0 108.341907
6 11 3 68.150877
6 12 0 94.838843
6 12 3 65.893012
6 13 0 98.069933
6 13 3 67.940363
6 14 0 94.297213
6 14 3 68.502084
6 15 0 83.884870
6 15 3 63.589049
6 16 0 99.245137
6 16 3 60.237610
6 17 0 81.433865
6 17 3 58.713542
6 18 0 76.055242
6 18 3 53.608281
6 19 0 76.917877
6 19 3 54.363306
6 20 0 73.171550
6 20 3 52.483792
6 21 0 66.887613
6 21 3 48.634334
6 22 0 64.872024
6 22 3 48.404610
6 23 0 61.790580
6 23 3 46.359881
6 24 0 61.383404
6 24 3 43.434503
6 25 0 64.834626
6 25 3 45.109626
6 26 0 58.441507
6 26 3 40.562000
6 27 0 55.115873
6 27 3 40.878179
6 28 0 54.693679
6 28 3 40.935416
6 29 0 48.319335
6 29 3 39.577134
6 30 0 48.416371
6 30 3 36.239667
6 31 0 47.030688
6 31 3 36.490308
6 32 0 56.842611
6 32 3 34.772840
6 33 0 47.943856
6 33 3 35.421621
6 34 0 44.395743
6 34 3 34.338008
6 35 0 45.791660
6 35 3 35.332668
6 36 0 45.121471
6 36 3 34.923096
6 37 0 46.527793
6 37 3 36.338138
6 38 0 44.375054
6 38 3 34.179106
6 39 0 44.428787
6 39 3 33.043367
6 40 0 40.997732
6 40 3 32.181267
6 42 0 41.732667
6 42 3 32.878463
6 44 0 36.877875
6 44 3 30.928441
6 46 0 38.506124
6 46 3 29.584221
6 48 0 42.086932
6 48 3 30.056290
6 50 0 36.355905
6 50 3 28.193082
6 52 0 34.549659
6 52 3 27.754595
6 54 0 33.307790
6 54 3 27.013029
6 56 0 31.338952
6 56 3 27.201537
6 58 0 28.604546
6 58 3 26.041884
6 60 0 25.968435
6 60 3 26.364842
6 63 0 33.507662
6 63 3 24.391353
6 66 0 29.720756
6 66 3 24.174202
6 69 0 31.325283
6 69 3 25.066932
6 72 0 29.015933
6 72 3 23.317997
6 75 0 24.040115
6 75 3 23.235912
6 78 0 28.213808
6 78 3 23.540406
6 81 0 25.996998
6 81 3 22.777260
6 85 0 23.379938
6 85 3 22.919233
6 89 0 25.621443
6 89 3 22.453202
6 93 0 21.713804
6 93 3 21.939971
6 97 0 22.660646
6 97 3 20.805998
6 101 0 22.205003
6 101 3 21.370932
6 106 0 22.805317
6 106 3 21.366118
6 111 0 23.533064
6 111 3 20.488585
6 116 0 22.757665
6 116 3 19.440804
6 121 0 20.428677
6 121 3 19.435542
6 127 0 21.541039
6 127 3 19.465408
6 133 0 19.087857
6 133 3 20.656582
6 139 0 18.580221
6 139 3 19.900232
6 145 0 18.251069
6 145 3 19.107459
6 152 0 17.195402
6 152 3 18.531761
6 159 0 18.988471
6 159 3 18.726167
6 166 0 16.755325
6 166 3 18.674675
6 174 0 17.847007
6 174 3 17.992373
6 182 0 17.272788
6 182 3 18.452133
6 191 0 17.479559
6 191 3 18.664980
6 200 0 16.511120
6 200 3 17.541204
6 210 0 15.009944
6 210 3 17.563508
6 220 0 16.210767
6 220 3 17.787508
6 231 0 15.076793
6 231 3 25.388704
6 242 0 14.370173
6 242 3 17.119469
6 254 0 15.114004
6 254 3 17.010394
6 266 0 13.675565
6 266 3 16.775827
6 279 0 14.550229
6 279 3 16.482463
6 292 0 14.234425
6 292 3 16.613609
6 306 0 13.743265
6 306 3 16.360862
6 321 0 13.034461
6 321 3 16.372780
6 337 0 12.678108
6 337 3 16.163942
6 353 0 12.780397
6 353 3 15.742983
6 370 0 12.842566
6 370 3 16.227311
6 388 0 12.600983
6 388 3 16.136484
6 407 0 12.322741
6 407 3 15.565527
6 427 0 12.418876
6 427 3 16.353477
6 448 0 11.978649
6 448 3 15.373897
6 470 0 11.422478
6 470 3 15.601003
6 493 0 11.795098
6 493 3 15.734159
6 517 0 11.160175
6 517 3 15.657587
6 542 0 11.600161
6 542 3 15.938440
6 569 0 11.436476
6 569 3 16.421316
6 597 0 11.399225
6 597 3 18.119104
6 626 0 11.350728
6 626 3 19.490558
6 657 0 11.675037
6 657 3 18.458472
6 689 0 11.134350
6 689 3 18.888205
6 723 0 11.148489
6 723 3 19.491250
6 759 0 10.921205
6 759 3 18.777189
6 796 0 10.727057
6 796 3 18.214100
6 835 0 10.806891
6 835 3 19.094679
6 876 0 10.681066
6 876 3 18.956653
6 919 0 10.459106
6 919 3 19.123019
6 964 0 10.371114
6 964 3 18.882082
6 1012 0 10.408958
6 1012 3 18.978858
6 1062 0 10.164216
6 1062 3 18.814937
6 1115 0 10.211098
6 1115 3 18.672129
6 1170 0 10.088152
6 1170 3 18.041609
6 1228 0 10.073872
6 1228 3 18.708241
6 1289 0 10.023621
6 1289 3 19.009744
6 1353 0 9.883920
6 1353 3 18.549225
6 1420 0 9.800534
6 1420 3 18.919139
6 1491 0 9.880771
6 1491 3 18.642232
6 1565 0 9.767770
6 1565 3 17.902315
6 1643 0 9.698857
6 1643 3 18.247011
6 1725 0 9.625839
6 1725 3 18.544998
6 1811 0 9.588647
6 1811 3 18.462533
6 1901 0 9.536720
6 1901 3 18.711315
6 1996 0 9.623088
6 1996 3 18.753840
7 1 3 61.884870
7 2 3 76.708020
7 3 3 72.595174
7 4 3 71.192647
7 5 0 105.417452
7 5 3 64.122012
7 6 0 91.842412
7 6 3 65.189826
7 7 0 81.084562
7 7 3 65.624060
7 8 0 75.162836
7 8 3 60.181873
7 9 0 68.957463
7 9 3 54.832384
7 10 0 65.817626
7 10 3 51.589574
7 11 0 61.525572
7 11 3 48.145694
7 12 0 55.121222
7 12 3 43.606747
7 13 0 51.573342
7 13 3 41.232124
7 14 0 48.887725
7 14 3 40.703881
7 15 0 43.992771
7 15 3 39.216087
7 16 0 53.367680
7 16 3 35.422882
7 17 0 43.550147
7 17 3 36.273033
7 18 0 41.205059
7 18 3 33.195300
7 19 0 41.321821
7 19 3 34.905498
7 20 0 39.519711
7 20 3 33.241906
7 21 0 37.173344
7 21 3 31.404144
7 22 0 36.482746
7 22 3 31.282296
7 23 0 34.472358
7 23 3 29.315216
7 24 0 34.118584
7 24 3 30.540139
7 25 0 36.499125
7 25 3 29.053782
7 26 0 32.918185
7 26 3 27.983884
7 27 0 34.775008
7 27 3 27.080969
7 28 0 32.291852
7 28 3 27.946600
7 29 0 32.780400
7 29 3 27.862168
7 30 0 28.266001
7 30 3 26.216546
7 31 0 32.374331
7 31 3 24.728960
7 32 0 33.427771
7 32 3 24.025244
7 33 0 30.505854
7 33 3 26.376208
7 34 0 28.960033
7 34 3 24.835975
7 35 0 30.240583
7 35 3 24.461818
7 36 0 28.043286
7 36 3 24.759343
7 37 0 27.548280
7 37 3 25.725505
7 38 0 29.714948
7 38 3 24.469176
7 39 0 27.066874
7 39 3 23.067030
7 40 0 26.238121
7 40 3 23.046067
7 42 0 25.961617
7 42 3 23.454383
7 44 0 26.948386
7 44 3 22.680633
7 46 0 26.613894
7 46 3 21.434779
7 48 0 26.683737
7 48 3 21.616390
7 50 0 23.751267
7 50 3 21.472709
7 52 0 24.476154
7 52 3 20.674523
7 54 0 22.638727
7 54 3 20.751263
7 56 0 22.592898
7 56 3 20.382433
7 58 0 22.607805
7 58 3 20.368673
7 60 0 23.186212
7 60 3 19.921239
7 63 0 22.339532
7 63 3 20.087827
7 66 0 19.755339
7 66 3 19.352054
7 69 0 21.020392
7 69 3 19.530332
7 72 0 18.888413
7 72 3 18.821082
7 75 0 18.026459
7 75 3 18.716905
7 78 0 20.094373
7 78 3 19.169814
7 81 0 18.458236
7 81 3 18.399394
7 85 0 18.197425
7 85 3 18.768782
7 89 0 18.471515
7 89 3 18.578672
7 93 0 17.672089
7 93 3 18.344597
7 97 0 17.104254
7 97 3 18.163796
7 101 0 16.310695
7 101 3 17.450339
7 106 0 15.929482
7 106 3 17.797543
7 111 0 16.855435
7 111 3 16.820805
7 116 0 14.975434
7 116 3 16.604654
7 121 0 14.914108
7 121 3 17.000238
7 127 0 16.051577
7 127 3 17.523028
7 133 0 15.311758
7 133 3 17.132819
7 139 0 15.561687
7 139 3 17.345599
7 145 0 14.454783
7 145 3 16.783212
7 152 0 14.036851
7 152 3 16.484058
7 159 0 14.404404
7 159 3 16.340963
7 166 0 14.022453
7 166 3 16.325154
7 174 0 13.895355
7 174 3 16.546549
7 182 0 13.786934
7 182 3 16.357972
7 191 0 13.462024
7 191 3 16.478996
7 200 0 13.031070
7 200 3 15.495869
7 210 0 12.347143
7 210 3 15.782423
7 220 0 12.776943
7 220 3 16.077271
7 231 0 11.982960
7 231 3 15.911202
7 242 0 11.874384
7 242 3 15.600785
7 254 0 12.563789
7 254 3 15.880986
7 266 0 12.468676
7 266 3 15.765404
7 279 0 12.140959
7 279 3 15.944517
7 292 0 11.952606
7 292 3 17.670422
7 306 0 11.916008
7 306 3 18.614930
7 321 0 11.767810
7 321 3 19.176326
7 337 0 11.507273
7 337 3 19.299570
7 353 0 11.482186
7 353 3 17.979250
7 370 0 11.446737
7 370 3 19.110745
7 388 0 11.265494
7 388 3 19.042021
7 407 0 11.153127
7 407 3 18.057676
7 427 0 11.222887
7 427 3 19.241388
7 448 0 10.856891
7 448 3 18.854884
7 470 0 10.790273
7 470 3 18.561530
7 493 0 10.737288
7 493 3 18.783129
7 517 0 10.465442
7 517 3 18.838508
7 542 0 10.402559
7 542 3 18.990971
7 569 0 10.321767
7 569 3 18.634798
7 597 0 10.310783
7 597 3 17.978975
7 626 0 10.159249
7 626 3 18.864782
7 657 0 10.117523
7 657 3 18.363605
7 689 0 9.939769
7 689 3 18.641940
7 723 0 10.116832
7 723 3 18.898075
7 759 0 9.830008
7 759 3 17.834968
7 796 0 9.703935
7 796 3 17.848407
7 835 0 9.718163
7 835 3 18.636225
7 876 0 9.704137
7 876 3 18.752271
7 919 0 9.594212
7 919 3 18.720135
7 964 0 9.546986
7 964 3 18.569582
7 1012 0 9.668163
7 1012 3 18.804931
7 1062 0 9.416600
7 1062 3 18.864045
7 1115 0 9.504963
7 1115 3 18.522069
7 1170 0 9.314990
7 1170 3 18.626777
7 1228 0 9.283957
7 1228 3 18.645161
7 1289 0 9.468361
7 1289 3 18.774109
7 1353 0 9.285226
7 1353 3 18.508882
7 1420 0 8.984662
7 1420 3 18.790465
7 1491 0 9.258254
7 1491 3 18.623948
7 1565 0 9.425145
7 1565 3 18.498961
7 1643 0 9.085495
7 1643 3 18.619549
7 1725 0 8.980034
7 1725 3 18.479181
7 1811 0 9.196363
7 1811 3 18.363195
7 1901 0 9.424526
7 1901 3 18.666694
7 1996 0 9.411181
7 1996 3 18.563161
8 1 3 78.043582
8 2 3 71.896643
8 3 3 70.986973
8 4 3 61.909147
8 5 0 63.837749
8 5 3 49.976647
8 6 0 59.437113
8 6 3 43.718847
8 7 0 53.498943
8 7 3 38.611415
8 8 0 50.526185
8 8 3 37.418293
8 9 0 47.874985
8 9 3 34.714514
8 10 0 43.774141
8 10 3 33.368086
8 11 0 40.617414
8 11 3 30.914017
8 12 0 38.091189
8 12 3 29.720075
8 13 0 37.018239
8 13 3 28.273233
8 14 0 35.220100
8 14 3 27.373465
8 15 0 34.931288
8 15 3 25.959288
8 16 0 31.816418
8 16 3 25.500529
8 17 0 31.747356
8 17 3 25.587055
8 18 0 30.818299
8 18 3 24.959376
8 19 0 30.462183
8 19 3 24.815266
8 20 0 29.857681
8 20 3 23.562034
8 21 0 28.364817
8 21 3 23.020352
8 22 0 27.951472
8 22 3 22.843993
8 23 0 26.625361
8 23 3 21.869885
8 24 0 25.696131
8 24 3 21.640845
8 25 0 26.012414
8 25 3 21.523998
8 26 0 25.409256
8 26 3 21.227005
8 27 0 24.870957
8 27 3 21.392649
8 28 0 25.162215
8 28 3 20.940813
8 29 0 24.383341
8 29 3 20.951975
8 30 0 23.238057
8 30 3 19.791224
8 31 0 23.823348
8 31 3 20.387263
8 32 0 22.175734
8 32 3 19.049434
8 33 0 22.771744
8 33 3 20.423885
8 34 0 23.656944
8 34 3 19.372189
8 35 0 22.978361
8 35 3 19.453713
8 36 0 22.118333
8 36 3 19.724990
8 37 0 22.080336
8 37 3 21.122646
8 38 0 22.291624
8 38 3 19.480146
8 39 0 21.608726
8 39 3 19.207581
8 40 0 21.395731
8 40 3 19.000354
8 42 0 20.652269
8 42 3 19.111058
8 44 0 20.192424
8 44 3 18.517965
8 46 0 19.916494
8 46 3 18.356076
8 48 0 18.957611
8 48 3 17.979312
8 50 0 19.419781
8 50 3 17.916862
8 52 0 18.949004
8 52 3 17.633747
8 54 0 18.662163
8 54 3 17.884922
8 56 0 18.643841
8 56 3 17.671270
8 58 0 18.023199
8 58 3 17.114766
8 60 0 17.827075
8 60 3 17.682558
8 63 0 17.162140
8 63 3 17.732935
8 66 0 16.905221
8 66 3 16.884426
8 69 0 16.915194
8 69 3 17.652705
8 72 0 16.561641
8 72 3 16.749619
8 75 0 15.929595
8 75 3 16.698424
8 78 0 15.645395
8 78 3 16.558295
8 81 0 15.533433
8 81 3 16.687293
8 85 0 15.321309
8 85 3 16.575396
8 89 0 14.759821
8 89 3 16.234549
8 93 0 14.899621
8 93 3 16.422351
8 97 0 14.765434
8 97 3 16.508947
8 101 0 14.499846
8 101 3 16.116572
8 106 0 14.148486
8 106 3 16.368709
8 111 0 14.067590
8 111 3 15.734703
8 116 0 14.042086
8 116 3 15.377999
8 121 0 13.790222
8 121 3 15.451388
8 127 0 13.895959
8 127 3 15.691001
8 133 0 13.873212
8 133 3 15.950411
8 139 0 13.568777
8 139 3 16.312181
8 145 0 13.416793
8 145 3 17.357253
8 152 0 13.108237
8 152 3 18.777443
8 159 0 12.933432
8 159 3 18.428900
8 166 0 12.713928
8 166 3 19.103349
8 174 0 12.740648
8 174 3 19.330390
8 182 0 12.464417
8 182 3 18.652712
8 191 0 12.214155
8 191 3 18.973437
8 200 0 12.082903
8 200 3 17.982340
8 210 0 12.043772
8 210 3 18.975057
8 220 0 11.754059
8 220 3 18.597449
8 231 0 11.649302
8 231 3 18.968471
8 242 0 11.419218
8 242 3 18.648465
8 254 0 12.966482
8 254 3 18.885773
8 266 0 11.217770
8 266 3 18.565542
8 279 0 11.128621
8 279 3 18.668767
8 292 0 11.055029
8 292 3 18.845757
8 306 0 10.909214
8 306 3 18.078796
8 321 0 10.717501
8 321 3 18.682359
8 337 0 10.594288
8 337 3 18.591852
8 353 0 10.512909
8 353 3 17.690361
8 370 0 10.420146
8 370 3 18.744842
8 388 0 10.302427
8 388 3 18.608176
8 407 0 10.209308
8 407 3 20.561398
8 427 0 10.201773
8 427 3 18.788717
8 448 0 9.975337
8 448 3 18.468662
8 470 0 9.936929
8 470 3 18.136499
8 493 0 9.894665
8 493 3 18.539708
8 517 0 9.764548
8 517 3 18.378418
8 542 0 9.757516
8 542 3 18.579208
8 569 0 9.688365
8 569 3 18.271859
8 597 0 9.664170
8 597 3 18.196931
8 626 0 9.628583
8 626 3 18.735792
8 657 0 9.555728
8 657 3 18.721358
8 689 0 9.412722
8 689 3 18.576621
8 723 0 9.371928
8 723 3 18.708980
8 759 0 9.400673
8 759 3 17.892842
8 796 0 9.397725
8 796 3 17.724815
8 835 0 9.315407
8 835 3 19.571058
8 876 0 9.115607
8 876 3 18.414848
8 919 0 9.360056
8 919 3 18.532256
8 964 0 9.520146
8 964 3 18.533080
8 1012 0 9.362832
8 1012 3 18.755372
8 1062 0 9.102858
8 1062 3 18.328026
8 1115 0 9.082645
8 1115 3 18.447611
8 1170 0 9.010640
8 1170 3 18.553251
8 1228 0 8.999999
8 1228 3 18.766108
8 1289 0 9.006072
8 1289 3 18.648216
8 1353 0 8.887761
8 1353 3 18.547920
8 1420 0 8.791058
8 1420 3 18.687670
8 1491 0 8.826185
8 1491 3 18.692695
8 1565 0 8.836955
8 1565 3 19.016003
8 1643 0 8.854888
8 1643 3 18.725785
8 1725 0 8.812660
8 1725 3 18.178193
8 1811 0 8.747924
8 1811 3 18.664794
8 1901 0 8.777370
8 1901 3 18.910263
8 1996 0 8.850338
8 1996 3 18.968056
9 1 3 83.212504
9 2 3 61.687738
9 3 3 45.434157
9 4 3 39.103198
9 5 0 47.269308
9 5 3 31.568547
9 6 0 44.318985
9 6 3 28.668053
9 7 0 40.797048
9 7 3 26.570647
9 8 0 39.164351
9 8 3 25.663774
9 9 0 35.722673
9 9 3 24.014269
9 10 0 34.547602
9 10 3 23.490732
9 11 0 33.325598
9 11 3 23.293178
9 12 0 30.888519
9 12 3 21.063171
9 13 0 30.376236
9 13 3 20.381171
9 14 0 28.946420
9 14 3 20.767049
9 15 0 29.660411
9 15 3 20.861862
9 16 0 26.957474
9 16 3 19.913838
9 17 0 26.841712
9 17 3 20.107862
9 18 0 26.002272
9 18 3 19.260507
9 19 0 25.259559
9 19 3 20.039567
9 20 0 24.436834
9 20 3 19.164869
9 21 0 23.999492
9 21 3 19.002036
9 22 0 23.964806
9 22 3 18.615464
9 23 0 22.541877
9 23 3 18.686340
9 24 0 22.237184
9 24 3 18.376293
9 25 0 22.651064
9 25 3 18.672547
9 26 0 22.138169
9 26 3 17.791615
9 27 0 21.798479
9 27 3 17.583294
9 28 0 21.920413
9 28 3 17.485223
9 29 0 21.394743
9 29 3 17.953986
9 30 0 20.817530
9 30 3 17.435370
9 31 0 20.826040
9 31 3 17.604334
9 32 0 20.219388
9 32 3 16.645603
9 33 0 20.353058
9 33 3 17.238774
9 34 0 20.383992
9 34 3 17.336784
9 35 0 20.060668
9 35 3 16.692479
9 36 0 19.875048
9 36 3 17.101401
9 37 0 20.515809
9 37 3 17.769391
9 38 0 20.957878
9 38 3 16.746018
9 39 0 19.361827
9 39 3 16.844224
9 40 0 19.783967
9 40 3 16.971890
9 42 0 18.928961
9 42 3 16.762542
9 44 0 18.485859
9 44 3 16.710855
9 46 0 18.169571
9 46 3 16.211674
9 48 0 17.605657
9 48 3 16.034010
9 50 0 18.161975
9 50 3 16.557942
9 52 0 17.840082
9 52 3 16.239971
9 54 0 17.640352
9 54 3 15.896887
9 56 0 17.144868
9 56 3 16.525509
9 58 0 17.660775
9 58 3 15.452550
9 60 0 17.690355
9 60 3 16.068357
9 63 0 17.311352
9 63 3 16.161745
9 66 0 16.829513
9 66 3 15.317062
9 69 0 16.817253
9 69 3 16.206173
9 72 0 16.196289
9 72 3 16.263663
9 75 0 16.211773
9 75 3 18.411695
9 78 0 15.870005
9 78 3 19.155467
9 81 0 15.744871
9 81 3 18.891412
9 85 0 15.425759
9 85 3 19.325268
9 89 0 15.005941
9 89 3 19.261841
9 93 0 15.129302
9 93 3 18.686331
9 97 0 14.703591
9 97 3 19.142466
9 101 0 14.419293
9 101 3 17.982505
9 106 0 14.327683
9 106 3 19.265832
9 111 0 14.078155
9 111 3 18.563540
9 116 0 13.708729
9 116 3 18.034631
9 121 0 13.652533
9 121 3 17.508170
9 127 0 13.472342
9 127 3 18.667009
9 133 0 13.385013
9 133 3 18.839993
9 139 0 13.199685
9 139 3 19.056352
9 145 0 13.039706
9 145 3 18.797179
9 152 0 12.696741
9 152 3 18.475002
9 159 0 12.653300
9 159 3 17.973336
9 166 0 12.370075
9 166 3 18.501991
9 174 0 12.447158
9 174 3 18.850924
9 182 0 12.146103
9 182 3 18.034084
9 191 0 11.992968
9 191 3 18.486164
9 200 0 11.814405
9 200 3 17.729329
9 210 0 11.721677
9 210 3 18.627063
9 220 0 11.559495
9 220 3 18.650629
9 231 0 11.421573
9 231 3 18.529378
9 242 0 11.375425
9 242 3 18.370372
9 254 0 11.319351
9 254 3 24.224499
9 266 0 10.996596
9 266 3 18.427754
9 279 0 10.961069
9 279 3 18.761932
9 292 0 10.844314
9 292 3 18.355645
9 306 0 10.677187
9 306 3 18.047476
9 321 0 10.614364
9 321 3 18.448113
9 337 0 10.513532
9 337 3 18.320837
9 353 0 10.366013
9 353 3 18.144566
9 370 0 10.352060
9 370 3 18.416960
9 388 0 10.320070
9 388 3 18.346748
9 407 0 10.074905
9 407 3 17.913921
9 427 0 10.072001
9 427 3 18.592252
9 448 0 9.910146
9 448 3 18.398888
9 470 0 10.030853
9 470 3 18.254319
9 493 0 10.124730
9 493 3 18.385937
9 517 0 9.702856
9 517 3 18.305394
9 542 0 9.715592
9 542 3 18.398031
9 569 0 9.622192
9 569 3 18.381075
9 597 0 9.772498
9 597 3 18.336906
9 626 0 9.534353
9 626 3 18.417572
9 657 0 9.362402
9 657 3 18.940750
9 689 0 9.323980
9 689 3 18.396243
9 723 0 9.330870
9 723 3 18.738860
9 759 0 9.197116
9 759 3 18.146824
9 796 0 9.157295
9 796 3 17.935213
9 835 0 9.753328
9 835 3 25.137938
9 876 0 9.071311
9 876 3 18.569208
9 919 0 9.072062
9 919 3 18.939078
9 964 0 9.021050
9 964 3 19.132650
9 1012 0 9.151744
9 1012 3 18.844704
9 1062 0 9.624271
9 1062 3 18.423224
9 1115 0 8.964322
9 1115 3 18.675628
9 1170 0 8.912483
9 1170 3 18.901091
9 1228 0 8.790166
9 1228 3 18.716028
9 1289 0 8.871163
9 1289 3 19.315913
9 1353 0 8.762163
9 1353 3 18.446011
9 1420 0 8.683488
9 1420 3 19.090852
9 1491 0 8.738651
9 1491 3 19.072558
9 1565 0 8.692111
9 1565 3 19.142123
9 1643 0 8.721553
9 1643 3 25.260323
9 1725 0 8.688971
9 1725 3 18.805664
9 1811 0 8.713081
9 1811 3 18.812852
9 1901 0 8.784712
9 1901 3 19.176143
9 1996 0 8.865608
9 1996 3 19.847921
10 1 3 104.856699
10 2 3 35.561051
10 3 3 29.489890
10 4 3 26.316879
10 5 0 37.981530
10 5 3 22.716850
10 6 0 36.286629
10 6 3 21.223725
10 7 0 34.394856
10 7 3 19.775819
10 8 0 32.812199
10 8 3 19.934196
10 9 0 31.161858
10 9 3 18.907425
10 10 0 29.877800
10 10 3 19.031335
10 11 0 29.089516
10 11 3 19.110231
10 12 0 26.883692
10 12 3 18.204967
10 13 0 26.470157
10 13 3 17.959213
10 14 0 26.055878
10 14 3 17.794441
10 15 0 25.621512
10 15 3 17.565359
10 16 0 23.389927
10 16 3 17.332373
10 17 0 24.086806
10 17 3 17.495315
10 18 0 23.422658
10 18 3 16.431145
10 19 0 23.460880
10 19 3 17.242394
10 20 0 22.618702
10 20 3 16.506195
10 21 0 22.397333
10 21 3 16.267082
10 22 0 22.098745
10 22 3 16.473525
10 23 0 22.134218
10 23 3 16.238622
10 24 0 21.503420
10 24 3 15.908500
10 25 0 22.334394
10 25 3 16.430285
10 26 0 23.912216
10 26 3 16.102436
10 27 0 22.538108
10 27 3 16.432347
10 28 0 21.362836
10 28 3 15.893854
10 29 0 21.823100
10 29 3 16.277180
10 30 0 21.273230
10 30 3 16.051167
10 31 0 21.334342
10 31 3 15.946222
10 32 0 20.494322
10 32 3 15.035593
10 33 0 20.791977
10 33 3 15.684211
10 34 0 20.589651
10 34 3 15.991750
10 35 0 20.764757
10 35 3 15.794081
10 36 0 20.237202
10 36 3 16.678463
10 37 0 20.076250
10 37 3 17.722836
10 38 0 20.267571
10 38 3 19.153501
10 39 0 19.812836
10 39 3 19.206312
10 40 0 19.654122
10 40 3 19.356920
10 42 0 19.252417
10 42 3 19.538639
10 44 0 19.773890
10 44 3 19.471271
10 46 0 18.762660
10 46 3 19.045330
10 48 0 17.870533
10 48 3 18.910476
10 50 0 18.520804
10 50 3 19.208648
10 52 0 18.121237
10 52 3 18.540641
10 54 0 17.920256
10 54 3 19.045364
10 56 0 17.520768
10 56 3 18.990012
10 58 0 17.516603
10 58 3 17.915862
10 60 0 16.806495
10 60 3 18.929818
10 63 0 16.991223
10 63 3 18.863383
10 66 0 16.661417
10 66 3 17.917948
10 69 0 16.431385
10 69 3 18.788239
10 72 0 15.863398
10 72 3 18.541665
10 75 0 15.912590
10 75 3 18.291878
10 78 0 15.651327
10 78 3 18.545420
10 81 0 15.617497
10 81 3 18.619220
10 85 0 15.324239
10 85 3 18.738202
10 89 0 14.874289
10 89 3 18.512141
10 93 0 14.987101
10 93 3 17.835691
10 97 0 14.751147
10 97 3 18.457886
10 101 0 14.374908
10 101 3 18.667155
10 106 0 14.256162
10 106 3 18.937141
10 111 0 13.995239
10 111 3 18.371196
10 116 0 13.615902
10 116 3 17.912163
10 121 0 13.582888
10 121 3 17.467190
10 127 0 13.526337
10 127 3 18.420791
10 133 0 13.434522
10 133 3 18.453824
10 139 0 13.189935
10 139 3 18.658617
10 145 0 13.141524
10 145 3 18.579535
10 152 0 12.732209
10 152 3 18.317157
10 159 0 12.776378
10 159 3 18.334569
10 166 0 12.487817
10 166 3 18.326013
10 174 0 12.436092
10 174 3 18.622771
10 182 0 12.242032
10 182 3 18.194721
10 191 0 12.049210
10 191 3 18.448559
10 200 0 11.936554
10 200 3 18.364378
10 210 0 11.878131
10 210 3 18.358889
10 220 0 11.637851
10 220 3 18.431176
10 231 0 11.669074
10 231 3 18.359463
10 242 0 11.471879
10 242 3 18.173184
10 254 0 11.442882
10 254 3 18.504026
10 266 0 11.114672
10 266 3 18.513059
10 279 0 10.938872
10 279 3 18.229438
10 292 0 10.895047
10 292 3 18.530192
10 306 0 11.018747
10 306 3 18.675873
10 321 0 10.631823
10 321 3 18.285205
10 337 0 10.541489
10 337 3 18.392921
10 353 0 10.388775
10 353 3 18.532950
10 370 0 10.315999
10 370 3 18.316449
10 388 0 10.224696
10 388 3 18.603643
10 407 0 10.995694
10 407 3 17.755239
10 427 0 10.106692
10 427 3 18.495463
10 448 0 9.882899
10 448 3 18.657356
10 470 0 9.924379
10 470 3 18.528111
10 493 0 9.798663
10 493 3 18.542081
10 517 0 9.761391
10 517 3 18.747453
10 542 0 9.731720
10 542 3 18.961929
10 569 0 9.624048
10 569 3 18.791438
10 597 0 9.619030
10 597 3 18.416766
10 626 0 9.519777
10 626 3 19.039442
10 657 0 9.374168
10 657 3 19.343966
10 689 0 9.269500
10 689 3 18.527844
10 723 0 9.285447
10 723 3 19.458500
10 759 0 9.198718
10 759 3 18.261758
10 796 0 9.458412
10 796 3 18.770643
10 835 0 9.222957
10 835 3 19.387143
10 876 0 9.138853
10 876 3 19.161840
10 919 0 9.195365
10 919 3 19.261017
10 964 0 9.313234
10 964 3 18.987429
10 1012 0 9.271898
10 1012 3 19.343941
10 1062 0 9.274786
10 1062 3 19.939345
10 1115 0 8.963641
10 1115 3 19.009291
10 1170 0 8.945755
10 1170 3 19.206517
10 1228 0 8.899811
10 1228 3 19.176548
10 1289 0 8.923798
10 1289 3 19.278550
10 1353 0 8.842679
10 1353 3 18.993803
10 1420 0 8.827884
10 1420 3 19.160140
10 1491 0 8.869213
10 1491 3 19.451713
10 1565 0 8.916515
10 1565 3 19.541307
10 1643 0 9.221219
10 1643 3 19.551619
10 1725 0 8.941762
10 1725 3 19.701124
10 1811 0 8.964585
10 1811 3 20.077184
10 1901 0 9.020096
10 1901 3 20.647674
10 1996 0 9.152470
10 1996 3 20.213803
11 1 3 59.708160
11 2 3 25.594232
11 3 3 22.322122
11 4 3 20.442606
11 5 0 35.745466
11 5 3 18.508486
11 6 0 34.671197
11 6 3 18.109634
11 7 0 33.001797
11 7 3 16.821185
11 8 0 32.928315
11 8 3 17.314447
11 9 0 32.174047
11 9 3 16.503600
11 10 0 31.732447
11 10 3 16.375257
11 11 0 30.557530
11 11 3 16.776338
11 12 0 29.322580
11 12 3 15.842441
11 13 0 28.888374
11 13 3 16.201666
11 14 0 28.293120
11 14 3 16.424661
11 15 0 27.451225
11 15 3 15.964924
11 16 0 25.121834
11 16 3 15.697162
11 17 0 26.306793
11 17 3 16.126167
11 18 0 25.496529
11 18 3 17.775214
11 19 0 25.235797
11 19 3 18.741115
11 20 0 24.020407
11 20 3 19.147001
11 21 0 23.662110
11 21 3 19.226111
11 22 0 23.410326
11 22 3 19.114999
11 23 0 23.332916
11 23 3 18.964138
11 24 0 22.342632
11 24 3 18.692243
11 25 0 23.068059
11 25 3 19.551135
11 26 0 22.703670
11 26 3 18.957215
11 27 0 22.281787
11 27 3 18.303884
11 28 0 21.629476
11 28 3 17.902093
11 29 0 21.788986
11 29 3 19.237589
11 30 0 20.969542
11 30 3 18.686997
11 31 0 21.313465
11 31 3 18.832579
11 32 0 20.500119
11 32 3 17.772222
11 33 0 20.794227
11 33 3 17.717893
11 34 0 20.717099
11 34 3 18.457928
11 35 0 20.659399
11 35 3 18.008011
11 36 0 20.189896
11 36 3 18.569963
11 37 0 20.241700
11 37 3 18.697170
11 38 0 20.135040
11 38 3 18.741365
11 39 0 19.524562
11 39 3 18.280261
11 40 0 19.342728
11 40 3 18.735225
11 42 0 19.570568
11 42 3 24.266138
11 44 0 20.668556
11 44 3 27.197011
11 46 0 18.900357
11 46 3 18.841601
11 48 0 17.948672
11 48 3 18.576835
11 50 0 18.689211
11 50 3 18.639215
11 52 0 18.303336
11 52 3 18.272415
11 54 0 18.069558
11 54 3 18.874238
11 56 0 17.647408
11 56 3 18.861123
11 58 0 17.586585
11 58 3 18.231797
11 60 0 17.355031
11 60 3 18.689868
11 63 0 17.150455
11 63 3 18.494004
11 66 0 16.680039
11 66 3 17.374822
11 69 0 16.698835
11 69 3 18.479052
11 72 0 15.905615
11 72 3 18.530036
11 75 0 16.199526
11 75 3 17.974660
11 78 0 15.866114
11 78 3 18.364165
11 81 0 15.724378
11 81 3 18.174811
11 85 0 15.869815
11 85 3 18.536928
11 89 0 15.505481
11 89 3 18.323091
11 93 0 15.313718
11 93 3 18.065360
11 97 0 15.069735
11 97 3 18.242396
11 101 0 14.863038
11 101 3 18.869997
11 106 0 14.745779
11 106 3 18.724638
11 111 0 14.374751
11 111 3 18.170363
11 116 0 14.144148
11 116 3 17.686774
11 121 0 14.016769
11 121 3 17.482340
11 127 0 13.919124
11 127 3 18.452212
11 133 0 13.751495
11 133 3 18.375432
11 139 0 13.580451
11 139 3 18.562955
11 145 0 13.485411
11 145 3 18.481408
11 152 0 13.037029
11 152 3 18.141255
11 159 0 13.000452
11 159 3 18.251006
11 166 0 12.872510
11 166 3 18.577044
11 174 0 12.754212
11 174 3 18.365320
11 182 0 12.465000
11 182 3 18.184322
11 191 0 12.403757
11 191 3 18.519392
11 200 0 12.210181
11 200 3 18.683253
11 210 0 12.088728
11 210 3 18.833709
11 220 0 11.894044
11 220 3 18.715864
11 231 0 11.738013
11 231 3 18.530275
11 242 0 11.524169
11 242 3 18.558110
11 254 0 11.545804
11 254 3 18.514064
11 266 0 11.310753
11 266 3 18.779145
11 279 0 11.840952
11 279 3 18.400938
11 292 0 11.140764
11 292 3 18.743658
11 306 0 10.849633
11 306 3 18.787113
11 321 0 10.822442
11 321 3 18.748269
11 337 0 10.685194
11 337 3 18.892693
11 353 0 10.550675
11 353 3 18.972090
11 370 0 10.743566
11 370 3 18.837157
11 388 0 10.435750
11 388 3 18.976407
11 407 0 10.875698
11 407 3 18.467641
11 427 0 10.466054
11 427 3 19.219947
11 448 0 10.087489
11 448 3 18.939280
11 470 0 10.254318
11 470 3 19.259892
11 493 0 10.157242
11 493 3 18.951108
11 517 0 10.267689
11 517 3 19.160872
11 542 0 9.876294
11 542 3 19.099200
11 569 0 9.827767
11 569 3 18.934685
11 597 0 9.793392
11 597 3 18.846876
11 626 0 9.749974
11 626 3 19.372347
11 657 0 9.793084
11 657 3 19.099580
11 689 0 9.603095
11 689 3 19.040540
11 723 0 9.580717
11 723 3 19.166492
11 759 0 9.458563
11 759 3 19.005525
11 796 0 9.429678
11 796 3 19.090198
11 835 0 9.504339
11 835 3 19.802437
11 876 0 9.466127
11 876 3 19.482795
11 919 0 9.508792
11 919 3 19.896954
11 964 0 9.485177
11 964 3 19.894200
11 1012 0 9.532643
11 1012 3 19.597886
11 1062 0 9.634689
11 1062 3 19.645952
11 1115 0 9.379079
11 1115 3 19.518894
11 1170 0 9.404445
11 1170 3 19.720250
11 1228 0 9.390693
11 1228 3 19.646755
11 1289 0 9.521446
11 1289 3 20.319531
11 1353 0 9.417099
11 1353 3 19.684548
11 1420 0 9.409915
11 1420 3 19.639046
11 1491 0 9.989532
11 1491 3 22.168555
11 1565 0 9.637621
11 1565 3 20.638422
11 1643 0 10.091426
11 1643 3 20.835357
11 1725 0 9.631338
11 1725 3 22.083309
11 1811 0 9.649480
11 1811 3 22.183441
11 1901 0 9.793497
11 1901 3 22.050424
11 1996 0 9.869374
11 1996 3 23.149277
12 1 3 31.837808
12 2 3 20.136610
12 3 3 18.655851
12 4 3 17.718617
12 5 0 42.221950
12 5 3 16.556543
12 6 0 38.764852
12 6 3 16.109402
12 7 0 37.449619
12 7 3 15.387247
12 8 0 36.806964
12 8 3 15.952168
12 9 0 34.715078
12 9 3 15.923424
12 10 0 33.282219
12 10 3 19.264206
12 11 0 34.403646
12 11 3 19.295003
12 12 0 30.197029
12 12 3 17.978212
12 13 0 29.565548
12 13 3 19.195102
12 14 0 28.766365
12 14 3 18.467951
12 15 0 28.350068
12 15 3 19.252986
12 16 0 25.540402
12 16 3 18.506574
12 17 0 26.671700
12 17 3 19.319874
12 18 0 25.856734
12 18 3 18.544607
12 19 0 25.889130
12 19 3 18.718320
12 20 0 24.950195
12 20 3 18.525517
12 21 0 24.641901
12 21 3 18.624973
12 22 0 23.965171
12 22 3 18.674498
12 23 0 23.606515
12 23 3 18.425979
12 24 0 22.881223
12 24 3 18.325530
12 25 0 23.246604
12 25 3 18.785960
12 26 0 22.908096
12 26 3 18.578953
12 27 0 22.617756
12 27 3 17.819492
12 28 0 21.971915
12 28 3 18.374036
12 29 0 21.977539
12 29 3 18.701904
12 30 0 21.398896
12 30 3 18.177721
12 31 0 21.597843
12 31 3 18.196438
12 32 0 20.599088
12 32 3 17.706561
12 33 0 21.309320
12 33 3 18.417609
12 34 0 20.948139
12 34 3 18.206703
12 35 0 21.172075
12 35 3 17.710420
12 36 0 20.632711
12 36 3 18.309369
12 37 0 20.896888
12 37 3 18.381401
12 38 0 20.577749
12 38 3 18.390856
12 39 0 20.233860
12 39 3 18.348333
12 40 0 19.675363
12 40 3 18.425590
12 42 0 19.908241
12 42 3 18.471346
12 44 0 20.294118
12 44 3 18.565061
12 46 0 19.118106
12 46 3 18.317946
12 48 0 18.264769
12 48 3 18.279490
12 50 0 19.043971
12 50 3 18.650491
12 52 0 18.581892
12 52 3 18.726464
12 54 0 18.418589
12 54 3 18.419425
12 56 0 18.078043
12 56 3 18.659134
12 58 0 17.995989
12 58 3 18.244839
12 60 0 17.843444
12 60 3 18.343386
12 63 0 17.489294
12 63 3 18.334136
12 66 0 17.215412
12 66 3 17.539713
12 69 0 17.148451
12 69 3 18.310852
12 72 0 16.665551
12 72 3 18.423906
12 75 0 16.610882
12 75 3 18.148358
12 78 0 16.336835
12 78 3 18.234267
12 81 0 16.085755
12 81 3 18.513259
12 85 0 16.023234
12 85 3 18.369547
12 89 0 15.723278
12 89 3 18.376411
12 93 0 15.659994
12 93 3 18.330468
12 97 0 15.185027
12 97 3 18.006839
12 101 0 15.679096
12 101 3 18.741644
12 106 0 14.866741
12 106 3 18.673413
12 111 0 14.583036
12 111 3 18.046603
12 116 0 14.722231
12 116 3 17.483370
12 121 0 14.278107
12 121 3 17.851001
12 127 0 14.106863
12 127 3 18.834856
12 133 0 13.925650
12 133 3 18.225708
12 139 0 14.237158
12 139 3 18.733290
12 145 0 14.100701
12 145 3 18.887213
12 152 0 13.660391
12 152 3 18.473050
12 159 0 13.662402
12 159 3 18.634311
12 166 0 13.070973
12 166 3 18.593100
12 174 0 12.962532
12 174 3 18.680733
12 182 0 13.477571
12 182 3 18.082787
12 191 0 13.071617
12 191 3 18.923109
12 200 0 13.183692
12 200 3 18.917598
12 210 0 13.058412
12 210 3 18.658330
12 220 0 12.769246
12 220 3 18.696884
12 231 0 13.015452
12 231 3 18.808491
12 242 0 11.957834
12 242 3 18.795162
12 254 0 12.384555
12 254 3 19.058354
12 266 0 12.033022
12 266 3 18.900380
12 279 0 12.100526
12 279 3 19.282889
12 292 0 11.604651
12 292 3 19.210891
12 306 0 11.604512
12 306 3 18.924689
12 321 0 11.347093
12 321 3 18.965081
12 337 0 11.163594
12 337 3 18.935425
12 353 0 11.233735
12 353 3 19.236145
12 370 0 11.072006
12 370 3 19.162382
12 388 0 11.870786
12 388 3 19.435603
12 407 0 11.513303
12 407 3 19.147557
12 427 0 11.248857
12 427 3 19.511778
12 448 0 11.422166
12 448 3 19.156200
12 470 0 10.897516
12 470 3 19.295641
12 493 0 11.205558
12 493 3 19.504242
12 517 0 10.513657
12 517 3 19.452318
12 542 0 10.520147
12 542 3 19.481636
12 569 0 10.541480
12 569 3 19.309505
12 597 0 10.958335
12 597 3 20.183037
12 626 0 10.600442
12 626 3 20.276545
12 657 0 10.455997
12 657 3 20.051778
12 689 0 10.484122
12 689 3 20.110519
12 723 0 10.449728
12 723 3 20.617971
12 759 0 10.382674
12 759 3 20.016039
12 796 0 10.702917
12 796 3 20.156538
12 835 0 10.830925
12 835 3 20.385553
12 876 0 10.580905
12 876 3 20.250555
12 919 0 10.612746
12 919 3 20.209438
12 964 0 10.587032
12 964 3 20.328714
12 1012 0 10.763889
12 1012 3 20.906103
12 1062 0 10.616170
12 1062 3 20.064465
12 1115 0 10.550130
12 1115 3 20.063385
12 1170 0 10.701259
12 1170 3 20.305577
12 1228 0 10.918832
12 1228 3 20.312414
12 1289 0 11.315783
12 1289 3 20.913699
12 1353 0 11.105546
12 1353 3 21.325096
12 1420 0 11.405489
12 1420 3 21.635658
12 1491 0 11.958118
12 1491 3 24.495405
12 1565 0 11.265301
12 1565 3 23.049987
12 1643 0 13.122999
12 1643 3 28.239342
12 1725 0 11.838840
12 1725 3 25.018420
12 1811 0 11.879703
12 1811 3 24.646845
12 1901 0 12.040462
12 1901 3 25.584867
12 1996 0 12.089680
12 1996 3 26.145553
13 1 3 19.255217
13 2 3 17.693549
13 3 3 16.927884
13 4 3 16.174969
13 5 0 39.988618
13 5 3 19.326321
13 6 0 39.441421
13 6 3 19.353993
13 7 0 37.533163
13 7 3 17.604079
13 8 0 37.132638
13 8 3 18.793480
13 9 0 35.159511
13 9 3 17.692091
13 10 0 33.404632
13 10 3 18.636020
13 11 0 31.986396
13 11 3 18.615112
13 12 0 30.613621
13 12 3 18.332726
13 13 0 30.204849
13 13 3 18.618641
13 14 0 29.568820
13 14 3 18.319726
13 15 0 28.998470
13 15 3 18.738039
13 16 0 25.770587
13 16 3 18.362771
13 17 0 27.058951
13 17 3 18.730775
13 18 0 26.159861
13 18 3 18.373848
13 19 0 26.033724
13 19 3 18.954596
13 20 0 25.014150
13 20 3 18.303320
13 21 0 25.006387
13 21 3 18.590348
13 22 0 24.821752
13 22 3 18.464727
13 23 0 24.508044
13 23 3 18.291488
13 24 0 23.321734
13 24 3 18.139704
13 25 0 26.077048
13 25 3 18.385312
13 26 0 23.631374
13 26 3 18.253077
13 27 0 22.980009
13 27 3 17.992070
13 28 0 22.534630
13 28 3 18.469804
13 29 0 22.474315
13 29 3 18.555598
13 30 0 21.917184
13 30 3 17.960953
13 31 0 22.446078
13 31 3 17.988568
13 32 0 21.066916
13 32 3 17.725636
13 33 0 22.007821
13 33 3 18.306504
13 34 0 21.847383
13 34 3 18.080071
13 35 0 21.860566
13 35 3 18.321766
13 36 0 21.299824
13 36 3 18.385420
13 37 0 21.178508
13 37 3 18.280023
13 38 0 21.059525
13 38 3 18.713615
13 39 0 21.036779
13 39 3 18.214944
13 40 0 19.981671
13 40 3 18.407979
13 42 0 20.104444
13 42 3 18.414182
13 44 0 20.072750
13 44 3 22.565329
13 46 0 19.452582
13 46 3 18.426746
13 48 0 18.610329
13 48 3 18.284000
13 50 0 19.351612
13 50 3 18.311975
13 52 0 18.835239
13 52 3 18.617823
13 54 0 18.603463
13 54 3 18.562047
13 56 0 18.181571
13 56 3 18.520300
13 58 0 18.191208
13 58 3 18.490483
13 60 0 18.006475
13 60 3 18.392636
13 63 0 17.865105
13 63 3 18.607060
13 66 0 17.555609
13 66 3 17.796125
13 69 0 17.710121
13 69 3 18.531527
13 72 0 17.266150
13 72 3 18.476116
13 75 0 18.403653
13 75 3 18.338737
13 78 0 16.707009
13 78 3 18.508061
13 81 0 16.616148
13 81 3 18.511575
13 85 0 16.347582
13 85 3 18.693050
13 89 0 16.119049
13 89 3 18.377234
13 93 0 16.274392
13 93 3 18.453909
13 97 0 15.792628
13 97 3 18.215501
13 101 0 15.772423
13 101 3 18.756486
13 106 0 15.630233
13 106 3 18.835025
13 111 0 15.372675
13 111 3 19.814980
13 116 0 15.144122
13 116 3 17.979338
13 121 0 14.609612
13 121 3 18.350049
13 127 0 15.439918
13 127 3 22.839576
13 133 0 14.612818
13 133 3 18.681089
13 139 0 14.182391
13 139 3 18.979178
13 145 0 14.301473
13 145 3 18.895595
13 152 0 13.803772
13 152 3 18.754563
13 159 0 13.776827
13 159 3 18.884892
13 166 0 13.626950
13 166 3 18.685218
13 174 0 13.627776
13 174 3 18.995667
13 182 0 13.452848
13 182 3 18.901439
13 191 0 13.405682
13 191 3 18.853639
13 200 0 13.539215
13 200 3 19.269299
13 210 0 13.360884
13 210 3 19.419128
13 220 0 13.036008
13 220 3 19.086047
13 231 0 13.685100
13 231 3 19.339255
13 242 0 13.227668
13 242 3 19.453717
13 254 0 13.867240
13 254 3 19.607143
13 266 0 13.542259
13 266 3 19.334741
13 279 0 12.737037
13 279 3 19.695545
13 292 0 13.516707
13 292 3 19.921663
13 306 0 13.429125
13 306 3 19.964611
13 321 0 12.926290
13 321 3 19.769077
13 337 0 13.197125
13 337 3 19.725901
13 353 0 12.374385
13 353 3 20.216745
13 370 0 13.263345
13 370 3 20.253853
13 388 0 12.832790
13 388 3 19.889903
13 407 0 12.223667
13 407 3 19.882609
13 427 0 12.262372
13 427 3 20.030749
13 448 0 11.953551
13 448 3 20.111702
13 470 0 11.934585
13 470 3 20.390020
13 493 0 12.334988
13 493 3 20.278935
13 517 0 11.830752
13 517 3 20.322453
13 542 0 12.283454
13 542 3 20.370638
13 569 0 12.224130
13 569 3 20.246134
13 597 0 12.015022
13 597 3 20.546715
13 626 0 11.824591
13 626 3 20.593776
13 657 0 11.761512
13 657 3 20.784549
13 689 0 11.767998
13 689 3 20.400708
13 723 0 12.045164
13 723 3 20.990636
13 759 0 11.724274
13 759 3 20.694212
13 796 0 11.753063
13 796 3 20.788038
13 835 0 12.280441
13 835 3 20.907497
13 876 0 11.965777
13 876 3 20.968505
13 919 0 11.900846
13 919 3 20.951145
13 964 0 12.424037
13 964 3 21.120182
13 1012 0 12.884126
13 1012 3 21.076962
13 1062 0 13.230121
13 1062 3 21.071978
13 1115 0 12.656694
13 1115 3 20.694234
13 1170 0 12.611965
13 1170 3 22.063459
13 1228 0 13.257993
13 1228 3 22.799550
13 1289 0 14.502036
13 1289 3 26.730423
13 1353 0 14.535152
13 1353 3 25.251762
13 1420 0 13.903900
13 1420 3 25.475610
13 1491 0 15.399792
13 1491 3 34.196006
13 1565 0 15.027630
13 1565 3 31.921857
13 1643 0 15.530553
13 1643 3 36.085580
13 1725 0 15.244244
13 1725 3 33.987599
13 1811 0 14.880704
13 1811 3 33.881499
13 1901 0 14.855631
13 1901 3 34.568346
13 1996 0 14.967648
13 1996 3 34.432183
14 1 3 14.923449
14 2 3 16.035986
14 3 3 19.713363
14 4 3 19.527555
14 5 0 40.347355
14 5 3 18.664359
14 6 0 40.023675
14 6 3 18.772411
14 7 0 38.111364
14 7 3 17.635653
14 8 0 37.767445
14 8 3 18.623210
14 9 0 35.761106
14 9 3 17.626298
14 10 0 33.822516
14 10 3 18.393207
14 11 0 32.514481
14 11 3 18.369532
14 12 0 31.148180
14 12 3 18.051183
14 13 0 30.688893
14 13 3 24.714520
14 14 0 30.569726
14 14 3 18.887361
14 15 0 30.233924
14 15 3 18.646712
14 16 0 26.545398
14 16 3 18.146756
14 17 0 27.920067
14 17 3 18.546279
14 18 0 26.757830
14 18 3 18.152316
14 19 0 26.493204
14 19 3 18.610900
14 20 0 26.243877
14 20 3 18.299354
14 21 0 25.858314
14 21 3 18.469642
14 22 0 25.611139
14 22 3 18.391275
14 23 0 24.973556
14 23 3 18.212879
14 24 0 24.298855
14 24 3 18.287036
14 25 0 24.076265
14 25 3 18.227141
14 26 0 24.131685
14 26 3 18.602833
14 27 0 23.955314
14 27 3 18.325041
14 28 0 23.013747
14 28 3 18.941705
14 29 0 23.237727
14 29 3 18.673306
14 30 0 22.686594
14 30 3 18.022676
14 31 0 23.128612
14 31 3 18.298051
14 32 0 21.571692
14 32 3 17.964637
14 33 0 22.455623
14 33 3 18.538219
14 34 0 22.133375
14 34 3 18.367361
14 35 0 22.659801
14 35 3 18.685114
14 36 0 21.874008
14 36 3 18.381325
14 37 0 21.516684
14 37 3 18.752505
14 38 0 21.460761
14 38 3 18.731063
14 39 0 21.532070
14 39 3 18.816791
14 40 0 20.663299
14 40 3 18.704097
14 42 0 20.827277
14 42 3 18.597665
14 44 0 20.532437
14 44 3 18.910526
14 46 0 20.076407
14 46 3 18.477090
14 48 0 19.366086
14 48 3 18.752240
14 50 0 19.904365
14 50 3 18.516177
14 52 0 19.670646
14 52 3 18.760402
14 54 0 19.245801
14 54 3 18.609996
14 56 0 18.807476
14 56 3 18.915752
14 58 0 18.793370
14 58 3 18.560567
14 60 0 18.771191
14 60 3 18.669582
14 63 0 18.570596
14 63 3 18.550811
14 66 0 18.269604
14 66 3 18.390714
14 69 0 18.213476
14 69 3 19.236383
14 72 0 17.775355
14 72 3 18.652054
14 75 0 17.565290
14 75 3 18.980454
14 78 0 17.738521
14 78 3 18.953265
14 81 0 17.880147
14 81 3 18.861758
14 85 0 17.122637
14 85 3 18.866243
14 89 0 17.485446
14 89 3 18.865500
14 93 0 17.800322
14 93 3 19.114391
14 97 0 16.904429
14 97 3 18.815424
14 101 0 17.183155
14 101 3 18.880248
14 106 0 16.621809
14 106 3 19.077687
14 111 0 16.264810
14 111 3 18.945746
14 116 0 16.173595
14 116 3 19.018713
14 121 0 15.938126
14 121 3 19.188689
14 127 0 15.863773
14 127 3 19.771062
14 133 0 16.027406
14 133 3 19.290673
14 139 0 15.578288
14 139 3 19.601329
14 145 0 15.555553
14 145 3 19.912535
14 152 0 15.061359
14 152 3 19.753351
14 159 0 15.151355
14 159 3 19.465853
14 166 0 15.265121
14 166 3 19.408954
14 174 0 15.872816
14 174 3 20.315119
14 182 0 16.586848
14 182 3 19.876138
14 191 0 15.434204
14 191 3 19.835915
14 200 0 15.083208
14 200 3 20.139714
14 210 0 15.207556
14 210 3 20.261667
14 220 0 14.704848
14 220 3 20.402489
14 231 0 14.740006
14 231 3 20.609163
14 242 0 14.336588
14 242 3 20.204290
14 254 0 14.770591
14 254 3 20.781068
14 266 0 14.691325
14 266 3 20.187146
14 279 0 14.087416
14 279 3 19.955005
14 292 0 15.059630
14 292 3 20.719320
14 306 0 14.099942
14 306 3 20.512744
14 321 0 14.099554
14 321 3 20.543876
14 337 0 14.065142
14 337 3 20.806490
14 353 0 14.379217
14 353 3 20.419028
14 370 0 13.878122
14 370 3 20.263553
14 388 0 13.812617
14 388 3 20.903437
14 407 0 13.514998
14 407 3 20.336421
14 427 0 13.753406
14 427 3 21.324284
14 448 0 13.411557
14 448 3 20.861171
14 470 0 13.602784
14 470 3 20.571775
14 493 0 13.433470
14 493 3 20.637843
14 517 0 13.250905
14 517 3 21.061400
14 542 0 13.282204
14 542 3 21.123383
14 569 0 13.268364
14 569 3 20.959459
14 597 0 13.514140
14 597 3 21.191372
14 626 0 13.433360
14 626 3 21.233427
14 657 0 13.701105
14 657 3 22.494339
14 689 0 14.003324
14 689 3 20.914997
14 723 0 13.713912
14 723 3 21.223199
14 759 0 14.086682
14 759 3 20.944553
14 796 0 15.799310
14 796 3 22.262618
14 835 0 15.476430
14 835 3 22.765787
14 876 0 16.174275
14 876 3 23.090635
14 919 0 15.396429
14 919 3 22.767640
14 964 0 17.119175
14 964 3 29.223677
14 1012 0 18.343935
14 1012 3 31.379095
15 1 3 13.455651
15 2 3 19.198254
15 3 3 19.248969
15 4 3 18.982310
15 5 0 41.096029
15 5 3 18.580460
15 6 0 41.329896
15 6 3 18.787036
15 7 0 40.124385
15 7 3 17.848368
15 8 0 40.013912
15 8 3 18.488218
15 9 0 37.671071
15 9 3 18.215965
15 10 0 35.437125
15 10 3 18.280468
15 11 0 33.611140
15 11 3 18.174496
15 12 0 32.113909
15 12 3 19.780715
15 13 0 31.180540
15 13 3 18.310433
15 14 0 30.423038
15 14 3 18.582734
15 15 0 29.783043
15 15 3 18.706123
15 16 0 27.415088
15 16 3 18.768326
15 17 0 29.045887
15 17 3 18.688509
15 18 0 27.871865
15 18 3 18.316719
15 19 0 27.352390
15 19 3 18.870560
15 20 0 27.371194
15 20 3 18.575281
15 21 0 26.572251
15 21 3 18.925783
15 22 0 26.492566
15 22 3 18.965864
15 23 0 26.117288
15 23 3 18.725327
15 24 0 24.956303
15 24 3 18.564346
15 25 0 24.808116
15 25 3 18.662139
15 26 0 24.348858
15 26 3 18.511230
15 27 0 24.970634
15 27 3 18.867145
15 28 0 24.503491
15 28 3 19.380038
15 29 0 24.319464
15 29 3 18.874821
15 30 0 23.490533
15 30 3 18.381517
15 31 0 23.750044
15 31 3 18.812280
15 32 0 22.437767
15 32 3 18.201193
15 33 0 23.540070
15 33 3 18.491244
15 34 0 23.044364
15 34 3 18.769964
15 35 0 23.288841
15 35 3 19.079573
15 36 0 23.405925
15 36 3 18.733634
15 37 0 22.874354
15 37 3 19.222229
15 38 0 22.706579
15 38 3 19.219406
15 39 0 22.459671
15 39 3 19.573366
15 40 0 21.845945
15 40 3 18.887771
15 42 0 21.791834
15 42 3 19.201593
15 44 0 21.742149
15 44 3 19.447977
15 46 0 21.543425
15 46 3 18.923283
15 48 0 20.539480
15 48 3 18.848718
15 50 0 21.455123
15 50 3 18.960016
15 52 0 20.615164
15 52 3 19.255383
15 54 0 20.362899
15 54 3 19.593529
15 56 0 19.767181
15 56 3 18.811673
15 58 0 20.137566
15 58 3 19.611241
15 60 0 19.913416
15 60 3 19.316798
15 63 0 19.520831
15 63 3 19.429303
15 66 0 20.095497
15 66 3 19.312005
15 69 0 19.546961
15 69 3 19.534089
15 72 0 19.939787
15 72 3 19.455800
15 75 0 18.930492
15 75 3 19.467247
15 78 0 19.002525
15 78 3 19.164800
15 81 0 19.582691
15 81 3 19.577678
15 85 0 18.557004
15 85 3 19.615192
15 89 0 19.236670
15 89 3 19.557285
15 93 0 19.142663
15 93 3 19.966541
15 97 0 18.863349
15 97 3 19.515155
15 101 0 18.534721
15 101 3 24.815469
15 106 0 17.909335
15 106 3 20.230852
15 111 0 17.895734
15 111 3 19.708260
15 116 0 17.643501
15 116 3 19.982495
15 121 0 18.073858
15 121 3 20.277578
15 127 0 17.413863
15 127 3 20.676955
15 133 0 17.869583
15 133 3 20.008399
15 139 0 17.262581
15 139 3 20.519832
15 145 0 17.013490
15 145 3 21.987023
15 152 0 16.740864
15 152 3 20.611573
15 159 0 16.647117
15 159 3 20.368556
15 166 0 17.119840
15 166 3 20.015156
15 174 0 16.442592
15 174 3 20.700059
15 182 0 16.382884
15 182 3 20.467409
15 191 0 16.424710
15 191 3 20.767687
15 200 0 16.119081
15 200 3 20.562066
15 210 0 16.092007
15 210 3 20.686604
15 220 0 16.469638
15 220 3 20.784172
15 231 0 15.878396
15 231 3 20.917294
15 242 0 17.564974
15 242 3 21.218409
15 254 0 17.101944
15 254 3 20.956866
15 266 0 16.674114
15 266 3 21.017596
15 279 0 15.654114
15 279 3 20.639367
15 292 0 15.704571
15 292 3 21.122481
15 306 0 16.004154
15 306 3 21.352088
15 321 0 15.252663
15 321 3 20.951064
15 337 0 15.402193
15 337 3 21.080425
15 353 0 15.932805
15 353 3 21.040268
15 370 0 15.184354
15 370 3 20.850496
15 388 0 16.179671
15 388 3 20.977289
15 407 0 15.211277
15 407 3 21.091841
15 427 0 16.060922
15 427 3 21.351982
15 448 0 15.217721
15 448 3 20.930999
15 470 0 16.647056
15 470 3 21.126547
15 493 0 17.105423
15 493 3 21.217841
16 1 3 13.411817
16 2 3 18.871273
16 3 3 19.001747
16 4 3 18.813388
16 5 0 41.851679
16 5 3 18.357330
16 6 0 41.802590
16 6 3 18.496267
16 7 0 41.096355
16 7 3 18.124156
16 8 0 40.823261
16 8 3 18.601657
16 9 0 38.577521
16 9 3 18.151566
16 10 0 36.463385
16 10 3 18.763815
16 11 0 35.669875
16 11 3 18.729180
16 12 0 33.218184
16 12 3 18.868062
16 13 0 32.280435
16 13 3 18.596731
16 14 0 31.348072
16 14 3 18.888089
16 15 0 30.799987
16 15 3 18.721069
16 16 0 29.103630
16 16 3 19.059649
16 17 0 30.292080
16 17 3 19.113761
16 18 0 29.213252
16 18 3 18.722614
16 19 0 28.840671
16 19 3 18.970918
16 20 0 28.379237
16 20 3 19.118589
16 21 0 28.391736
16 21 3 19.136323
16 22 0 28.535108
16 22 3 19.109828
16 23 0 28.140818
16 23 3 18.999778
16 24 0 26.336656
16 24 3 19.244833
16 25 0 26.447894
16 25 3 19.035004
16 26 0 26.424474
16 26 3 18.760942
16 27 0 27.246713
16 27 3 18.986086
16 28 0 26.374814
16 28 3 19.624951
16 29 0 27.701071
16 29 3 19.109188
16 30 0 25.264284
16 30 3 18.964829
16 31 0 26.498075
16 31 3 18.980007
16 32 0 25.086340
16 32 3 19.445729
16 33 0 25.114408
16 33 3 19.629069
16 34 0 24.971390
16 34 3 19.106794
16 35 0 25.785840
16 35 3 19.980478
16 36 0 24.450555
16 36 3 19.514036
16 37 0 25.745929
16 37 3 19.962359
16 38 0 24.999380
16 38 3 20.534589
16 39 0 24.409645
16 39 3 20.993327
16 40 0 24.684005
16 40 3 20.094665
16 42 0 22.821736
16 42 3 20.913611
16 44 0 22.952251
16 44 3 20.126731
16 46 0 22.230723
16 46 3 19.866441
16 48 0 21.585863
16 48 3 19.927796
16 50 0 22.692083
16 50 3 19.931223
16 52 0 22.667854
16 52 3 19.697742
16 54 0 22.652087
16 54 3 20.018247
16 56 0 21.328179
16 56 3 19.632470
16 58 0 24.150640
16 58 3 19.960577
16 60 0 22.262016
16 60 3 19.513443
16 63 0 23.050751
16 63 3 20.149393
16 66 0 21.177525
16 66 3 20.648960
16 69 0 21.176621
16 69 3 20.496638
16 72 0 20.474359
16 72 3 20.280860
16 75 0 20.592902
16 75 3 20.753856
16 78 0 20.865433
16 78 3 20.510456
16 81 0 21.050788
16 81 3 20.446519
16 85 0 20.817330
16 85 3 20.494636
16 89 0 20.249619
16 89 3 20.409818
16 93 0 20.272107
16 93 3 20.412958
16 97 0 20.391624
16 97 3 20.815455
16 101 0 19.853359
16 101 3 21.514052
16 106 0 19.260724
16 106 3 21.276250
16 111 0 19.020758
16 111 3 20.700298
16 116 0 19.007268
16 116 3 20.721418
16 121 0 18.834837
16 121 3 20.363197
16 127 0 18.821419
16 127 3 20.837096
16 133 0 18.672636
16 133 3 20.709096
16 139 0 18.618260
16 139 3 21.348867
16 145 0 18.646043
16 145 3 20.885973
16 152 0 18.373821
16 152 3 20.929069
16 159 0 18.167257
16 159 3 21.180275
16 166 0 17.756903
16 166 3 20.914760
16 174 0 18.303583
16 174 3 20.958276
16 182 0 18.070692
16 182 3 21.192795
16 191 0 17.427800
16 191 3 21.183737
16 200 0 17.916427
16 200 3 21.181320
16 210 0 17.402642
16 210 3 21.430918
16 220 0 17.297226
16 220 3 21.325635
16 231 0 17.688757
16 231 3 21.260348
16 242 0 17.659463
16 242 3 21.176041
16 254 0 18.278480
16 254 3 21.574598
