4 2 3 193.023403
4 3 3 418.632264
4 4 3 214.776839
4 5 0 835.929536
4 5 3 210.233235
4 6 0 700.252210
4 6 3 179.974496
4 7 0 643.888730
4 7 3 227.311663
4 8 0 540.188901
4 8 3 158.983622
4 9 0 480.766214
4 9 3 157.335067
4 10 0 476.540190
4 10 3 163.288184
4 11 0 439.767638
4 11 3 170.074682
4 12 0 477.705602
4 12 3 170.034086
4 13 0 398.287806
4 13 3 161.334557
4 14 0 317.414435
4 14 3 137.713328
4 15 0 389.570807
4 15 3 147.308340
4 16 0 344.275785
4 16 3 137.373817
4 17 0 625.612883
4 17 3 130.836318
4 18 0 647.691818
4 18 3 131.967652
4 19 0 475.009899
4 19 3 120.177475
4 20 0 412.028584
4 20 3 114.874243
4 21 0 538.470821
4 21 3 138.556807
4 22 0 384.523396
4 22 3 112.274397
4 23 0 432.424903
4 23 3 122.052921
4 24 0 441.217087
4 24 3 126.430270
4 25 0 464.346146
4 25 3 151.906997
4 26 0 395.444296
4 26 3 148.262708
4 27 0 424.049203
4 27 3 157.672921
4 28 0 380.170618
4 28 3 138.553908
4 29 0 411.030770
4 29 3 148.884636
4 30 0 344.848980
4 30 3 142.321377
4 31 0 331.433630
4 31 3 126.019787
4 32 0 345.738792
4 32 3 141.249570
4 33 0 246.718117
4 33 3 120.310037
4 34 0 325.393067
4 34 3 147.120800
4 35 0 278.231856
4 35 3 132.822857
4 36 0 257.292034
4 36 3 123.164679
4 37 0 261.539881
4 37 3 126.424385
4 38 0 248.256789
4 38 3 132.611582
4 39 0 279.179651
4 39 3 155.330811
4 40 0 239.784590
4 40 3 125.976388
4 42 0 218.192976
4 42 3 119.684420
4 44 0 266.406065
4 44 3 124.714206
4 46 0 257.615557
4 46 3 126.660022
4 48 0 258.422372
4 48 3 130.948259
4 50 0 173.868183
4 50 3 117.375881
4 52 0 167.982871
4 52 3 117.357812
4 54 0 163.415653
4 54 3 119.997705
4 56 0 159.342052
4 56 3 119.805592
4 58 0 160.613873
4 58 3 105.573952
4 60 0 180.265496
4 60 3 113.640810
4 63 0 180.478202
4 63 3 106.727397
4 66 0 157.821970
4 66 3 97.896591
4 69 0 137.281310
4 69 3 99.417718
4 72 0 134.361892
4 72 3 89.159735
4 75 0 121.114778
4 75 3 87.883803
4 78 0 141.215955
4 78 3 88.436928
4 81 0 112.666272
4 81 3 85.479744
4 85 0 107.247529
4 85 3 84.248468
4 89 0 76.674078
4 89 3 75.894336
4 93 0 110.447509
4 93 3 79.147955
4 97 0 114.183401
4 97 3 78.960917
4 101 0 115.655285
4 101 3 74.424601
4 106 0 94.804678
4 106 3 73.629483
4 111 0 111.973292
4 111 3 71.219553
4 116 0 92.314264
4 116 3 66.727948
4 121 0 81.840372
4 121 3 64.619117
4 127 0 98.740257
4 127 3 60.735997
4 133 0 69.029397
4 133 3 61.250284
4 139 0 71.248752
4 139 3 60.621711
4 145 0 72.350812
4 145 3 57.749965
4 152 0 56.537476
4 152 3 53.761466
4 159 0 74.488992
4 159 3 50.010205
4 166 0 68.569583
4 166 3 51.910704
4 174 0 71.065738
4 174 3 51.902107
4 182 0 52.071656
4 182 3 51.007018
4 191 0 69.331671
4 191 3 49.972800
4 200 0 49.431743
4 200 3 46.223511
4 210 0 42.609613
4 210 3 45.066720
4 220 0 47.419032
4 220 3 45.414915
4 231 0 43.213896
4 231 3 41.828939
4 242 0 47.121632
4 242 3 39.614741
4 254 0 49.030360
4 254 3 37.480409
4 266 0 46.917682
4 266 3 37.681447
4 279 0 40.959722
4 279 3 36.539617
4 292 0 33.875722
4 292 3 38.542128
4 306 0 36.224195
4 306 3 35.510263
4 321 0 35.103808
4 321 3 32.414723
4 337 0 37.710153
4 337 3 36.670293
4 353 0 37.425900
4 353 3 33.691504
4 370 0 33.225964
4 370 3 35.579622
4 388 0 22.098079
4 388 3 34.263093
4 407 0 33.089337
4 407 3 30.552231
4 427 0 31.958971
4 427 3 30.518281
4 448 0 31.881751
4 448 3 28.495221
4 470 0 31.423887
4 470 3 28.433460
4 493 0 30.056621
4 493 3 28.176558
4 517 0 26.618705
4 517 3 27.489979
4 542 0 29.137670
4 542 3 27.872136
4 569 0 26.294608
4 569 3 26.269884
4 597 0 21.258556
4 597 3 29.223923
4 626 0 21.788783
4 626 3 28.592726
4 657 0 22.174425
4 657 3 28.407809
4 689 0 21.345193
4 689 3 29.687996
4 723 0 24.163508
4 723 3 29.042730
4 759 0 20.038171
4 759 3 25.659470
4 796 0 23.949102
4 796 3 29.556085
4 835 0 19.930219
4 835 3 28.575946
4 876 0 20.828300
4 876 3 25.712623
4 919 0 19.442846
4 919 3 27.259698
4 964 0 18.499971
4 964 3 22.768868
4 1012 0 18.293317
4 1012 3 24.289101
4 1062 0 18.027078
4 1062 3 24.509636
4 1115 0 19.195117
4 1115 3 26.265147
4 1170 0 17.357425
4 1170 3 21.718024
4 1228 0 18.069159
4 1228 3 26.778761
4 1289 0 17.559209
4 1289 3 26.485854
4 1353 0 17.203192
4 1353 3 25.852973
4 1420 0 16.402672
4 1420 3 24.469919
4 1491 0 16.718572
4 1491 3 26.900020
4 1565 0 15.364857
4 1565 3 27.669266
4 1643 0 15.829832
4 1643 3 25.765593
4 1725 0 14.852831
4 1725 3 21.272399
4 1811 0 14.529902
4 1811 3 21.840972
4 1901 0 14.303091
4 1901 3 21.767701
4 1996 0 14.757422
4 1996 3 25.422035
5 1 3 257.012114
5 2 3 155.662743
5 3 3 212.474875
5 4 3 197.156560
5 5 0 887.608413
5 5 3 162.486518
5 6 0 802.494982
5 6 3 158.453461
5 7 0 805.600870
5 7 3 169.579096
5 8 0 587.006154
5 8 3 132.635971
5 9 0 511.896647
5 9 3 118.814583
5 10 0 468.878301
5 10 3 128.026926
5 11 0 467.043815
5 11 3 117.553827
5 12 0 426.777065
5 12 3 134.774957
5 13 0 450.257365
5 13 3 144.411423
5 14 0 330.422410
5 14 3 128.699604
5 15 0 343.115786
5 15 3 134.948046
5 16 0 288.987308
5 16 3 120.557500
5 17 0 281.400077
5 17 3 133.947594
5 18 0 289.222204
5 18 3 147.005021
5 19 0 210.746279
5 19 3 115.985008
5 20 0 199.651754
5 20 3 118.308503
5 21 0 235.936526
5 21 3 139.500158
5 22 0 189.561954
5 22 3 114.469414
5 23 0 205.181915
5 23 3 124.875229
5 24 0 198.451788
5 24 3 120.376363
5 25 0 232.410421
5 25 3 141.211604
5 26 0 195.175942
5 26 3 127.985202
5 27 0 226.551774
5 27 3 145.221019
5 28 0 178.619527
5 28 3 121.111736
5 29 0 101.155062
5 29 3 137.110152
5 30 0 193.119862
5 30 3 117.584668
5 31 0 206.940574
5 31 3 114.587683
5 32 0 190.250494
5 32 3 112.410765
5 33 0 127.875243
5 33 3 99.138093
5 34 0 169.896443
5 34 3 121.504655
5 35 0 144.438304
5 35 3 109.036069
5 36 0 135.732449
5 36 3 102.662457
5 37 0 130.241740
5 37 3 102.730365
5 38 0 130.195406
5 38 3 106.817132
5 39 0 149.701111
5 39 3 112.754520
5 40 0 126.653847
5 40 3 95.512468
5 42 0 119.685357
5 42 3 84.640993
5 44 0 93.772085
5 44 3 88.924346
5 46 0 90.052596
5 46 3 84.483852
5 48 0 124.296283
5 48 3 80.527385
5 50 0 98.876835
5 50 3 73.425559
5 52 0 95.069646
5 52 3 69.764175
5 54 0 95.371555
5 54 3 70.364984
5 56 0 93.895347
5 56 3 69.194228
5 58 0 77.729945
5 58 3 62.348810
5 60 0 89.898621
5 60 3 66.021194
5 63 0 83.097774
5 63 3 63.208464
5 66 0 73.696381
5 66 3 56.412957
5 69 0 70.441264
5 69 3 58.799768
5 72 0 66.127207
5 72 3 54.440052
5 75 0 66.394497
5 75 3 51.096590
5 78 0 63.282035
5 78 3 53.104164
5 81 0 63.849491
5 81 3 51.312850
5 85 0 65.718935
5 85 3 49.541883
5 89 0 49.808804
5 89 3 47.106151
5 93 0 63.954036
5 93 3 47.544669
5 97 0 58.678542
5 97 3 47.590763
5 101 0 56.623982
5 101 3 45.839370
5 106 0 45.328831
5 106 3 46.208393
5 111 0 64.378401
5 111 3 48.797753
5 116 0 56.064633
5 116 3 44.934369
5 121 0 42.241021
5 121 3 42.657996
5 127 0 51.343751
5 127 3 40.324650
5 133 0 41.489007
5 133 3 39.470899
5 139 0 50.317630
5 139 3 42.178074
5 145 0 41.885029
5 145 3 38.333706
5 152 0 36.714876
5 152 3 35.041662
5 159 0 41.558324
5 159 3 33.560079
5 166 0 35.463314
5 166 3 36.650223
5 174 0 41.635651
5 174 3 36.240730
5 182 0 32.621998
5 182 3 35.450861
5 191 0 39.962678
5 191 3 35.085732
5 200 0 32.186861
5 200 3 33.542332
5 210 0 32.654793
5 210 3 32.561921
5 220 0 27.890987
5 220 3 32.416067
5 231 0 30.989170
5 231 3 29.320954
5 242 0 25.516248
5 242 3 29.185845
5 254 0 29.421663
5 254 3 28.059693
5 266 0 25.170905
5 266 3 27.366074
5 279 0 27.904340
5 279 3 27.033507
5 292 0 24.588553
5 292 3 28.322482
5 306 0 22.231117
5 306 3 26.495530
5 321 0 21.029941
5 321 3 24.654340
5 337 0 25.600066
5 337 3 29.092037
5 353 0 24.514675
5 353 3 28.776201
5 370 0 21.648466
5 370 3 28.805450
5 388 0 20.470835
5 388 3 28.753019
5 407 0 21.396674
5 407 3 23.538932
5 427 0 21.141724
5 427 3 23.840396
5 448 0 20.566869
5 448 3 22.839858
5 470 0 20.010379
5 470 3 22.889768
5 493 0 19.470053
5 493 3 24.814172
5 517 0 16.174149
5 517 3 22.180468
5 542 0 19.112595
5 542 3 22.445440
5 569 0 17.864514
5 569 3 21.798619
5 597 0 17.378849
5 597 3 27.111265
5 626 0 17.884344
5 626 3 26.573978
5 657 0 15.441980
5 657 3 27.006830
5 689 0 17.571934
5 689 3 27.024762
5 723 0 17.267662
5 723 3 26.549027
5 759 0 14.466195
5 759 3 23.964736
5 796 0 16.515235
5 796 3 25.220678
5 835 0 16.085932
5 835 3 25.523348
5 876 0 14.999832
5 876 3 23.704749
5 919 0 14.287659
5 919 3 25.929781
5 964 0 13.499365
5 964 3 21.347442
5 1012 0 13.638135
5 1012 3 24.129632
5 1062 0 13.851990
5 1062 3 24.093196
5 1115 0 14.304813
5 1115 3 25.110669
5 1170 0 13.371346
5 1170 3 23.679520
5 1228 0 13.588520
5 1228 3 25.922722
5 1289 0 13.543318
5 1289 3 27.069102
5 1353 0 13.453246
5 1353 3 26.135205
5 1420 0 12.614541
5 1420 3 23.746885
5 1491 0 13.169818
5 1491 3 25.433722
5 1565 0 12.259057
5 1565 3 23.104738
5 1643 0 12.884292
5 1643 3 27.263086
5 1725 0 11.948892
5 1725 3 23.586493
5 1811 0 11.738512
5 1811 3 22.567491
5 1901 0 11.750589
5 1901 3 22.476138
5 1996 0 12.147821
5 1996 3 25.470782
6 1 3 204.513035
6 2 3 160.189096
6 3 3 198.526103
6 4 3 151.129908
6 5 0 367.403772
6 5 3 122.662110
6 6 0 331.415484
6 6 3 131.864983
6 7 0 315.530220
6 7 3 138.603915
6 8 0 244.513626
6 8 3 126.794018
6 9 0 209.894058
6 9 3 125.334359
6 10 0 204.721245
6 10 3 122.069822
6 11 0 207.574208
6 11 3 133.475731
6 12 0 185.636210
6 12 3 127.276120
6 13 0 188.089395
6 13 3 133.322039
6 14 0 153.251475
6 14 3 120.195337
6 15 0 125.824814
6 15 3 118.044868
6 16 0 152.270172
6 16 3 105.962040
6 17 0 129.105008
6 17 3 105.896923
6 18 0 129.693706
6 18 3 102.910887
6 19 0 109.574650
6 19 3 88.366378
6 20 0 104.120696
6 20 3 85.690789
6 21 0 107.019045
6 21 3 89.303031
6 22 0 89.654473
6 22 3 78.542560
6 23 0 100.720131
6 23 3 79.274210
6 24 0 113.174443
6 24 3 83.867168
6 25 0 102.761428
6 25 3 80.632026
6 26 0 100.767469
6 26 3 77.460073
6 27 0 95.075875
6 27 3 76.129023
6 28 0 96.997013
6 28 3 74.631232
6 29 0 87.658445
6 29 3 72.548120
6 30 0 80.055689
6 30 3 64.787541
6 31 0 80.631019
6 31 3 68.582980
6 32 0 98.008146
6 32 3 63.321927
6 33 0 69.605653
6 33 3 60.204422
6 34 0 78.056093
6 34 3 63.430552
6 35 0 76.157627
6 35 3 64.429959
6 36 0 75.961170
6 36 3 60.848257
6 37 0 76.458635
6 37 3 59.900493
6 38 0 69.669201
6 38 3 60.462832
6 39 0 79.329490
6 39 3 61.979990
6 40 0 69.755400
6 40 3 56.460771
6 42 0 64.310327
6 42 3 52.966154
6 44 0 52.369527
6 44 3 49.968567
6 46 0 59.058081
6 46 3 48.265170
6 48 0 65.900072
6 48 3 47.135342
6 50 0 52.849078
6 50 3 45.509672
6 52 0 49.714309
6 52 3 43.465087
6 54 0 52.558876
6 54 3 46.386995
6 56 0 51.261103
6 56 3 44.355889
6 58 0 43.246110
6 58 3 38.924674
6 60 0 38.407354
6 60 3 43.535756
6 63 0 50.307378
6 63 3 41.998192
6 66 0 42.355973
6 66 3 37.284033
6 69 0 44.919832
6 69 3 37.095852
6 72 0 42.426700
6 72 3 34.889382
6 75 0 33.554054
6 75 3 33.831094
6 78 0 40.950371
6 78 3 34.597298
6 81 0 37.912469
6 81 3 35.205304
6 85 0 32.864977
6 85 3 32.332575
6 89 0 33.727983
6 89 3 32.565634
6 93 0 32.246845
6 93 3 33.729945
6 97 0 35.698395
6 97 3 33.731859
6 101 0 34.630228
6 101 3 32.695160
6 106 0 35.241594
6 106 3 31.918711
6 111 0 37.695260
6 111 3 34.102076
6 116 0 37.756943
6 116 3 32.919261
6 121 0 31.747715
6 121 3 31.876508
6 127 0 32.065649
6 127 3 29.756256
6 133 0 25.861872
6 133 3 29.576470
6 139 0 27.767768
6 139 3 30.941424
6 145 0 27.405690
6 145 3 29.278466
6 152 0 24.326302
6 152 3 26.944041
6 159 0 26.234824
6 159 3 24.794830
6 166 0 24.438785
6 166 3 28.155452
6 174 0 28.021468
6 174 3 29.783712
6 182 0 25.071083
6 182 3 29.164781
6 191 0 26.237918
6 191 3 29.900432
6 200 0 23.736469
6 200 3 27.819746
6 210 0 20.995511
6 210 3 28.033392
6 220 0 23.735689
6 220 3 28.785977
6 231 0 19.165234
6 231 3 24.813869
6 242 0 19.497722
6 242 3 23.307605
6 254 0 19.701360
6 254 3 22.922605
6 266 0 18.775113
6 266 3 22.120974
6 279 0 18.871287
6 279 3 23.759125
6 292 0 18.329338
6 292 3 25.150693
6 306 0 17.517823
6 306 3 22.447412
6 321 0 15.876339
6 321 3 21.544154
6 337 0 17.066120
6 337 3 26.932338
6 353 0 17.904016
6 353 3 25.482849
6 370 0 17.903852
6 370 3 26.416840
6 388 0 17.110625
6 388 3 26.376397
6 407 0 15.507812
6 407 3 21.917738
6 427 0 15.465535
6 427 3 22.038098
6 448 0 14.863240
6 448 3 21.453121
6 470 0 14.006930
6 470 3 21.527471
6 493 0 14.368989
6 493 3 23.748529
6 517 0 13.423775
6 517 3 21.069049
6 542 0 14.232255
6 542 3 21.736535
6 569 0 14.218489
6 569 3 22.568622
6 597 0 14.349499
6 597 3 26.941296
6 626 0 14.540980
6 626 3 27.189392
6 657 0 14.370850
6 657 3 25.206036
6 689 0 13.975967
6 689 3 26.115372
6 723 0 13.640256
6 723 3 26.885668
6 759 0 13.110037
6 759 3 23.679451
6 796 0 13.302615
6 796 3 24.911559
6 835 0 13.053283
6 835 3 24.363735
6 876 0 12.468044
6 876 3 24.877402
6 919 0 12.346795
6 919 3 26.313149
6 964 0 11.784912
6 964 3 22.693444
6 1012 0 11.788999
6 1012 3 24.155768
6 1062 0 11.631134
6 1062 3 25.033807
6 1115 0 11.996693
6 1115 3 23.599632
6 1170 0 11.329207
6 1170 3 22.776650
6 1228 0 11.820927
6 1228 3 23.495201
6 1289 0 11.544997
6 1289 3 25.892383
6 1353 0 11.502357
6 1353 3 23.151073
6 1420 0 11.043605
6 1420 3 21.553456
6 1491 0 11.534505
6 1491 3 24.502378
6 1565 0 10.778515
6 1565 3 22.275849
6 1643 0 11.080801
6 1643 3 23.953984
6 1725 0 10.593915
6 1725 3 22.207421
6 1811 0 10.579657
6 1811 3 21.580776
6 1901 0 10.457053
6 1901 3 22.260451
6 1996 0 11.715065
6 1996 3 24.602496
7 1 3 184.109526
7 2 3 137.559927
7 3 3 165.733956
7 4 3 149.825469
7 5 0 156.897518
7 5 3 115.093706
7 6 0 139.338678
7 6 3 123.453073
7 7 0 129.508281
7 7 3 122.756618
7 8 0 118.909266
7 8 3 105.331223
7 9 0 109.648603
7 9 3 98.603435
7 10 0 101.808037
7 10 3 89.662408
7 11 0 99.833308
7 11 3 92.705409
7 12 0 97.908418
7 12 3 86.259217
7 13 0 84.865333
7 13 3 79.253813
7 14 0 70.395929
7 14 3 68.883380
7 15 0 62.980351
7 15 3 70.520383
7 16 0 80.258466
7 16 3 52.461504
7 17 0 67.305343
7 17 3 59.676345
7 18 0 62.250083
7 18 3 63.696369
7 19 0 56.761522
7 19 3 53.171237
7 20 0 52.734474
7 20 3 50.587086
7 21 0 54.748509
7 21 3 49.898885
7 22 0 50.324652
7 22 3 46.575524
7 23 0 51.976030
7 23 3 48.559650
7 24 0 55.300425
7 24 3 49.790165
7 25 0 60.144256
7 25 3 51.986600
7 26 0 52.448079
7 26 3 49.873749
7 27 0 48.804845
7 27 3 44.611593
7 28 0 50.104485
7 28 3 51.310052
7 29 0 44.748500
7 29 3 50.412657
7 30 0 39.936929
7 30 3 45.401470
7 31 0 46.224764
7 31 3 44.398813
7 32 0 56.351829
7 32 3 42.881075
7 33 0 41.951631
7 33 3 39.085855
7 34 0 48.114124
7 34 3 43.334375
7 35 0 48.578837
7 35 3 42.925577
7 36 0 45.186399
7 36 3 43.251580
7 37 0 44.350019
7 37 3 40.590284
7 38 0 47.284837
7 38 3 42.868714
7 39 0 44.926071
7 39 3 40.154330
7 40 0 42.246065
7 40 3 38.673008
7 42 0 36.111777
7 42 3 35.809520
7 44 0 36.635664
7 44 3 34.781734
7 46 0 36.044855
7 46 3 32.302545
7 48 0 38.272505
7 48 3 32.308745
7 50 0 32.428157
7 50 3 33.580335
7 52 0 34.381824
7 52 3 30.855705
7 54 0 33.122257
7 54 3 33.047269
7 56 0 34.663996
7 56 3 31.648915
7 58 0 30.658795
7 58 3 29.125780
7 60 0 36.923568
7 60 3 32.603483
7 63 0 35.213703
7 63 3 31.134028
7 66 0 26.759506
7 66 3 28.013463
7 69 0 27.925508
7 69 3 26.824285
7 72 0 24.489085
7 72 3 26.355561
7 75 0 23.639557
7 75 3 25.273834
7 78 0 27.908565
7 78 3 26.604928
7 81 0 25.348820
7 81 3 25.850361
7 85 0 24.213026
7 85 3 25.320755
7 89 0 26.986039
7 89 3 25.231780
7 93 0 26.390109
7 93 3 29.130232
7 97 0 25.073556
7 97 3 28.622259
7 101 0 23.582505
7 101 3 28.300529
7 106 0 24.479181
7 106 3 28.153981
7 111 0 26.595924
7 111 3 28.745620
7 116 0 23.715781
7 116 3 28.839789
7 121 0 22.492388
7 121 3 26.935170
7 127 0 21.713146
7 127 3 25.564041
7 133 0 19.817699
7 133 3 25.369076
7 139 0 23.458359
7 139 3 28.179601
7 145 0 21.348345
7 145 3 27.358658
7 152 0 18.579014
7 152 3 23.678233
7 159 0 18.477336
7 159 3 22.142583
7 166 0 20.588167
7 166 3 26.030694
7 174 0 20.904654
7 174 3 28.066713
7 182 0 19.940553
7 182 3 26.036492
7 191 0 19.513437
7 191 3 28.414682
7 200 0 18.469528
7 200 3 25.550722
7 210 0 16.555033
7 210 3 25.557027
7 220 0 18.314338
7 220 3 28.189549
7 231 0 14.925527
7 231 3 23.117770
7 242 0 15.044520
7 242 3 21.353625
7 254 0 15.493475
7 254 3 21.418269
7 266 0 15.467221
7 266 3 21.135766
7 279 0 14.513070
7 279 3 23.002787
7 292 0 14.185513
7 292 3 24.881574
7 306 0 14.162195
7 306 3 23.908130
7 321 0 13.719094
7 321 3 23.703496
7 337 0 14.926933
7 337 3 26.712775
7 353 0 14.846473
7 353 3 24.970398
7 370 0 14.217153
7 370 3 27.586814
7 388 0 14.174646
7 388 3 27.447261
7 407 0 13.035116
7 407 3 22.502822
7 427 0 13.009871
7 427 3 22.905329
7 448 0 13.756237
7 448 3 23.480828
7 470 0 12.410629
7 470 3 22.594978
7 493 0 12.341318
7 493 3 24.464509
7 517 0 12.086254
7 517 3 22.161526
7 542 0 12.054387
7 542 3 22.370053
7 569 0 11.852480
7 569 3 23.279285
7 597 0 12.150144
7 597 3 24.523327
7 626 0 12.046930
7 626 3 24.413891
7 657 0 11.851053
7 657 3 23.143707
7 689 0 11.845452
7 689 3 23.457140
7 723 0 11.781581
7 723 3 24.998970
7 759 0 11.205981
7 759 3 22.234847
7 796 0 11.508368
7 796 3 23.327459
7 835 0 11.192029
7 835 3 23.782844
7 876 0 10.768752
7 876 3 22.019804
7 919 0 10.820653
7 919 3 23.569950
7 964 0 10.517548
7 964 3 21.558205
7 1012 0 10.395025
7 1012 3 22.477119
7 1062 0 10.275006
7 1062 3 22.542406
7 1115 0 10.676825
7 1115 3 23.239228
7 1170 0 10.497695
7 1170 3 21.681836
7 1228 0 10.500252
7 1228 3 22.432013
7 1289 0 10.535378
7 1289 3 23.211179
7 1353 0 10.470478
7 1353 3 22.269159
7 1420 0 9.761554
7 1420 3 21.468415
7 1491 0 10.282686
7 1491 3 23.352910
7 1565 0 10.115814
7 1565 3 21.210909
7 1643 0 10.005198
7 1643 3 22.827980
7 1725 0 9.484625
7 1725 3 21.224117
7 1811 0 9.808486
7 1811 3 21.150126
7 1901 0 10.040816
7 1901 3 21.941428
7 1996 0 11.118504
7 1996 3 27.476284
8 1 3 129.555291
8 2 3 116.032204
8 3 3 137.078795
8 4 3 129.793646
8 5 0 92.025751
8 5 3 85.413321
8 6 0 81.616875
8 6 3 74.577668
8 7 0 77.461466
8 7 3 68.435063
8 8 0 70.907525
8 8 3 61.116197
8 9 0 64.965907
8 9 3 56.586469
8 10 0 62.114648
8 10 3 53.933067
8 11 0 62.708255
8 11 3 55.830351
8 12 0 60.573268
8 12 3 53.078926
8 13 0 56.437683
8 13 3 49.299619
8 14 0 47.768278
8 14 3 43.977290
8 15 0 53.817064
8 15 3 46.619589
8 16 0 41.986158
8 16 3 38.686193
8 17 0 44.282114
8 17 3 39.430362
8 18 0 41.879118
8 18 3 39.002562
8 19 0 42.187182
8 19 3 35.497663
8 20 0 37.419856
8 20 3 34.146555
8 21 0 40.473097
8 21 3 33.964153
8 22 0 35.606192
8 22 3 32.565619
8 23 0 36.496356
8 23 3 34.082062
8 24 0 41.351639
8 24 3 36.080475
8 25 0 40.478546
8 25 3 36.588805
8 26 0 39.434158
8 26 3 36.462498
8 27 0 34.062591
8 27 3 32.063207
8 28 0 37.970437
8 28 3 37.168941
8 29 0 38.193936
8 29 3 36.610658
8 30 0 36.749963
8 30 3 34.507939
8 31 0 36.448068
8 31 3 32.907053
8 32 0 34.883386
8 32 3 33.552516
8 33 0 28.763545
8 33 3 28.806376
8 34 0 35.142313
8 34 3 33.001755
8 35 0 34.962802
8 35 3 31.843497
8 36 0 35.612015
8 36 3 33.474161
8 37 0 34.106524
8 37 3 31.575550
8 38 0 34.101307
8 38 3 33.869770
8 39 0 35.238342
8 39 3 34.538086
8 40 0 33.935183
8 40 3 32.076356
8 42 0 25.926080
8 42 3 27.713606
8 44 0 25.617478
8 44 3 26.463726
8 46 0 25.556667
8 46 3 26.212304
8 48 0 25.193005
8 48 3 25.879567
8 50 0 25.887986
8 50 3 26.769976
8 52 0 27.357592
8 52 3 26.217878
8 54 0 27.668147
8 54 3 28.542697
8 56 0 26.961624
8 56 3 28.177088
8 58 0 22.463100
8 58 3 23.126464
8 60 0 26.380305
8 60 3 29.060531
8 63 0 26.310480
8 63 3 28.551788
8 66 0 21.865155
8 66 3 22.247809
8 69 0 21.996400
8 69 3 22.722203
8 72 0 20.130728
8 72 3 22.209905
8 75 0 20.891051
8 75 3 21.765998
8 78 0 20.653315
8 78 3 24.308834
8 81 0 20.163566
8 81 3 22.821492
8 85 0 20.103498
8 85 3 22.439017
8 89 0 19.316247
8 89 3 22.312602
8 93 0 22.203091
8 93 3 27.091840
8 97 0 21.498249
8 97 3 26.349972
8 101 0 22.327047
8 101 3 26.699968
8 106 0 22.254702
8 106 3 26.319477
8 111 0 21.701611
8 111 3 27.792907
8 116 0 19.398873
8 116 3 26.257311
8 121 0 19.849523
8 121 3 25.752661
8 127 0 17.719046
8 127 3 23.708028
8 133 0 17.342884
8 133 3 25.137282
8 139 0 19.003076
8 139 3 28.021726
8 145 0 18.141619
8 145 3 26.953558
8 152 0 16.005930
8 152 3 24.938513
8 159 0 15.782976
8 159 3 24.996776
8 166 0 16.767959
8 166 3 25.111693
8 174 0 16.480541
8 174 3 27.453699
8 182 0 16.839360
8 182 3 25.231820
8 191 0 16.485130
8 191 3 25.873014
8 200 0 15.191393
8 200 3 25.511254
8 210 0 15.779657
8 210 3 25.315986
8 220 0 14.715692
8 220 3 25.658002
8 231 0 13.980080
8 231 3 23.247110
8 242 0 13.684719
8 242 3 23.230841
8 254 0 13.445587
8 254 3 23.486251
8 266 0 14.272037
8 266 3 32.086892
8 279 0 12.863886
8 279 3 23.634338
8 292 0 12.709814
8 292 3 22.331005
8 306 0 12.616844
8 306 3 22.615628
8 321 0 12.399456
8 321 3 22.642678
8 337 0 12.836678
8 337 3 25.178666
8 353 0 12.852168
8 353 3 23.407637
8 370 0 12.641398
8 370 3 26.322079
8 388 0 12.863047
8 388 3 24.481012
8 407 0 11.379841
8 407 3 22.093320
8 427 0 11.402967
8 427 3 21.588414
8 448 0 11.260365
8 448 3 22.120613
8 470 0 11.100908
8 470 3 21.431057
8 493 0 11.035671
8 493 3 22.244813
8 517 0 10.817612
8 517 3 22.148014
8 542 0 10.737922
8 542 3 21.586350
8 569 0 10.674609
8 569 3 22.088861
8 597 0 10.964335
8 597 3 23.184268
8 626 0 10.793477
8 626 3 23.565582
8 657 0 10.894247
8 657 3 22.196440
8 689 0 10.743346
8 689 3 23.345552
8 723 0 10.785453
8 723 3 23.227370
8 759 0 10.355403
8 759 3 21.676584
8 796 0 10.591505
8 796 3 22.968689
8 835 0 10.296233
8 835 3 22.185721
8 876 0 9.881821
8 876 3 21.728127
8 919 0 10.378989
8 919 3 22.641044
8 964 0 10.139088
8 964 3 21.148647
8 1012 0 9.919046
8 1012 3 21.053556
8 1062 0 9.730409
8 1062 3 21.469483
8 1115 0 9.954911
8 1115 3 23.117596
8 1170 0 9.578619
8 1170 3 22.219184
8 1228 0 9.836687
8 1228 3 21.607030
8 1289 0 9.876839
8 1289 3 22.022244
8 1353 0 9.668073
8 1353 3 22.974850
8 1420 0 9.322430
8 1420 3 20.723799
8 1491 0 9.744619
8 1491 3 22.788374
8 1565 0 9.304254
8 1565 3 21.088001
8 1643 0 9.544869
8 1643 3 21.943657
8 1725 0 9.180429
8 1725 3 21.011560
8 1811 0 9.156922
8 1811 3 20.907294
8 1901 0 9.347043
8 1901 3 21.328167
8 1996 0 10.065781
8 1996 3 26.600242
9 1 3 155.226192
9 2 3 103.895102
9 3 3 84.330879
9 4 3 75.223464
9 5 0 63.315757
9 5 3 50.392127
9 6 0 57.893084
9 6 3 44.587629
9 7 0 58.372599
9 7 3 42.491458
9 8 0 51.374612
9 8 3 38.180231
9 9 0 48.934557
9 9 3 36.840338
9 10 0 45.852748
9 10 3 34.778758
9 11 0 48.740625
9 11 3 37.965987
9 12 0 46.757747
9 12 3 38.565930
9 13 0 44.603513
9 13 3 35.492085
9 14 0 37.395858
9 14 3 31.115047
9 15 0 44.920284
9 15 3 35.594250
9 16 0 33.687205
9 16 3 28.414813
9 17 0 35.544405
9 17 3 29.550853
9 18 0 33.552568
9 18 3 28.485338
9 19 0 33.995065
9 19 3 28.220973
9 20 0 32.094541
9 20 3 27.352175
9 21 0 34.512181
9 21 3 25.700251
9 22 0 29.178336
9 22 3 25.045543
9 23 0 29.943136
9 23 3 27.354573
9 24 0 34.128405
9 24 3 31.155949
9 25 0 33.570453
9 25 3 31.505665
9 26 0 34.048400
9 26 3 30.236639
9 27 0 28.778393
9 27 3 24.962571
9 28 0 34.002346
9 28 3 34.097542
9 29 0 33.809857
9 29 3 31.371620
9 30 0 32.181494
9 30 3 30.953667
9 31 0 32.286879
9 31 3 30.118899
9 32 0 34.393297
9 32 3 29.351263
9 33 0 25.846863
9 33 3 25.108976
9 34 0 30.131398
9 34 3 29.513979
9 35 0 30.407632
9 35 3 29.645135
9 36 0 31.868899
9 36 3 31.996092
9 37 0 29.486751
9 37 3 29.522365
9 38 0 29.826305
9 38 3 30.253929
9 39 0 29.502214
9 39 3 32.039390
9 40 0 29.859237
9 40 3 32.209079
9 42 0 23.513508
9 42 3 25.086787
9 44 0 22.426635
9 44 3 22.748646
9 46 0 22.722560
9 46 3 22.930219
9 48 0 26.913637
9 48 3 22.961257
9 50 0 24.621431
9 50 3 24.964048
9 52 0 22.545150
9 52 3 22.756912
9 54 0 25.419291
9 54 3 26.220763
9 56 0 24.420473
9 56 3 27.223004
9 58 0 21.621334
9 58 3 21.562669
9 60 0 25.884515
9 60 3 28.064807
9 63 0 25.240057
9 63 3 27.344455
9 66 0 20.625610
9 66 3 21.232843
9 69 0 21.259083
9 69 3 22.004412
9 72 0 20.297298
9 72 3 22.897033
9 75 0 20.474724
9 75 3 23.025650
9 78 0 19.393487
9 78 3 24.635516
9 81 0 19.324575
9 81 3 23.615591
9 85 0 20.551068
9 85 3 23.710328
9 89 0 19.390824
9 89 3 23.709693
9 93 0 20.847664
9 93 3 26.696959
9 97 0 20.300697
9 97 3 24.377298
9 101 0 20.026601
9 101 3 26.035612
9 106 0 20.423811
9 106 3 25.015074
9 111 0 20.840888
9 111 3 28.292619
9 116 0 18.811759
9 116 3 25.560131
9 121 0 18.699380
9 121 3 24.775212
9 127 0 16.840402
9 127 3 23.027552
9 133 0 16.685919
9 133 3 24.343816
9 139 0 17.566051
9 139 3 27.224079
9 145 0 17.027660
9 145 3 24.239958
9 152 0 15.787568
9 152 3 23.908864
9 159 0 15.276692
9 159 3 23.814306
9 166 0 15.910561
9 166 3 23.142779
9 174 0 15.691272
9 174 3 25.318108
9 182 0 15.545685
9 182 3 24.109120
9 191 0 15.419067
9 191 3 24.342328
9 200 0 14.973419
9 200 3 24.617695
9 210 0 14.760603
9 210 3 23.189578
9 220 0 14.320177
9 220 3 24.371951
9 231 0 13.491502
9 231 3 21.749910
9 242 0 13.283443
9 242 3 22.311146
9 254 0 12.981180
9 254 3 22.788076
9 266 0 12.714110
9 266 3 21.385153
9 279 0 12.418768
9 279 3 21.750033
9 292 0 12.404406
9 292 3 21.196269
9 306 0 12.731865
9 306 3 21.233396
9 321 0 12.032101
9 321 3 21.671272
9 337 0 12.575134
9 337 3 23.332410
9 353 0 12.244962
9 353 3 22.508132
9 370 0 12.351247
9 370 3 23.923087
9 388 0 12.145174
9 388 3 23.193788
9 407 0 11.251401
9 407 3 21.455766
9 427 0 11.018044
9 427 3 21.148920
9 448 0 10.919639
9 448 3 20.973850
9 470 0 11.108095
9 470 3 20.983242
9 493 0 11.118928
9 493 3 21.488463
9 517 0 10.659374
9 517 3 21.133851
9 542 0 10.600530
9 542 3 21.158487
9 569 0 10.522223
9 569 3 21.430097
9 597 0 10.829063
9 597 3 22.403819
9 626 0 10.686313
9 626 3 22.128694
9 657 0 10.596672
9 657 3 22.300614
9 689 0 10.631112
9 689 3 22.891081
9 723 0 10.400561
9 723 3 22.309066
9 759 0 9.977616
9 759 3 21.128274
9 796 0 10.336500
9 796 3 22.353536
9 835 0 10.246911
9 835 3 21.873265
9 876 0 9.762073
9 876 3 21.130851
9 919 0 9.995368
9 919 3 21.991694
9 964 0 9.558960
9 964 3 21.166741
9 1012 0 9.539788
9 1012 3 23.758294
9 1062 0 9.529031
9 1062 3 21.868711
9 1115 0 9.723096
9 1115 3 22.069310
9 1170 0 9.324867
9 1170 3 21.062762
9 1228 0 9.718213
9 1228 3 21.713243
9 1289 0 9.606852
9 1289 3 22.332445
9 1353 0 9.485510
9 1353 3 21.873576
9 1420 0 9.121038
9 1420 3 20.567618
9 1491 0 9.407460
9 1491 3 23.046915
9 1565 0 9.290931
9 1565 3 20.944796
9 1643 0 9.461580
9 1643 3 22.213677
9 1725 0 9.147554
9 1725 3 20.884325
9 1811 0 9.132464
9 1811 3 21.324101
9 1901 0 9.267206
9 1901 3 22.117644
9 1996 0 10.295053
9 1996 3 27.431083
10 1 3 134.180425
10 2 3 60.045619
10 3 3 49.309354
10 4 3 43.305720
10 5 0 49.637984
10 5 3 33.775408
10 6 0 45.674144
10 6 3 30.467771
10 7 0 48.745437
10 7 3 32.480122
10 8 0 41.311559
10 8 3 28.049155
10 9 0 40.200227
10 9 3 27.024952
10 10 0 38.601329
10 10 3 25.462629
10 11 0 42.347637
10 11 3 30.220349
10 12 0 40.532038
10 12 3 32.013775
10 13 0 39.067058
10 13 3 28.908644
10 14 0 35.584687
10 14 3 27.161574
10 15 0 37.120093
10 15 3 31.369418
10 16 0 32.409553
10 16 3 22.742595
10 17 0 32.758548
10 17 3 26.760304
10 18 0 29.621788
10 18 3 26.423870
10 19 0 29.121262
10 19 3 23.968261
10 20 0 28.263524
10 20 3 22.853237
10 21 0 27.943363
10 21 3 22.761574
10 22 0 27.581440
10 22 3 22.374792
10 23 0 26.896664
10 23 3 24.425767
10 24 0 31.238651
10 24 3 26.844333
10 25 0 30.616604
10 25 3 27.274383
10 26 0 30.409588
10 26 3 28.030281
10 27 0 26.006071
10 27 3 22.708212
10 28 0 31.634780
10 28 3 32.017051
10 29 0 30.790408
10 29 3 29.519027
10 30 0 29.852192
10 30 3 28.694669
10 31 0 30.048927
10 31 3 29.142243
10 32 0 27.931993
10 32 3 28.287800
10 33 0 25.159892
10 33 3 23.437812
10 34 0 28.089977
10 34 3 28.011390
10 35 0 27.301554
10 35 3 27.260056
10 36 0 28.194043
10 36 3 30.437711
10 37 0 26.708776
10 37 3 29.127133
10 38 0 26.851497
10 38 3 29.675751
10 39 0 27.228050
10 39 3 30.090101
10 40 0 26.891781
10 40 3 32.743988
10 42 0 22.920441
10 42 3 26.580615
10 44 0 22.638922
10 44 3 24.667193
10 46 0 22.029343
10 46 3 24.090629
10 48 0 21.483708
10 48 3 23.619111
10 50 0 22.310664
10 50 3 23.014643
10 52 0 21.961677
10 52 3 23.303519
10 54 0 25.165439
10 54 3 26.680252
10 56 0 24.232426
10 56 3 25.510675
10 58 0 20.847730
10 58 3 23.539885
10 60 0 23.090682
10 60 3 27.427036
10 63 0 24.158503
10 63 3 28.778091
10 66 0 20.096694
10 66 3 22.782675
10 69 0 20.054279
10 69 3 22.881431
10 72 0 20.216601
10 72 3 22.879922
10 75 0 19.431926
10 75 3 21.693748
10 78 0 19.204301
10 78 3 23.431616
10 81 0 19.059921
10 81 3 21.946533
10 85 0 18.971939
10 85 3 24.482250
10 89 0 18.636566
10 89 3 22.061044
10 93 0 20.063384
10 93 3 25.055020
10 97 0 20.184696
10 97 3 23.757585
10 101 0 19.458953
10 101 3 24.294756
10 106 0 18.989332
10 106 3 24.417490
10 111 0 19.619714
10 111 3 25.921973
10 116 0 18.678198
10 116 3 23.753530
10 121 0 18.077828
10 121 3 24.434335
10 127 0 16.398926
10 127 3 22.055507
10 133 0 16.324637
10 133 3 22.455407
10 139 0 17.221040
10 139 3 23.602914
10 145 0 16.746623
10 145 3 23.856864
10 152 0 15.392821
10 152 3 22.315573
10 159 0 15.072558
10 159 3 22.409391
10 166 0 15.982133
10 166 3 22.601827
10 174 0 16.389077
10 174 3 23.392177
10 182 0 15.145610
10 182 3 22.692204
10 191 0 15.341324
10 191 3 23.283917
10 200 0 14.987584
10 200 3 23.130205
10 210 0 14.622626
10 210 3 22.099068
10 220 0 14.040427
10 220 3 22.373579
10 231 0 13.425502
10 231 3 21.114633
10 242 0 13.382986
10 242 3 21.847017
10 254 0 13.070741
10 254 3 21.476149
10 266 0 12.662591
10 266 3 21.238341
10 279 0 12.402661
10 279 3 21.040164
10 292 0 12.306452
10 292 3 20.811129
10 306 0 12.152432
10 306 3 28.494977
10 321 0 11.926077
10 321 3 20.930571
10 337 0 12.554586
10 337 3 22.226834
10 353 0 12.202398
10 353 3 23.370348
10 370 0 12.131434
10 370 3 23.534438
10 388 0 11.970215
10 388 3 23.460737
10 407 0 11.109821
10 407 3 20.837202
10 427 0 11.089930
10 427 3 21.025267
10 448 0 10.879839
10 448 3 20.851766
10 470 0 10.750781
10 470 3 20.765291
10 493 0 10.743190
10 493 3 21.087957
10 517 0 10.574026
10 517 3 20.869164
10 542 0 10.506096
10 542 3 21.085657
10 569 0 10.415598
10 569 3 20.868669
10 597 0 10.724438
10 597 3 22.871697
10 626 0 10.697961
10 626 3 22.406021
10 657 0 10.500822
10 657 3 22.525248
10 689 0 10.351221
10 689 3 22.324562
10 723 0 10.250638
10 723 3 22.183554
10 759 0 10.000487
10 759 3 21.290235
10 796 0 10.199748
10 796 3 22.435451
10 835 0 10.103954
10 835 3 21.869234
10 876 0 9.676587
10 876 3 20.956626
10 919 0 9.887937
10 919 3 22.262133
10 964 0 10.075517
10 964 3 23.880095
10 1012 0 9.475164
10 1012 3 20.809199
10 1062 0 9.475093
10 1062 3 21.081138
10 1115 0 9.784342
10 1115 3 21.820380
10 1170 0 9.333383
10 1170 3 20.790721
10 1228 0 9.711483
10 1228 3 22.029671
10 1289 0 9.549239
10 1289 3 21.973928
10 1353 0 9.493584
10 1353 3 21.708792
10 1420 0 9.226435
10 1420 3 20.801830
10 1491 0 9.454155
10 1491 3 22.022503
10 1565 0 9.214859
10 1565 3 27.322060
10 1643 0 10.153470
10 1643 3 26.791512
10 1725 0 9.327831
10 1725 3 22.179348
10 1811 0 9.337518
10 1811 3 22.275399
10 1901 0 9.379479
10 1901 3 23.023072
10 1996 0 11.213958
10 1996 3 31.661507
11 1 3 76.472603
11 2 3 41.734522
11 3 3 34.197845
11 4 3 30.949839
11 5 0 44.077700
11 5 3 26.019063
11 6 0 42.378580
11 6 3 24.542418
11 7 0 45.581336
11 7 3 27.144825
11 8 0 39.319672
11 8 3 21.919623
11 9 0 39.178036
11 9 3 22.924824
11 10 0 37.360326
11 10 3 22.264989
11 11 0 41.775529
11 11 3 27.159868
11 12 0 38.475331
11 12 3 28.163086
11 13 0 37.721557
11 13 3 26.985811
11 14 0 35.137526
11 14 3 25.431866
11 15 0 35.635723
11 15 3 28.078384
11 16 0 30.003654
11 16 3 21.693464
11 17 0 32.302596
11 17 3 26.439760
11 18 0 30.341690
11 18 3 27.227302
11 19 0 29.918822
11 19 3 24.644926
11 20 0 29.354531
11 20 3 24.022623
11 21 0 29.050430
11 21 3 24.267967
11 22 0 28.076231
11 22 3 23.619692
11 23 0 27.466802
11 23 3 24.874677
11 24 0 28.945513
11 24 3 25.593564
11 25 0 28.840057
11 25 3 24.919371
11 26 0 29.205563
11 26 3 25.722789
11 27 0 26.590160
11 27 3 22.805299
11 28 0 29.139475
11 28 3 31.913358
11 29 0 28.422312
11 29 3 25.120551
11 30 0 28.154395
11 30 3 25.665112
11 31 0 27.773596
11 31 3 24.513254
11 32 0 26.986117
11 32 3 28.135665
11 33 0 26.027569
11 33 3 23.951188
11 34 0 27.067122
11 34 3 27.217974
11 35 0 26.275011
11 35 3 25.912505
11 36 0 27.530094
11 36 3 26.286994
11 37 0 26.138208
11 37 3 25.028316
11 38 0 26.176851
11 38 3 25.744394
11 39 0 27.543278
11 39 3 26.162210
11 40 0 25.204101
11 40 3 28.942703
11 42 0 22.979816
11 42 3 22.920709
11 44 0 23.225839
11 44 3 23.037949
11 46 0 22.186454
11 46 3 23.275342
11 48 0 21.223958
11 48 3 22.142822
11 50 0 22.516020
11 50 3 22.536616
11 52 0 22.429975
11 52 3 22.208539
11 54 0 26.304145
11 54 3 24.776974
11 56 0 24.329327
11 56 3 24.586583
11 58 0 21.360688
11 58 3 22.609024
11 60 0 22.899177
11 60 3 26.695710
11 63 0 23.284557
11 63 3 25.755051
11 66 0 20.219064
11 66 3 21.890365
11 69 0 20.342067
11 69 3 21.427221
11 72 0 19.525294
11 72 3 21.823567
11 75 0 20.307242
11 75 3 21.275227
11 78 0 19.470118
11 78 3 22.327960
11 81 0 19.248076
11 81 3 21.561439
11 85 0 19.108582
11 85 3 21.396246
11 89 0 18.711752
11 89 3 21.509883
11 93 0 19.972767
11 93 3 23.442894
11 97 0 19.887745
11 97 3 23.615937
11 101 0 19.271521
11 101 3 23.692975
11 106 0 19.563623
11 106 3 24.322688
11 111 0 19.118643
11 111 3 23.886679
11 116 0 18.868278
11 116 3 23.376946
11 121 0 18.568164
11 121 3 22.589163
11 127 0 16.950755
11 127 3 21.279779
11 133 0 16.468993
11 133 3 21.889285
11 139 0 17.114342
11 139 3 22.588300
11 145 0 16.933233
11 145 3 22.205519
11 152 0 15.846528
11 152 3 21.579477
11 159 0 15.779930
11 159 3 26.038939
11 166 0 16.307191
11 166 3 21.447199
11 174 0 15.760048
11 174 3 22.137683
11 182 0 15.459085
11 182 3 22.079628
11 191 0 15.335677
11 191 3 22.709177
11 200 0 14.989221
11 200 3 22.142325
11 210 0 14.643129
11 210 3 21.972329
11 220 0 14.461315
11 220 3 22.525279
11 231 0 13.456633
11 231 3 21.006038
11 242 0 13.269862
11 242 3 20.843207
11 254 0 12.942485
11 254 3 21.006502
11 266 0 12.738116
11 266 3 21.005297
11 279 0 12.586725
11 279 3 20.863335
11 292 0 12.367419
11 292 3 20.660131
11 306 0 12.227442
11 306 3 20.836148
11 321 0 12.053511
11 321 3 21.160184
11 337 0 12.378776
11 337 3 21.830464
11 353 0 12.358660
11 353 3 22.195839
11 370 0 12.142255
11 370 3 22.679816
11 388 0 11.923050
11 388 3 22.206437
11 407 0 11.320857
11 407 3 20.853297
11 427 0 11.246998
11 427 3 21.079012
11 448 0 11.236051
11 448 3 21.003995
11 470 0 10.901363
11 470 3 20.482321
11 493 0 10.848013
11 493 3 21.160109
11 517 0 10.760187
11 517 3 20.869854
11 542 0 10.670285
11 542 3 21.024436
11 569 0 10.572264
11 569 3 21.283147
11 597 0 10.847318
11 597 3 22.613882
11 626 0 10.708437
11 626 3 21.902726
11 657 0 10.533372
11 657 3 21.839230
11 689 0 10.641005
11 689 3 22.359821
11 723 0 10.535996
11 723 3 21.923403
11 759 0 10.090999
11 759 3 21.390209
11 796 0 10.401990
11 796 3 22.733866
11 835 0 10.354773
11 835 3 22.830181
11 876 0 9.983186
11 876 3 21.215809
11 919 0 10.169668
11 919 3 23.305827
11 964 0 10.262587
11 964 3 21.092942
11 1012 0 9.884207
11 1012 3 21.002448
11 1062 0 9.915948
11 1062 3 22.074900
11 1115 0 10.158407
11 1115 3 21.896433
11 1170 0 9.883717
11 1170 3 21.355895
11 1228 0 10.050888
11 1228 3 22.547217
11 1289 0 10.024301
11 1289 3 22.469732
11 1353 0 10.751411
11 1353 3 22.587208
11 1420 0 9.865859
11 1420 3 21.663312
11 1491 0 11.170377
11 1491 3 28.421103
11 1565 0 10.062396
11 1565 3 23.192873
11 1643 0 12.051241
11 1643 3 32.379998
11 1725 0 10.198556
11 1725 3 23.055362
11 1811 0 10.366496
11 1811 3 24.099997
11 1901 0 10.608887
11 1901 3 26.050780
11 1996 0 13.665214
11 1996 3 45.745271
12 1 3 43.477979
12 2 3 30.807211
12 3 3 26.614735
12 4 3 24.323006
12 5 0 46.054897
12 5 3 24.547378
12 6 0 44.661853
12 6 3 22.572352
12 7 0 47.519853
12 7 3 25.996284
12 8 0 43.464369
12 8 3 21.026397
12 9 0 41.882888
12 9 3 22.730270
12 10 0 38.232208
12 10 3 23.408921
12 11 0 43.540396
12 11 3 28.680729
12 12 0 39.983562
12 12 3 27.162725
12 13 0 37.415631
12 13 3 25.532226
12 14 0 34.119880
12 14 3 24.859154
12 15 0 38.336562
12 15 3 27.319284
12 16 0 32.308311
12 16 3 24.138921
12 17 0 31.168412
12 17 3 23.331979
12 18 0 30.419906
12 18 3 24.296506
12 19 0 29.992266
12 19 3 22.831508
12 20 0 30.913615
12 20 3 23.388387
12 21 0 29.217969
12 21 3 24.846080
12 22 0 29.591963
12 22 3 23.052646
12 23 0 28.084644
12 23 3 23.859401
12 24 0 29.453590
12 24 3 23.995222
12 25 0 29.191346
12 25 3 24.842720
12 26 0 29.131041
12 26 3 23.986635
12 27 0 27.703877
12 27 3 22.122878
12 28 0 28.902943
12 28 3 25.884865
12 29 0 28.557145
12 29 3 24.081647
12 30 0 28.576102
12 30 3 24.579000
12 31 0 27.564555
12 31 3 23.880176
12 32 0 26.371986
12 32 3 24.579790
12 33 0 25.877887
12 33 3 23.129758
12 34 0 28.142852
12 34 3 23.996615
12 35 0 26.886444
12 35 3 23.836904
12 36 0 27.139762
12 36 3 24.214216
12 37 0 27.115293
12 37 3 23.778067
12 38 0 26.555471
12 38 3 23.331035
12 39 0 26.542481
12 39 3 24.331457
12 40 0 26.168473
12 40 3 24.620199
12 42 0 23.619735
12 42 3 21.750751
12 44 0 23.547527
12 44 3 22.493883
12 46 0 22.297766
12 46 3 21.911393
12 48 0 21.967421
12 48 3 21.625204
12 50 0 22.396268
12 50 3 21.750633
12 52 0 22.393751
12 52 3 21.860627
12 54 0 24.111589
12 54 3 23.685432
12 56 0 23.221599
12 56 3 24.115328
12 58 0 21.517487
12 58 3 21.523602
12 60 0 23.550908
12 60 3 24.230563
12 63 0 22.941503
12 63 3 23.652158
12 66 0 20.797594
12 66 3 21.067710
12 69 0 20.522309
12 69 3 21.224133
12 72 0 20.107535
12 72 3 20.939916
12 75 0 19.873101
12 75 3 20.879376
12 78 0 19.770251
12 78 3 21.550454
12 81 0 19.668167
12 81 3 21.228800
12 85 0 19.341542
12 85 3 21.251165
12 89 0 19.117236
12 89 3 20.864246
12 93 0 20.476737
12 93 3 22.685638
12 97 0 19.763102
12 97 3 23.253217
12 101 0 19.310015
12 101 3 23.046766
12 106 0 19.105203
12 106 3 23.855509
12 111 0 19.154787
12 111 3 23.593182
12 116 0 18.409143
12 116 3 22.748983
12 121 0 17.927733
12 121 3 22.419816
12 127 0 16.895107
12 127 3 21.081188
12 133 0 16.787060
12 133 3 21.374050
12 139 0 17.061519
12 139 3 22.354037
12 145 0 17.013872
12 145 3 21.812027
12 152 0 15.879481
12 152 3 21.379663
12 159 0 15.567843
12 159 3 20.868139
12 166 0 16.027724
12 166 3 21.626928
12 174 0 15.725477
12 174 3 21.925074
12 182 0 15.605384
12 182 3 21.904582
12 191 0 15.474905
12 191 3 22.526673
12 200 0 15.004117
12 200 3 22.188473
12 210 0 14.704071
12 210 3 21.446573
12 220 0 14.465042
12 220 3 21.819120
12 231 0 13.686599
12 231 3 20.986606
12 242 0 13.439443
12 242 3 21.067612
12 254 0 13.127551
12 254 3 20.612432
12 266 0 13.879921
12 266 3 20.686688
12 279 0 12.807461
12 279 3 20.882038
12 292 0 12.690954
12 292 3 20.744520
12 306 0 12.950865
12 306 3 21.361027
12 321 0 12.367433
12 321 3 21.137519
12 337 0 12.715989
12 337 3 21.687451
12 353 0 12.607254
12 353 3 21.638126
12 370 0 12.517579
12 370 3 22.705926
12 388 0 12.418881
12 388 3 22.990489
12 407 0 11.621532
12 407 3 21.114711
12 427 0 11.545526
12 427 3 27.710102
12 448 0 11.446737
12 448 3 23.478328
12 470 0 11.457527
12 470 3 20.646198
12 493 0 11.371602
12 493 3 21.473920
12 517 0 11.210024
12 517 3 21.207194
12 542 0 11.248918
12 542 3 21.555263
12 569 0 11.153884
12 569 3 21.373217
12 597 0 11.434262
12 597 3 23.532477
12 626 0 11.410618
12 626 3 22.533004
12 657 0 11.290650
12 657 3 22.390388
12 689 0 11.372461
12 689 3 22.925640
12 723 0 11.360425
12 723 3 22.825529
12 759 0 10.911470
12 759 3 21.919999
12 796 0 11.283071
12 796 3 22.905246
12 835 0 11.177156
12 835 3 22.071358
12 876 0 10.880269
12 876 3 22.057885
12 919 0 11.237461
12 919 3 23.145004
12 964 0 11.081866
12 964 3 24.138470
12 1012 0 10.880301
12 1012 3 21.838011
12 1062 0 10.966052
12 1062 3 21.887098
12 1115 0 11.319959
12 1115 3 25.237948
12 1170 0 10.835984
12 1170 3 22.295823
12 1228 0 12.649888
12 1228 3 23.830353
12 1289 0 13.308097
12 1289 3 25.589500
12 1353 0 14.706761
12 1353 3 33.056928
12 1420 0 11.856447
12 1420 3 23.960744
12 1491 0 15.201166
12 1491 3 41.731918
12 1565 0 12.532850
12 1565 3 26.452736
12 1643 0 16.613594
12 1643 3 50.211620
12 1725 0 12.814069
12 1725 3 28.755475
12 1811 0 13.224839
12 1811 3 29.252913
12 1901 0 13.590661
12 1901 3 35.072874
12 1996 0 18.735800
12 1996 3 58.306072
13 1 3 32.617181
13 2 3 25.535577
13 3 3 23.651119
13 4 3 21.834720
13 5 0 46.514167
13 5 3 24.937311
13 6 0 45.589932
13 6 3 23.799983
13 7 0 48.588493
13 7 3 25.315434
13 8 0 46.331345
13 8 3 22.809407
13 9 0 41.585085
13 9 3 22.584807
13 10 0 38.505458
13 10 3 22.699145
13 11 0 41.345705
13 11 3 25.281782
13 12 0 39.474450
13 12 3 27.669889
13 13 0 37.439648
13 13 3 24.142589
13 14 0 33.770362
13 14 3 23.199062
13 15 0 36.214840
13 15 3 23.847280
13 16 0 31.384665
13 16 3 28.871397
13 17 0 31.938566
13 17 3 21.899824
13 18 0 30.733991
13 18 3 22.542911
13 19 0 30.231413
13 19 3 21.923760
13 20 0 28.997020
13 20 3 21.532753
13 21 0 29.548833
13 21 3 21.390642
13 22 0 28.601292
13 22 3 21.162621
13 23 0 29.514277
13 23 3 22.244660
13 24 0 30.378446
13 24 3 23.678833
13 25 0 29.936746
13 25 3 23.477888
13 26 0 29.968472
13 26 3 23.458830
13 27 0 26.825311
13 27 3 21.396262
13 28 0 29.581843
13 28 3 24.229766
13 29 0 29.860622
13 29 3 23.205461
13 30 0 28.272519
13 30 3 23.375019
13 31 0 28.768397
13 31 3 23.217883
13 32 0 26.744179
13 32 3 23.425605
13 33 0 25.828741
13 33 3 21.744467
13 34 0 28.724006
13 34 3 23.354849
13 35 0 27.822883
13 35 3 23.759110
13 36 0 27.828739
13 36 3 23.421480
13 37 0 26.799750
13 37 3 23.155767
13 38 0 26.594486
13 38 3 22.780226
13 39 0 27.804412
13 39 3 23.516499
13 40 0 27.088220
13 40 3 23.173047
13 42 0 23.653125
13 42 3 21.212812
13 44 0 23.332812
13 44 3 21.814264
13 46 0 22.929718
13 46 3 21.496482
13 48 0 21.923220
13 48 3 21.543302
13 50 0 22.244381
13 50 3 20.861987
13 52 0 24.128423
13 52 3 21.061978
13 54 0 23.749543
13 54 3 22.965869
13 56 0 23.103474
13 56 3 24.227708
13 58 0 21.353064
13 58 3 20.986733
13 60 0 23.211725
13 60 3 23.629086
13 63 0 22.934947
13 63 3 23.263126
13 66 0 21.011639
13 66 3 21.531044
13 69 0 20.578511
13 69 3 21.239782
13 72 0 19.827800
13 72 3 20.781942
13 75 0 19.826352
13 75 3 20.856853
13 78 0 19.766095
13 78 3 21.326035
13 81 0 19.638515
13 81 3 21.009539
13 85 0 19.578772
13 85 3 21.259630
13 89 0 19.426958
13 89 3 21.045384
13 93 0 19.882239
13 93 3 21.802862
13 97 0 19.844559
13 97 3 21.861333
13 101 0 19.012326
13 101 3 21.495675
13 106 0 19.143137
13 106 3 22.116464
13 111 0 18.841066
13 111 3 22.392188
13 116 0 18.675301
13 116 3 21.894067
13 121 0 18.062537
13 121 3 22.036340
13 127 0 17.224249
13 127 3 20.816349
13 133 0 16.901623
13 133 3 21.719831
13 139 0 17.236113
13 139 3 21.903993
13 145 0 17.115378
13 145 3 21.757690
13 152 0 15.992368
13 152 3 21.596598
13 159 0 15.636996
13 159 3 20.685250
13 166 0 16.321992
13 166 3 21.401024
13 174 0 16.113734
13 174 3 21.477846
13 182 0 15.935651
13 182 3 22.226438
13 191 0 15.809790
13 191 3 22.403883
13 200 0 15.280584
13 200 3 22.555514
13 210 0 15.366271
13 210 3 22.170803
13 220 0 14.960578
13 220 3 22.592176
13 231 0 14.317871
13 231 3 21.142370
13 242 0 14.189128
13 242 3 21.338165
13 254 0 13.907259
13 254 3 21.427878
13 266 0 14.199032
13 266 3 21.336106
13 279 0 13.791180
13 279 3 21.821846
13 292 0 13.479668
13 292 3 21.293871
13 306 0 13.790229
13 306 3 21.819773
13 321 0 13.145140
13 321 3 21.180569
13 337 0 13.853710
13 337 3 22.702050
13 353 0 13.770812
13 353 3 22.884812
13 370 0 13.958130
13 370 3 23.348752
13 388 0 13.745863
13 388 3 24.458900
13 407 0 12.712478
13 407 3 21.563995
13 427 0 12.702775
13 427 3 21.376130
13 448 0 12.539806
13 448 3 21.614832
13 470 0 12.551984
13 470 3 22.246325
13 493 0 12.583294
13 493 3 21.995562
13 517 0 12.651034
13 517 3 21.637603
13 542 0 12.793724
13 542 3 22.264400
13 569 0 12.486108
13 569 3 22.183550
13 597 0 12.825624
13 597 3 22.307349
13 626 0 12.928940
13 626 3 24.084325
13 657 0 12.721769
13 657 3 23.363988
13 689 0 12.769925
13 689 3 23.431023
13 723 0 12.763636
13 723 3 23.670950
13 759 0 12.288843
13 759 3 22.933558
13 796 0 12.733199
13 796 3 23.609317
13 835 0 12.814074
13 835 3 23.400467
13 876 0 12.442403
13 876 3 22.432087
13 919 0 13.855201
13 919 3 26.620212
13 964 0 13.120451
13 964 3 22.230622
13 1012 0 13.185296
13 1012 3 22.432387
13 1062 0 13.282703
13 1062 3 22.730640
13 1115 0 16.905592
13 1115 3 29.395008
13 1170 0 13.670669
13 1170 3 22.583770
13 1228 0 20.649449
13 1228 3 46.175659
13 1289 0 21.277921
13 1289 3 50.891420
13 1353 0 23.101446
13 1353 3 56.124000
13 1420 0 16.218458
13 1420 3 36.353786
13 1491 0 24.332531
13 1491 3 66.615120
13 1565 0 16.234073
13 1565 3 41.509088
13 1643 0 25.826023
13 1643 3 67.930341
13 1725 0 17.226059
13 1725 3 46.958972
13 1811 0 17.897662
13 1811 3 46.584298
13 1901 0 18.218926
13 1901 3 47.185499
13 1996 0 28.111784
13 1996 3 87.446259
14 1 3 24.232194
14 2 3 24.197675
14 3 3 29.727256
14 4 3 23.807141
14 5 0 46.026056
14 5 3 22.817682
14 6 0 45.639743
14 6 3 22.389574
14 7 0 49.710392
14 7 3 24.039737
14 8 0 43.906819
14 8 3 21.800747
14 9 0 43.722904
14 9 3 22.008977
14 10 0 39.441156
14 10 3 21.850771
14 11 0 42.145488
14 11 3 24.029869
14 12 0 39.625413
14 12 3 25.476414
14 13 0 39.078774
14 13 3 23.867091
14 14 0 34.910188
14 14 3 21.325713
14 15 0 37.449701
14 15 3 23.323223
14 16 0 31.402985
14 16 3 21.573628
14 17 0 32.731236
14 17 3 21.717645
14 18 0 31.076990
14 18 3 21.813296
14 19 0 30.794394
14 19 3 21.173967
14 20 0 29.269969
14 20 3 21.058661
14 21 0 29.576799
14 21 3 21.411591
14 22 0 28.878977
14 22 3 21.072741
14 23 0 28.489043
14 23 3 21.377572
14 24 0 32.172228
14 24 3 24.062085
14 25 0 30.326104
14 25 3 22.696739
14 26 0 30.165107
14 26 3 23.367863
14 27 0 26.850779
14 27 3 21.008030
14 28 0 29.058805
14 28 3 23.558357
14 29 0 30.086147
14 29 3 23.300784
14 30 0 29.183748
14 30 3 22.981966
14 31 0 28.975169
14 31 3 22.793091
14 32 0 26.647470
14 32 3 23.766986
14 33 0 25.699732
14 33 3 21.011779
14 34 0 27.690157
14 34 3 22.902950
14 35 0 27.740724
14 35 3 22.882120
14 36 0 27.926947
14 36 3 23.259073
14 37 0 26.692562
14 37 3 22.807134
14 38 0 26.429167
14 38 3 22.608507
14 39 0 27.062138
14 39 3 23.084568
14 40 0 25.909573
14 40 3 22.949169
14 42 0 23.716770
14 42 3 21.380565
14 44 0 23.306811
14 44 3 21.475153
14 46 0 23.202571
14 46 3 20.975147
14 48 0 23.685071
14 48 3 20.856993
14 50 0 22.584671
14 50 3 20.715835
14 52 0 22.198270
14 52 3 20.832738
14 54 0 23.515294
14 54 3 22.472418
14 56 0 23.275433
14 56 3 22.876278
14 58 0 21.726131
14 58 3 21.024523
14 60 0 23.359142
14 60 3 23.067941
14 63 0 22.975928
14 63 3 22.946900
14 66 0 20.868804
14 66 3 20.939812
14 69 0 21.013054
14 69 3 20.796380
14 72 0 20.547085
14 72 3 20.729149
14 75 0 20.795397
14 75 3 20.881353
14 78 0 20.111242
14 78 3 21.185917
14 81 0 20.119372
14 81 3 21.099782
14 85 0 19.780547
14 85 3 21.188313
14 89 0 19.570077
14 89 3 21.033807
14 93 0 19.898766
14 93 3 21.581144
14 97 0 19.991871
14 97 3 21.848086
14 101 0 19.617945
14 101 3 21.809027
14 106 0 19.520056
14 106 3 22.086068
14 111 0 19.425078
14 111 3 21.993177
14 116 0 19.204827
14 116 3 22.316030
14 121 0 18.655606
14 121 3 21.425942
14 127 0 17.848656
14 127 3 21.207817
14 133 0 17.609152
14 133 3 21.247531
14 139 0 17.979266
14 139 3 21.690024
14 145 0 17.984512
14 145 3 21.932718
14 152 0 17.007729
14 152 3 21.384722
14 159 0 16.708920
14 159 3 21.065347
14 166 0 17.578813
14 166 3 22.407703
14 174 0 17.214878
14 174 3 22.288569
14 182 0 17.371726
14 182 3 22.256228
14 191 0 17.275124
14 191 3 23.213543
14 200 0 16.921793
14 200 3 22.378904
14 210 0 17.033915
14 210 3 23.522151
14 220 0 16.575131
14 220 3 24.406684
14 231 0 15.631049
14 231 3 21.949640
14 242 0 15.483403
14 242 3 22.018304
14 254 0 15.240189
14 254 3 21.837778
14 266 0 15.370512
14 266 3 21.905467
14 279 0 15.056899
14 279 3 21.479699
14 292 0 14.870048
14 292 3 21.466138
14 306 0 15.120157
14 306 3 22.120691
14 321 0 14.690048
14 321 3 21.870947
14 337 0 15.242178
14 337 3 25.066554
14 353 0 15.340196
14 353 3 23.340697
14 370 0 15.183511
14 370 3 23.324059
14 388 0 15.172775
14 388 3 23.927424
14 407 0 14.299070
14 407 3 22.030863
14 427 0 14.190157
14 427 3 22.060580
14 448 0 14.017045
14 448 3 22.208720
14 470 0 14.070731
14 470 3 22.196415
14 493 0 14.058173
14 493 3 22.711103
14 517 0 13.974946
14 517 3 22.335061
14 542 0 13.983531
14 542 3 22.880696
14 569 0 13.883400
14 569 3 22.393189
14 597 0 15.020443
14 597 3 24.061794
14 626 0 16.192076
14 626 3 23.233233
14 657 0 16.611348
14 657 3 23.998607
14 689 0 17.802257
14 689 3 23.552754
14 723 0 18.989177
14 723 3 24.600030
14 759 0 15.758681
14 759 3 22.875102
14 796 0 22.070551
14 796 3 26.645214
14 835 0 22.721385
14 835 3 29.551699
14 876 0 17.412392
14 876 3 24.301037
14 919 0 26.721551
14 919 3 47.475682
14 964 0 18.672627
14 964 3 29.778636
14 1012 0 19.319288
14 1012 3 30.775907
15 1 3 15.625574
15 2 3 29.173304
15 3 3 27.793566
15 4 3 23.936497
15 5 0 47.108282
15 5 3 21.529901
15 6 0 46.724136
15 6 3 22.484849
15 7 0 51.552065
15 7 3 23.603954
15 8 0 45.121281
15 8 3 21.504289
15 9 0 44.123629
15 9 3 21.197875
15 10 0 40.072569
15 10 3 21.125692
15 11 0 43.473209
15 11 3 23.977066
15 12 0 40.036285
15 12 3 23.405801
15 13 0 39.851955
15 13 3 22.905000
15 14 0 34.481439
15 14 3 21.072077
15 15 0 36.779187
15 15 3 22.856499
15 16 0 31.198602
15 16 3 21.162556
15 17 0 32.199823
15 17 3 21.120565
15 18 0 31.586630
15 18 3 21.189033
15 19 0 31.479426
15 19 3 21.160337
15 20 0 29.983172
15 20 3 21.110559
15 21 0 30.295154
15 21 3 21.114887
15 22 0 29.220140
15 22 3 20.874009
15 23 0 28.649557
15 23 3 20.996000
15 24 0 30.827535
15 24 3 22.980409
15 25 0 30.365179
15 25 3 22.369094
15 26 0 29.688976
15 26 3 22.535583
15 27 0 27.247360
15 27 3 20.844639
15 28 0 29.527107
15 28 3 22.946192
15 29 0 29.437655
15 29 3 23.311489
15 30 0 28.749227
15 30 3 23.049593
15 31 0 28.835010
15 31 3 23.065806
15 32 0 27.603763
15 32 3 22.991822
15 33 0 26.115506
15 33 3 21.185443
15 34 0 28.513278
15 34 3 22.474665
15 35 0 27.688939
15 35 3 23.292964
15 36 0 27.967189
15 36 3 22.952838
15 37 0 27.487604
15 37 3 22.215905
15 38 0 27.655875
15 38 3 23.045013
15 39 0 27.601461
15 39 3 23.071738
15 40 0 26.383018
15 40 3 22.863617
15 42 0 24.739333
15 42 3 21.151251
15 44 0 24.099739
15 44 3 21.186676
15 46 0 24.151483
15 46 3 20.966443
15 48 0 23.379763
15 48 3 21.021197
15 50 0 23.090803
15 50 3 20.764216
15 52 0 23.621831
15 52 3 20.868695
15 54 0 23.585710
15 54 3 21.900768
15 56 0 23.115606
15 56 3 22.356327
15 58 0 22.204864
15 58 3 21.077732
15 60 0 23.265726
15 60 3 22.124477
15 63 0 23.116697
15 63 3 22.300707
15 66 0 21.635270
15 66 3 20.853374
15 69 0 21.499555
15 69 3 21.274145
15 72 0 21.049985
15 72 3 21.342142
15 75 0 21.258262
15 75 3 21.069454
15 78 0 21.044287
15 78 3 21.231783
15 81 0 20.942176
15 81 3 21.653038
15 85 0 20.796295
15 85 3 21.566739
15 89 0 20.672955
15 89 3 21.090643
15 93 0 21.389301
15 93 3 22.229474
15 97 0 21.303914
15 97 3 22.086806
15 101 0 20.765351
15 101 3 22.627605
15 106 0 21.095520
15 106 3 22.491798
15 111 0 20.769241
15 111 3 23.218604
15 116 0 20.832770
15 116 3 22.727606
15 121 0 20.246912
15 121 3 22.580275
15 127 0 19.259339
15 127 3 22.042594
15 133 0 19.063132
15 133 3 21.863008
15 139 0 19.630465
15 139 3 23.030886
15 145 0 19.665215
15 145 3 22.791188
15 152 0 18.186697
15 152 3 22.295894
15 159 0 18.048322
15 159 3 21.851643
15 166 0 19.022577
15 166 3 24.232758
15 174 0 18.884708
15 174 3 23.251894
15 182 0 18.900345
15 182 3 23.686902
15 191 0 18.610512
15 191 3 24.660355
15 200 0 18.268775
15 200 3 23.693947
15 210 0 18.322909
15 210 3 24.457482
15 220 0 17.868591
15 220 3 23.290157
15 231 0 16.838044
15 231 3 22.065448
15 242 0 16.716790
15 242 3 22.394428
15 254 0 16.357021
15 254 3 22.208711
15 266 0 16.709434
15 266 3 22.411327
15 279 0 16.276474
15 279 3 22.436266
15 292 0 16.194584
15 292 3 22.498403
15 306 0 16.387951
15 306 3 22.508678
15 321 0 15.878976
15 321 3 22.793889
15 337 0 16.608924
15 337 3 24.124159
15 353 0 16.924094
15 353 3 25.075224
15 370 0 17.578230
15 370 3 23.246604
15 388 0 17.751997
15 388 3 23.610684
15 407 0 15.940648
15 407 3 22.449648
15 427 0 16.294001
15 427 3 22.803842
15 448 0 16.283713
15 448 3 25.948682
15 470 0 16.791306
15 470 3 22.679349
15 493 0 17.617275
15 493 3 22.539762
16 1 3 14.709856
16 2 3 24.287090
16 3 3 22.759033
16 4 3 22.694625
16 5 0 47.052624
16 5 3 20.969044
16 6 0 46.460974
16 6 3 21.452030
16 7 0 52.258316
16 7 3 22.731346
16 8 0 45.272241
16 8 3 22.011738
16 9 0 43.126576
16 9 3 21.012515
16 10 0 41.253625
16 10 3 21.077736
16 11 0 44.305152
16 11 3 23.284236
16 12 0 42.729682
16 12 3 22.853662
16 13 0 39.735612
16 13 3 22.582120
16 14 0 35.177905
16 14 3 21.036530
16 15 0 37.548158
16 15 3 22.930778
16 16 0 33.195905
16 16 3 20.993563
16 17 0 33.391460
16 17 3 21.182050
16 18 0 32.558508
16 18 3 21.039186
16 19 0 31.993079
16 19 3 20.844572
16 20 0 30.820197
16 20 3 20.620658
16 21 0 30.693725
16 21 3 21.195820
16 22 0 29.889506
16 22 3 20.984072
16 23 0 29.791659
16 23 3 20.863665
16 24 0 32.166639
16 24 3 23.157214
16 25 0 31.941247
16 25 3 23.938873
16 26 0 31.285584
16 26 3 23.784713
16 27 0 28.475937
16 27 3 21.100415
16 28 0 31.036634
16 28 3 23.439930
16 29 0 31.677102
16 29 3 24.278683
16 30 0 30.659301
16 30 3 22.868378
16 31 0 30.169160
16 31 3 22.917791
16 32 0 28.785898
16 32 3 23.170024
16 33 0 27.519056
16 33 3 21.313335
16 34 0 29.784580
16 34 3 23.612982
16 35 0 29.230529
16 35 3 23.701843
16 36 0 29.543063
16 36 3 23.985402
16 37 0 28.547571
16 37 3 23.409194
16 38 0 28.678912
16 38 3 24.052584
16 39 0 28.921175
16 39 3 24.985687
16 40 0 27.854941
16 40 3 23.278626
16 42 0 25.533041
16 42 3 22.002597
16 44 0 25.296606
16 44 3 22.470128
16 46 0 24.637689
16 46 3 22.413455
16 48 0 24.267387
16 48 3 31.024644
16 50 0 24.421877
16 50 3 21.651435
16 52 0 24.654872
16 52 3 21.417231
16 54 0 25.465582
16 54 3 21.677345
16 56 0 24.983378
16 56 3 22.274590
16 58 0 23.512409
16 58 3 21.291370
16 60 0 25.082231
16 60 3 22.523997
16 63 0 24.996586
16 63 3 23.317173
16 66 0 23.209568
16 66 3 21.453243
16 69 0 22.981373
16 69 3 21.694609
16 72 0 22.337640
16 72 3 21.986948
16 75 0 22.555162
16 75 3 21.424045
16 78 0 22.514084
16 78 3 21.965937
16 81 0 22.257694
16 81 3 21.856968
16 85 0 22.188369
16 85 3 22.942372
16 89 0 21.863027
16 89 3 23.095521
16 93 0 23.313113
16 93 3 23.666925
16 97 0 22.956006
16 97 3 24.496426
16 101 0 22.599483
16 101 3 25.037706
16 106 0 22.694932
16 106 3 24.526698
16 111 0 22.589730
16 111 3 24.150719
16 116 0 22.245878
16 116 3 24.260279
16 121 0 21.802825
16 121 3 24.632911
16 127 0 20.275237
16 127 3 22.319081
16 133 0 20.086973
16 133 3 22.120548
16 139 0 21.000709
16 139 3 24.271308
16 145 0 20.872508
16 145 3 24.273747
16 152 0 19.440330
16 152 3 22.121594
16 159 0 19.274736
16 159 3 22.131697
16 166 0 20.173886
16 166 3 23.544264
16 174 0 20.067088
16 174 3 24.383667
16 182 0 19.987770
16 182 3 23.930188
16 191 0 20.103366
16 191 3 24.762115
16 200 0 19.386345
16 200 3 23.755359
16 210 0 19.260552
16 210 3 24.353207
16 220 0 18.907611
16 220 3 24.726705
16 231 0 18.041093
16 231 3 22.588995
16 242 0 18.247418
16 242 3 22.876016
16 254 0 18.006519
16 254 3 22.761541
