4 2 3 201.406924
4 3 3 305.391336
4 4 3 485.452500
4 5 0 864.194647
4 5 3 236.912800
4 6 0 839.387958
4 6 3 232.587093
4 7 0 603.536273
4 7 3 196.643573
4 8 0 660.534026
4 8 3 229.137937
4 9 0 655.917485
4 9 3 242.613186
4 10 0 640.054380
4 10 3 224.036481
4 11 0 510.086305
4 11 3 228.541990
4 12 0 457.918547
4 12 3 197.277641
4 13 0 482.167884
4 13 3 189.893149
4 14 0 443.453811
4 14 3 182.761698
4 15 0 314.358189
4 15 3 154.317098
4 16 0 326.690471
4 16 3 167.141923
4 17 0 713.054846
4 17 3 160.496243
4 18 0 602.359768
4 18 3 195.349954
4 19 0 667.290698
4 19 3 144.429490
4 20 0 698.516201
4 20 3 158.068889
4 21 0 543.788888
4 21 3 144.404483
4 22 0 526.940560
4 22 3 146.696482
4 23 0 506.093756
4 23 3 144.764719
4 24 0 548.194097
4 24 3 141.794557
4 25 0 517.609044
4 25 3 170.115642
4 26 0 464.395193
4 26 3 137.404100
4 27 0 498.499413
4 27 3 193.995178
4 28 0 410.669577
4 28 3 118.118147
4 29 0 414.438570
4 29 3 134.942766
4 30 0 399.274059
4 30 3 172.328905
4 31 0 372.288150
4 31 3 164.171947
4 32 0 372.374054
4 32 3 173.473680
4 33 0 318.422149
4 33 3 138.509251
4 34 0 309.121949
4 34 3 155.778498
4 35 0 290.423709
4 35 3 164.262176
4 36 0 320.676463
4 36 3 168.295156
4 37 0 216.733922
4 37 3 138.474579
4 38 0 249.745478
4 38 3 146.079733
4 39 0 263.084071
4 39 3 129.698872
4 40 0 273.917965
4 40 3 164.501867
4 42 0 266.930754
4 42 3 157.762804
4 44 0 208.037569
4 44 3 151.797284
4 46 0 279.642737
4 46 3 155.502143
4 48 0 326.549941
4 48 3 173.126287
4 50 0 173.027968
4 50 3 147.366033
4 52 0 201.587916
4 52 3 157.206763
4 54 0 216.166265
4 54 3 174.953550
4 56 0 204.255257
4 56 3 175.335739
4 58 0 196.360805
4 58 3 151.479184
4 60 0 237.734318
4 60 3 154.978035
4 63 0 231.066952
4 63 3 148.746417
4 66 0 201.757671
4 66 3 140.823535
4 69 0 179.265054
4 69 3 137.045379
4 72 0 151.651299
4 72 3 135.048427
4 75 0 157.208130
4 75 3 117.580851
4 78 0 172.763310
4 78 3 115.558825
4 81 0 118.956718
4 81 3 114.569957
4 85 0 131.420322
4 85 3 106.684851
4 89 0 95.912501
4 89 3 102.416617
4 93 0 132.132696
4 93 3 96.912399
4 97 0 138.866615
4 97 3 103.675252
4 101 0 140.718746
4 101 3 96.797723
4 106 0 119.681533
4 106 3 90.042235
4 111 0 117.971546
4 111 3 78.183658
4 116 0 113.405977
4 116 3 82.422092
4 121 0 93.067266
4 121 3 76.911813
4 127 0 103.484989
4 127 3 68.790261
4 133 0 79.939218
4 133 3 75.507304
4 139 0 73.129614
4 139 3 75.161599
4 145 0 90.555505
4 145 3 73.414504
4 152 0 70.700143
4 152 3 67.651902
4 159 0 103.250109
4 159 3 71.822466
4 166 0 85.590452
4 166 3 64.194498
4 174 0 82.158282
4 174 3 63.866003
4 182 0 52.075920
4 182 3 63.491309
4 191 0 75.757395
4 191 3 53.554745
4 200 0 60.757689
4 200 3 55.373543
4 210 0 52.445859
4 210 3 51.160544
4 220 0 59.739973
4 220 3 56.426143
4 231 0 55.935579
4 231 3 49.658791
4 242 0 62.446691
4 242 3 51.009057
4 254 0 66.660333
4 254 3 51.453097
4 266 0 59.473670
4 266 3 49.403505
4 279 0 49.796001
4 279 3 49.803915
4 292 0 39.600127
4 292 3 46.687850
4 306 0 42.713068
4 306 3 41.117134
4 321 0 45.423954
4 321 3 45.130512
4 337 0 45.120660
4 337 3 44.211760
4 353 0 43.047972
4 353 3 40.576809
4 370 0 38.218377
4 370 3 38.759701
4 388 0 28.095779
4 388 3 36.864952
4 407 0 40.118084
4 407 3 37.258763
4 427 0 38.945188
4 427 3 35.789655
4 448 0 38.627885
4 448 3 35.276241
4 470 0 37.653501
4 470 3 34.631441
4 493 0 36.464405
4 493 3 34.396421
4 517 0 33.108408
4 517 3 35.722520
4 542 0 34.234494
4 542 3 32.562726
4 569 0 30.912083
4 569 3 31.184130
4 597 0 24.419284
4 597 3 31.547266
4 626 0 24.584064
4 626 3 29.689154
4 657 0 24.741059
4 657 3 32.951873
4 689 0 25.259382
4 689 3 32.807491
4 723 0 28.420403
4 723 3 31.657427
4 759 0 23.808361
4 759 3 31.497110
4 796 0 27.262809
4 796 3 30.618879
4 835 0 23.760724
4 835 3 27.935118
4 876 0 23.257217
4 876 3 32.077487
4 919 0 21.964009
4 919 3 29.404002
4 964 0 21.216905
4 964 3 29.623165
4 1012 0 20.857349
4 1012 3 27.686293
4 1062 0 21.094505
4 1062 3 28.699362
4 1115 0 21.581233
4 1115 3 28.308196
4 1170 0 19.380465
4 1170 3 25.110396
4 1228 0 19.445784
4 1228 3 24.961310
4 1289 0 19.209386
4 1289 3 24.923259
4 1353 0 19.620916
4 1353 3 27.421091
4 1420 0 18.151311
4 1420 3 24.790816
4 1491 0 18.329124
4 1491 3 26.822974
4 1565 0 17.017262
4 1565 3 23.382255
4 1643 0 17.499978
4 1643 3 25.577426
4 1725 0 16.325019
4 1725 3 22.841298
4 1811 0 16.662050
4 1811 3 25.840839
4 1901 0 15.677946
4 1901 3 22.863567
4 1996 0 15.988800
4 1996 3 24.824038
5 1 3 216.404058
5 2 3 379.621211
5 3 3 238.305769
5 4 3 267.412404
5 5 0 1262.167266
5 5 3 233.258938
5 6 0 1019.816118
5 6 3 195.482356
5 7 0 782.180070
5 7 3 167.735331
5 8 0 759.824246
5 8 3 165.148605
5 9 0 742.762990
5 9 3 159.855410
5 10 0 649.137358
5 10 3 174.032933
5 11 0 568.256597
5 11 3 151.206406
5 12 0 541.184157
5 12 3 151.195624
5 13 0 443.686627
5 13 3 132.124182
5 14 0 505.483290
5 14 3 146.626705
5 15 0 396.517315
5 15 3 171.829717
5 16 0 376.350883
5 16 3 173.934823
5 17 0 343.370214
5 17 3 156.980848
5 18 0 364.680082
5 18 3 191.828042
5 19 0 311.052220
5 19 3 174.551150
5 20 0 303.446941
5 20 3 177.943949
5 21 0 255.763270
5 21 3 162.195576
5 22 0 257.716552
5 22 3 145.846658
5 23 0 246.437176
5 23 3 167.570979
5 24 0 236.485978
5 24 3 141.095631
5 25 0 260.856591
5 25 3 168.742665
5 26 0 209.281062
5 26 3 153.215746
5 27 0 277.953235
5 27 3 188.167744
5 28 0 206.171195
5 28 3 157.180595
5 29 0 212.954765
5 29 3 155.902800
5 30 0 226.761850
5 30 3 154.361948
5 31 0 209.787492
5 31 3 135.724678
5 32 0 218.201192
5 32 3 144.767563
5 33 0 161.941412
5 33 3 128.539336
5 34 0 161.619782
5 34 3 129.299696
5 35 0 143.588514
5 35 3 123.765177
5 36 0 152.668337
5 36 3 128.976215
5 37 0 112.257476
5 37 3 111.493571
5 38 0 146.001122
5 38 3 120.897699
5 39 0 154.273587
5 39 3 125.250031
5 40 0 134.550264
5 40 3 115.224700
5 42 0 147.157932
5 42 3 108.693943
5 44 0 108.830577
5 44 3 103.471130
5 46 0 123.678628
5 46 3 104.342470
5 48 0 176.247786
5 48 3 112.919330
5 50 0 87.303620
5 50 3 85.579415
5 52 0 111.058498
5 52 3 90.659748
5 54 0 119.343202
5 54 3 92.746589
5 56 0 114.241902
5 56 3 89.452274
5 58 0 95.796018
5 58 3 81.967854
5 60 0 111.308625
5 60 3 84.521777
5 63 0 104.707248
5 63 3 81.506060
5 66 0 96.793800
5 66 3 79.440456
5 69 0 80.600584
5 69 3 78.980931
5 72 0 85.706635
5 72 3 76.392806
5 75 0 86.221490
5 75 3 66.453149
5 78 0 77.940860
5 78 3 66.776603
5 81 0 71.925768
5 81 3 63.604356
5 85 0 76.877013
5 85 3 59.563200
5 89 0 60.168388
5 89 3 60.144091
5 93 0 74.674882
5 93 3 57.342780
5 97 0 72.116781
5 97 3 59.080410
5 101 0 63.120973
5 101 3 56.805222
5 106 0 55.387043
5 106 3 55.579587
5 111 0 67.954875
5 111 3 51.847098
5 116 0 69.014990
5 116 3 51.405653
5 121 0 51.976703
5 121 3 47.950539
5 127 0 60.294900
5 127 3 46.095319
5 133 0 50.152266
5 133 3 46.551787
5 139 0 60.932706
5 139 3 50.276489
5 145 0 49.315160
5 145 3 47.244126
5 152 0 45.821012
5 152 3 41.866806
5 159 0 58.029235
5 159 3 46.273603
5 166 0 43.362598
5 166 3 44.264286
5 174 0 49.251476
5 174 3 43.081600
5 182 0 38.612207
5 182 3 44.084819
5 191 0 43.273169
5 191 3 35.903797
5 200 0 33.578631
5 200 3 37.200165
5 210 0 35.352426
5 210 3 35.684303
5 220 0 34.077310
5 220 3 38.884619
5 231 0 37.723736
5 231 3 34.976184
5 242 0 32.145652
5 242 3 36.578802
5 254 0 37.783851
5 254 3 36.201774
5 266 0 32.362109
5 266 3 34.974954
5 279 0 34.940860
5 279 3 34.337085
5 292 0 29.618889
5 292 3 37.048698
5 306 0 24.302622
5 306 3 30.502678
5 321 0 28.890411
5 321 3 32.673597
5 337 0 28.521469
5 337 3 36.223689
5 353 0 27.095097
5 353 3 29.732163
5 370 0 22.142704
5 370 3 29.503006
5 388 0 23.144035
5 388 3 28.692766
5 407 0 24.913669
5 407 3 28.026019
5 427 0 24.361070
5 427 3 27.605058
5 448 0 24.105061
5 448 3 27.541789
5 470 0 23.362683
5 470 3 27.423402
5 493 0 22.595009
5 493 3 26.882562
5 517 0 19.640092
5 517 3 29.076956
5 542 0 21.753803
5 542 3 25.719200
5 569 0 20.496199
5 569 3 25.361833
5 597 0 18.503732
5 597 3 25.704138
5 626 0 18.733925
5 626 3 24.639735
5 657 0 19.853805
5 657 3 27.309073
5 689 0 20.086702
5 689 3 27.012900
5 723 0 19.154770
5 723 3 26.967281
5 759 0 16.756703
5 759 3 26.417587
5 796 0 18.683550
5 796 3 26.276962
5 835 0 16.798698
5 835 3 23.653934
5 876 0 17.532706
5 876 3 28.733101
5 919 0 15.851507
5 919 3 25.652190
5 964 0 15.558722
5 964 3 25.631130
5 1012 0 15.520392
5 1012 3 24.784044
5 1062 0 15.516698
5 1062 3 25.248265
5 1115 0 15.499802
5 1115 3 25.169358
5 1170 0 14.305570
5 1170 3 24.335999
5 1228 0 14.268281
5 1228 3 24.388786
5 1289 0 14.071515
5 1289 3 24.274141
5 1353 0 14.501978
5 1353 3 25.838736
5 1420 0 13.664600
5 1420 3 24.122472
5 1491 0 13.921980
5 1491 3 25.018038
5 1565 0 13.046910
5 1565 3 23.554239
5 1643 0 13.745004
5 1643 3 25.209624
5 1725 0 12.739116
5 1725 3 23.301418
5 1811 0 13.047093
5 1811 3 24.137034
5 1901 0 12.478630
5 1901 3 23.176579
5 1996 0 12.877019
5 1996 3 24.457517
6 1 3 386.194438
6 2 3 201.079405
6 3 3 188.189710
6 4 3 162.041367
6 5 0 513.421971
6 5 3 169.849442
6 6 0 438.640228
6 6 3 129.395995
6 7 0 342.776445
6 7 3 127.903148
6 8 0 318.626819
6 8 3 174.279206
6 9 0 290.259555
6 9 3 175.976361
6 10 0 275.571048
6 10 3 171.894516
6 11 0 250.001482
6 11 3 168.153134
6 12 0 215.703070
6 12 3 170.134060
6 13 0 198.943733
6 13 3 158.783297
6 14 0 204.444303
6 14 3 184.166948
6 15 0 154.737870
6 15 3 156.092274
6 16 0 220.099436
6 16 3 145.312122
6 17 0 171.792383
6 17 3 136.702498
6 18 0 169.416447
6 18 3 131.914460
6 19 0 154.936847
6 19 3 129.259052
6 20 0 151.453342
6 20 3 123.804852
6 21 0 128.454911
6 21 3 111.215339
6 22 0 135.732311
6 22 3 110.882035
6 23 0 131.493718
6 23 3 104.663050
6 24 0 132.030368
6 24 3 107.495053
6 25 0 130.478472
6 25 3 97.457651
6 26 0 105.471794
6 26 3 90.887614
6 27 0 119.765972
6 27 3 98.543670
6 28 0 104.871631
6 28 3 84.589957
6 29 0 89.425909
6 29 3 80.538036
6 30 0 91.870266
6 30 3 82.157790
6 31 0 88.770360
6 31 3 76.341236
6 32 0 108.746241
6 32 3 80.472852
6 33 0 81.940159
6 33 3 76.389291
6 34 0 82.450397
6 34 3 76.832922
6 35 0 80.350783
6 35 3 70.652857
6 36 0 78.780869
6 36 3 70.634662
6 37 0 72.803583
6 37 3 65.891309
6 38 0 76.522440
6 38 3 67.563894
6 39 0 80.915281
6 39 3 69.777497
6 40 0 71.473035
6 40 3 66.163432
6 42 0 71.339736
6 42 3 61.512201
6 44 0 52.292711
6 44 3 60.629609
6 46 0 69.745545
6 46 3 58.700011
6 48 0 87.907017
6 48 3 66.280812
6 50 0 57.301415
6 50 3 54.253731
6 52 0 58.356056
6 52 3 53.485445
6 54 0 63.792851
6 54 3 58.381581
6 56 0 61.670775
6 56 3 56.408600
6 58 0 50.800566
6 58 3 50.871579
6 60 0 42.566283
6 60 3 52.007762
6 63 0 59.179014
6 63 3 53.803077
6 66 0 57.249831
6 66 3 51.049748
6 69 0 60.240532
6 69 3 48.698925
6 72 0 54.752613
6 72 3 49.661808
6 75 0 40.388895
6 75 3 41.527343
6 78 0 50.488154
6 78 3 42.692774
6 81 0 40.202385
6 81 3 41.701871
6 85 0 37.851814
6 85 3 40.818155
6 89 0 37.488442
6 89 3 38.975163
6 93 0 35.916648
6 93 3 38.263614
6 97 0 42.145794
6 97 3 41.292882
6 101 0 38.133717
6 101 3 37.739191
6 106 0 39.110541
6 106 3 36.848708
6 111 0 40.455546
6 111 3 35.323713
6 116 0 42.929438
6 116 3 39.597790
6 121 0 33.221556
6 121 3 33.770231
6 127 0 34.661210
6 127 3 33.346158
6 133 0 31.195654
6 133 3 33.648661
6 139 0 33.313996
6 139 3 36.756271
6 145 0 32.525796
6 145 3 36.510127
6 152 0 28.678376
6 152 3 30.928627
6 159 0 35.064230
6 159 3 34.014359
6 166 0 27.844923
6 166 3 33.893352
6 174 0 31.058746
6 174 3 33.320333
6 182 0 28.727143
6 182 3 33.457986
6 191 0 27.224476
6 191 3 28.013678
6 200 0 25.834368
6 200 3 29.618500
6 210 0 22.162424
6 210 3 27.556748
6 220 0 27.309472
6 220 3 31.167724
6 231 0 22.462996
6 231 3 26.998431
6 242 0 23.788357
6 242 3 30.186004
6 254 0 24.885651
6 254 3 28.717833
6 266 0 21.452402
6 266 3 28.715645
6 279 0 23.159474
6 279 3 28.024884
6 292 0 22.032937
6 292 3 27.942602
6 306 0 19.792130
6 306 3 24.699086
6 321 0 19.511941
6 321 3 27.853873
6 337 0 19.063748
6 337 3 27.913957
6 353 0 18.400307
6 353 3 25.440799
6 370 0 18.457164
6 370 3 24.233393
6 388 0 17.739667
6 388 3 24.599479
6 407 0 17.371645
6 407 3 23.806905
6 427 0 17.196008
6 427 3 23.481803
6 448 0 16.694133
6 448 3 23.207429
6 470 0 15.496160
6 470 3 23.622670
6 493 0 16.166313
6 493 3 23.012695
6 517 0 15.530039
6 517 3 26.591220
6 542 0 15.667234
6 542 3 22.561301
6 569 0 15.011278
6 569 3 23.765426
6 597 0 14.916650
6 597 3 24.946076
6 626 0 14.857734
6 626 3 24.517721
6 657 0 15.333552
6 657 3 26.307237
6 689 0 15.010147
6 689 3 25.919644
6 723 0 14.621626
6 723 3 25.847494
6 759 0 14.625362
6 759 3 25.708555
6 796 0 14.278280
6 796 3 25.796971
6 835 0 13.278656
6 835 3 23.321419
6 876 0 13.598513
6 876 3 24.596964
6 919 0 12.960428
6 919 3 24.996171
6 964 0 13.159883
6 964 3 24.275032
6 1012 0 12.774847
6 1012 3 24.282098
6 1062 0 12.821595
6 1062 3 30.639456
6 1115 0 12.653294
6 1115 3 24.115922
6 1170 0 11.989560
6 1170 3 22.380382
6 1228 0 11.843992
6 1228 3 22.634269
6 1289 0 11.768449
6 1289 3 22.352829
6 1353 0 12.153977
6 1353 3 24.137518
6 1420 0 11.492920
6 1420 3 22.480965
6 1491 0 11.713374
6 1491 3 23.251496
6 1565 0 11.184369
6 1565 3 22.063983
6 1643 0 11.442103
6 1643 3 30.139067
6 1725 0 10.947013
6 1725 3 21.885299
6 1811 0 11.300562
6 1811 3 22.694797
6 1901 0 10.712142
6 1901 3 21.949895
6 1996 0 11.406577
6 1996 3 22.930869
7 1 3 199.656467
7 2 3 137.396441
7 3 3 142.339647
7 4 3 182.609265
7 5 0 211.691717
7 5 3 166.573407
7 6 0 179.276680
7 6 3 161.253433
7 7 0 148.160437
7 7 3 158.494018
7 8 0 153.774446
7 8 3 149.375700
7 9 0 141.521934
7 9 3 137.991268
7 10 0 124.648095
7 10 3 125.091739
7 11 0 119.338414
7 11 3 115.291620
7 12 0 111.787946
7 12 3 111.824333
7 13 0 90.113222
7 13 3 90.537156
7 14 0 93.174072
7 14 3 91.469705
7 15 0 65.665373
7 15 3 91.544035
7 16 0 111.778409
7 16 3 86.225069
7 17 0 83.856877
7 17 3 83.304218
7 18 0 79.135283
7 18 3 77.893873
7 19 0 76.994043
7 19 3 76.299086
7 20 0 71.740521
7 20 3 69.064606
7 21 0 63.534857
7 21 3 62.578310
7 22 0 66.352872
7 22 3 65.278803
7 23 0 63.911190
7 23 3 64.518927
7 24 0 61.847006
7 24 3 64.381226
7 25 0 68.467401
7 25 3 65.084881
7 26 0 52.824936
7 26 3 53.555632
7 27 0 64.460952
7 27 3 61.733525
7 28 0 51.650155
7 28 3 51.403700
7 29 0 49.312788
7 29 3 49.171531
7 30 0 46.161513
7 30 3 50.013612
7 31 0 50.280650
7 31 3 47.974990
7 32 0 56.723083
7 32 3 46.563989
7 33 0 46.958474
7 33 3 48.336342
7 34 0 44.035199
7 34 3 47.294224
7 35 0 47.860303
7 35 3 43.860423
7 36 0 44.189251
7 36 3 44.945166
7 37 0 43.742098
7 37 3 44.709463
7 38 0 45.492981
7 38 3 43.059706
7 39 0 43.205396
7 39 3 42.810232
7 40 0 41.169456
7 40 3 42.929366
7 42 0 39.885158
7 42 3 41.214438
7 44 0 40.863555
7 44 3 39.511007
7 46 0 41.319665
7 46 3 38.406076
7 48 0 48.867533
7 48 3 43.761204
7 50 0 37.007464
7 50 3 37.565986
7 52 0 38.939938
7 52 3 36.217140
7 54 0 39.045165
7 54 3 40.607636
7 56 0 42.304174
7 56 3 40.048842
7 58 0 35.368656
7 58 3 34.818436
7 60 0 41.713781
7 60 3 37.599594
7 63 0 40.406843
7 63 3 39.323321
7 66 0 35.581085
7 66 3 36.828144
7 69 0 37.002445
7 69 3 36.096515
7 72 0 31.681006
7 72 3 35.682596
7 75 0 26.542240
7 75 3 31.100675
7 78 0 32.194674
7 78 3 31.450703
7 81 0 28.900903
7 81 3 31.571281
7 85 0 26.984733
7 85 3 29.895607
7 89 0 29.352138
7 89 3 30.145694
7 93 0 26.828643
7 93 3 29.569927
7 97 0 28.036633
7 97 3 32.625064
7 101 0 24.505823
7 101 3 29.621103
7 106 0 24.089859
7 106 3 28.961623
7 111 0 26.037234
7 111 3 27.264792
7 116 0 25.759013
7 116 3 31.556412
7 121 0 22.276586
7 121 3 27.014518
7 127 0 23.688433
7 127 3 27.702017
7 133 0 21.821577
7 133 3 26.392492
7 139 0 26.143045
7 139 3 31.257093
7 145 0 23.543647
7 145 3 29.450814
7 152 0 20.882010
7 152 3 26.082780
7 159 0 23.885337
7 159 3 30.099334
7 166 0 23.248859
7 166 3 27.595216
7 174 0 22.936372
7 174 3 32.344969
7 182 0 23.176029
7 182 3 28.197949
7 191 0 19.247725
7 191 3 23.296977
7 200 0 18.826158
7 200 3 24.166279
7 210 0 16.573339
7 210 3 23.062082
7 220 0 19.578232
7 220 3 27.094042
7 231 0 16.178645
7 231 3 23.066615
7 242 0 17.337639
7 242 3 25.644562
7 254 0 19.162579
7 254 3 25.966731
7 266 0 18.095899
7 266 3 27.472537
7 279 0 16.432662
7 279 3 25.094014
7 292 0 16.219542
7 292 3 26.254507
7 306 0 15.261168
7 306 3 24.302911
7 321 0 16.346373
7 321 3 28.553254
7 337 0 15.711379
7 337 3 26.085357
7 353 0 14.763372
7 353 3 24.795675
7 370 0 14.645950
7 370 3 23.997662
7 388 0 14.439748
7 388 3 23.900428
7 407 0 13.991139
7 407 3 23.659912
7 427 0 13.801614
7 427 3 23.547563
7 448 0 13.614696
7 448 3 23.365501
7 470 0 13.386071
7 470 3 23.579995
7 493 0 13.139075
7 493 3 23.221358
7 517 0 13.421674
7 517 3 24.799063
7 542 0 12.732785
7 542 3 22.747959
7 569 0 12.458072
7 569 3 22.682119
7 597 0 12.354085
7 597 3 22.911153
7 626 0 12.152646
7 626 3 22.601090
7 657 0 12.596019
7 657 3 24.104477
7 689 0 12.398993
7 689 3 24.408440
7 723 0 12.723610
7 723 3 24.248210
7 759 0 11.947686
7 759 3 32.142924
7 796 0 11.921839
7 796 3 23.976746
7 835 0 11.169006
7 835 3 22.048302
7 876 0 11.612210
7 876 3 23.113638
7 919 0 11.262161
7 919 3 24.227871
7 964 0 11.217926
7 964 3 29.047300
7 1012 0 11.120557
7 1012 3 24.094549
7 1062 0 11.076093
7 1062 3 23.721372
7 1115 0 11.098917
7 1115 3 22.941242
7 1170 0 10.516545
7 1170 3 21.673086
7 1228 0 10.358441
7 1228 3 21.867474
7 1289 0 10.522659
7 1289 3 21.658201
7 1353 0 10.918408
7 1353 3 22.981488
7 1420 0 10.037203
7 1420 3 21.911678
7 1491 0 10.586404
7 1491 3 22.766142
7 1565 0 10.226234
7 1565 3 21.369168
7 1643 0 10.275536
7 1643 3 22.172858
7 1725 0 9.710970
7 1725 3 21.339752
7 1811 0 10.264367
7 1811 3 23.003714
7 1901 0 10.204665
7 1901 3 21.302632
7 1996 0 10.646235
7 1996 3 22.693401
8 1 3 132.564310
8 2 3 163.376142
8 3 3 153.871674
8 4 3 159.335511
8 5 0 113.236559
8 5 3 116.419519
8 6 0 102.818987
8 6 3 102.951562
8 7 0 87.711433
8 7 3 84.519957
8 8 0 88.342124
8 8 3 85.104241
8 9 0 80.746912
8 9 3 76.873436
8 10 0 76.191401
8 10 3 73.465145
8 11 0 74.607652
8 11 3 67.355748
8 12 0 68.224420
8 12 3 62.211880
8 13 0 58.442858
8 13 3 55.903423
8 14 0 62.071538
8 14 3 59.107372
8 15 0 57.465080
8 15 3 55.181292
8 16 0 51.282081
8 16 3 52.768101
8 17 0 54.451468
8 17 3 55.831933
8 18 0 53.107327
8 18 3 50.572505
8 19 0 51.173691
8 19 3 49.839627
8 20 0 50.141682
8 20 3 46.298423
8 21 0 42.935967
8 21 3 42.027631
8 22 0 47.846413
8 22 3 47.423144
8 23 0 45.544627
8 23 3 45.393380
8 24 0 45.434430
8 24 3 44.331939
8 25 0 43.631981
8 25 3 43.221668
8 26 0 37.524355
8 26 3 37.712409
8 27 0 42.622738
8 27 3 44.025075
8 28 0 36.085801
8 28 3 35.326658
8 29 0 34.934833
8 29 3 35.567880
8 30 0 34.478244
8 30 3 35.479324
8 31 0 33.978795
8 31 3 33.767799
8 32 0 32.342419
8 32 3 33.261382
8 33 0 33.508743
8 33 3 34.301115
8 34 0 32.754820
8 34 3 34.748637
8 35 0 31.889179
8 35 3 32.880016
8 36 0 31.585991
8 36 3 31.845357
8 37 0 30.687831
8 37 3 32.367488
8 38 0 31.030553
8 38 3 31.895934
8 39 0 31.141188
8 39 3 32.524529
8 40 0 31.275578
8 40 3 32.129173
8 42 0 28.731801
8 42 3 29.442327
8 44 0 29.537926
8 44 3 33.794968
8 46 0 27.656742
8 46 3 29.055491
8 48 0 29.216769
8 48 3 33.604826
8 50 0 27.481722
8 50 3 30.818877
8 52 0 26.354598
8 52 3 28.472570
8 54 0 29.565013
8 54 3 32.608723
8 56 0 29.648983
8 56 3 31.643092
8 58 0 25.745882
8 58 3 27.795489
8 60 0 30.149366
8 60 3 30.805470
8 63 0 31.468087
8 63 3 34.534715
8 66 0 27.697104
8 66 3 31.295103
8 69 0 26.640275
8 69 3 29.737018
8 72 0 25.611257
8 72 3 29.729001
8 75 0 22.697134
8 75 3 24.711613
8 78 0 22.680262
8 78 3 25.645402
8 81 0 22.459345
8 81 3 26.577387
8 85 0 21.693905
8 85 3 25.439301
8 89 0 21.107777
8 89 3 25.157254
8 93 0 21.251440
8 93 3 23.974524
8 97 0 22.928847
8 97 3 27.014950
8 101 0 20.553924
8 101 3 23.556860
8 106 0 19.790700
8 106 3 24.216533
8 111 0 19.421044
8 111 3 23.231551
8 116 0 21.809883
8 116 3 26.907364
8 121 0 18.913658
8 121 3 23.154005
8 127 0 19.732953
8 127 3 24.117408
8 133 0 18.606227
8 133 3 23.292934
8 139 0 21.960456
8 139 3 26.661482
8 145 0 19.722457
8 145 3 27.806039
8 152 0 17.504448
8 152 3 24.790852
8 159 0 18.743303
8 159 3 27.477555
8 166 0 18.599022
8 166 3 26.936979
8 174 0 17.734875
8 174 3 26.555222
8 182 0 17.808395
8 182 3 27.516674
8 191 0 15.889180
8 191 3 23.622534
8 200 0 15.734343
8 200 3 23.902272
8 210 0 15.298911
8 210 3 23.313240
8 220 0 16.126878
8 220 3 25.685833
8 231 0 14.861121
8 231 3 23.261744
8 242 0 16.264878
8 242 3 24.698351
8 254 0 15.079441
8 254 3 31.007814
8 266 0 14.819396
8 266 3 24.763857
8 279 0 14.401888
8 279 3 24.443931
8 292 0 14.228932
8 292 3 25.346694
8 306 0 13.337985
8 306 3 22.924179
8 321 0 13.830346
8 321 3 24.009867
8 337 0 13.645218
8 337 3 23.840906
8 353 0 12.760050
8 353 3 23.064857
8 370 0 12.534884
8 370 3 22.364184
8 388 0 12.353475
8 388 3 22.479276
8 407 0 12.088030
8 407 3 22.349379
8 427 0 11.924117
8 427 3 22.236685
8 448 0 11.744781
8 448 3 22.095297
8 470 0 11.636928
8 470 3 22.308972
8 493 0 11.531613
8 493 3 22.017438
8 517 0 11.859974
8 517 3 24.075453
8 542 0 11.215341
8 542 3 21.711024
8 569 0 11.094541
8 569 3 21.607436
8 597 0 10.952101
8 597 3 21.898246
8 626 0 10.840355
8 626 3 21.713800
8 657 0 11.376056
8 657 3 23.138992
8 689 0 11.920604
8 689 3 23.323873
8 723 0 10.938361
8 723 3 29.809057
8 759 0 10.913682
8 759 3 22.858185
8 796 0 11.046930
8 796 3 23.222394
8 835 0 10.134384
8 835 3 21.328430
8 876 0 10.441538
8 876 3 22.940122
8 919 0 10.914097
8 919 3 22.797178
8 964 0 10.711037
8 964 3 22.546925
8 1012 0 10.494637
8 1012 3 22.306537
8 1062 0 10.357196
8 1062 3 22.928995
8 1115 0 10.270692
8 1115 3 22.723204
8 1170 0 9.829423
8 1170 3 21.241369
8 1228 0 9.769525
8 1228 3 21.129813
8 1289 0 9.720205
8 1289 3 21.337849
8 1353 0 9.976303
8 1353 3 22.417766
8 1420 0 9.578653
8 1420 3 21.383849
8 1491 0 13.656343
8 1491 3 32.894786
8 1565 0 9.404352
8 1565 3 21.222576
8 1643 0 9.725835
8 1643 3 22.330932
8 1725 0 9.355779
8 1725 3 21.002960
8 1811 0 10.626867
8 1811 3 22.699739
8 1901 0 9.333227
8 1901 3 21.393075
8 1996 0 12.364348
8 1996 3 23.086245
9 1 3 162.354467
9 2 3 135.513063
9 3 3 96.744276
9 4 3 90.511929
9 5 0 80.950789
9 5 3 69.036537
9 6 0 72.587414
9 6 3 59.155646
9 7 0 62.041213
9 7 3 52.643877
9 8 0 67.043638
9 8 3 52.730752
9 9 0 60.430779
9 9 3 50.152474
9 10 0 58.535101
9 10 3 49.172472
9 11 0 59.359422
9 11 3 47.960432
9 12 0 54.303835
9 12 3 43.591011
9 13 0 43.663470
9 13 3 37.433401
9 14 0 49.558948
9 14 3 42.752772
9 15 0 46.797001
9 15 3 41.219224
9 16 0 44.115708
9 16 3 38.165806
9 17 0 44.480976
9 17 3 39.738794
9 18 0 41.679606
9 18 3 44.198505
9 19 0 43.601400
9 19 3 39.286853
9 20 0 40.634609
9 20 3 35.689836
9 21 0 33.144018
9 21 3 30.964835
9 22 0 40.031416
9 22 3 36.302979
9 23 0 38.975968
9 23 3 36.190065
9 24 0 38.217724
9 24 3 35.840780
9 25 0 37.229350
9 25 3 34.885180
9 26 0 30.771250
9 26 3 29.390427
9 27 0 38.153284
9 27 3 34.446694
9 28 0 30.110377
9 28 3 28.936056
9 29 0 29.511392
9 29 3 27.875950
9 30 0 29.203551
9 30 3 27.733517
9 31 0 28.379088
9 31 3 27.113805
9 32 0 28.120334
9 32 3 26.874447
9 33 0 28.085797
9 33 3 27.264887
9 34 0 28.883905
9 34 3 28.911170
9 35 0 26.896836
9 35 3 26.853114
9 36 0 26.930445
9 36 3 27.234929
9 37 0 26.888935
9 37 3 26.620692
9 38 0 26.781415
9 38 3 25.496394
9 39 0 26.731472
9 39 3 26.340449
9 40 0 26.785359
9 40 3 26.743868
9 42 0 25.106875
9 42 3 24.687434
9 44 0 26.174796
9 44 3 24.671442
9 46 0 24.217825
9 46 3 24.030050
9 48 0 27.986845
9 48 3 28.562796
9 50 0 24.742111
9 50 3 26.118714
9 52 0 23.716455
9 52 3 23.992970
9 54 0 28.491240
9 54 3 28.086426
9 56 0 27.860154
9 56 3 27.958354
9 58 0 23.334529
9 58 3 23.331190
9 60 0 27.645461
9 60 3 32.110389
9 63 0 25.332879
9 63 3 27.372710
9 66 0 24.707952
9 66 3 26.448115
9 69 0 24.081801
9 69 3 26.377061
9 72 0 23.034494
9 72 3 26.933650
9 75 0 21.258050
9 75 3 24.905787
9 78 0 21.345806
9 78 3 25.087338
9 81 0 20.943525
9 81 3 24.728676
9 85 0 20.837885
9 85 3 24.679210
9 89 0 20.177862
9 89 3 24.152898
9 93 0 19.992012
9 93 3 24.690632
9 97 0 21.287022
9 97 3 26.676675
9 101 0 19.415893
9 101 3 24.121406
9 106 0 19.149587
9 106 3 24.617853
9 111 0 18.621176
9 111 3 23.543009
9 116 0 21.657703
9 116 3 27.257814
9 121 0 18.132875
9 121 3 23.255514
9 127 0 18.564994
9 127 3 24.054215
9 133 0 17.570232
9 133 3 23.219299
9 139 0 19.271840
9 139 3 28.016704
9 145 0 18.625379
9 145 3 25.821960
9 152 0 16.628493
9 152 3 22.794296
9 159 0 20.063754
9 159 3 25.348997
9 166 0 18.498709
9 166 3 25.846465
9 174 0 17.088328
9 174 3 24.213886
9 182 0 17.063642
9 182 3 24.836405
9 191 0 15.139394
9 191 3 22.166573
9 200 0 14.998491
9 200 3 22.474321
9 210 0 14.651017
9 210 3 21.987544
9 220 0 15.907275
9 220 3 24.557555
9 231 0 14.207090
9 231 3 22.038087
9 242 0 15.937788
9 242 3 37.375011
9 254 0 14.531143
9 254 3 24.172830
9 266 0 14.187911
9 266 3 23.180226
9 279 0 13.992159
9 279 3 23.237534
9 292 0 13.792000
9 292 3 23.355395
9 306 0 12.776271
9 306 3 21.794573
9 321 0 13.420258
9 321 3 22.984708
9 337 0 13.055116
9 337 3 23.371818
9 353 0 12.249964
9 353 3 21.742266
9 370 0 12.211558
9 370 3 21.796999
9 388 0 12.163780
9 388 3 21.676709
9 407 0 11.820783
9 407 3 21.538413
9 427 0 11.567931
9 427 3 21.577904
9 448 0 11.417052
9 448 3 21.398870
9 470 0 11.604643
9 470 3 21.619015
9 493 0 11.525835
9 493 3 21.462404
9 517 0 13.041802
9 517 3 23.291655
9 542 0 11.052231
9 542 3 21.295439
9 569 0 10.832162
9 569 3 21.204742
9 597 0 10.844981
9 597 3 21.493717
9 626 0 10.699518
9 626 3 21.345783
9 657 0 12.418437
9 657 3 25.986282
9 689 0 10.968691
9 689 3 31.055150
9 723 0 10.723010
9 723 3 23.430001
9 759 0 10.727965
9 759 3 22.310991
9 796 0 10.640144
9 796 3 23.394596
9 835 0 10.025083
9 835 3 20.922932
9 876 0 10.331116
9 876 3 21.972093
9 919 0 10.225143
9 919 3 22.126562
9 964 0 10.184119
9 964 3 22.048407
9 1012 0 10.026816
9 1012 3 21.820247
9 1062 0 10.161101
9 1062 3 22.515957
9 1115 0 10.041333
9 1115 3 23.253686
9 1170 0 9.616794
9 1170 3 20.890207
9 1228 0 9.564121
9 1228 3 20.927505
9 1289 0 9.551235
9 1289 3 20.999422
9 1353 0 10.502963
9 1353 3 22.800346
9 1420 0 9.361344
9 1420 3 21.195441
9 1491 0 11.723648
9 1491 3 33.441180
9 1565 0 9.200538
9 1565 3 21.136725
9 1643 0 9.549949
9 1643 3 21.902942
9 1725 0 9.174564
9 1725 3 20.805331
9 1811 0 9.547238
9 1811 3 22.190823
9 1901 0 9.179820
9 1901 3 21.133480
9 1996 0 10.296438
9 1996 3 27.543478
10 1 3 153.375482
10 2 3 77.455470
10 3 3 56.052019
10 4 3 55.770990
10 5 0 60.570172
10 5 3 44.256076
10 6 0 58.418892
10 6 3 40.303535
10 7 0 48.760010
10 7 3 34.662640
10 8 0 54.580683
10 8 3 37.663641
10 9 0 49.408370
10 9 3 36.224562
10 10 0 47.662042
10 10 3 35.616983
10 11 0 46.834593
10 11 3 35.615546
10 12 0 44.569784
10 12 3 35.579637
10 13 0 36.447285
10 13 3 27.979170
10 14 0 44.403974
10 14 3 34.100393
10 15 0 45.689117
10 15 3 32.086660
10 16 0 39.787422
10 16 3 31.856443
10 17 0 38.698982
10 17 3 30.531128
10 18 0 35.718544
10 18 3 30.034257
10 19 0 36.413649
10 19 3 30.693325
10 20 0 35.223524
10 20 3 29.883021
10 21 0 29.196854
10 21 3 24.812512
10 22 0 35.212261
10 22 3 38.389729
10 23 0 36.044302
10 23 3 30.925118
10 24 0 35.074143
10 24 3 30.736816
10 25 0 36.867746
10 25 3 29.763235
10 26 0 27.557275
10 26 3 23.951392
10 27 0 34.932593
10 27 3 29.877079
10 28 0 27.385354
10 28 3 24.545364
10 29 0 26.455130
10 29 3 23.639026
10 30 0 26.181063
10 30 3 23.858641
10 31 0 26.319585
10 31 3 23.516147
10 32 0 25.435734
10 32 3 23.747616
10 33 0 25.703989
10 33 3 22.823683
10 34 0 26.996070
10 34 3 25.754337
10 35 0 25.270498
10 35 3 23.390819
10 36 0 25.209057
10 36 3 24.795723
10 37 0 24.642693
10 37 3 24.682129
10 38 0 24.813699
10 38 3 24.970949
10 39 0 24.686737
10 39 3 24.793308
10 40 0 24.378587
10 40 3 25.454491
10 42 0 23.583364
10 42 3 24.457370
10 44 0 23.196556
10 44 3 36.106600
10 46 0 22.845140
10 46 3 24.123692
10 48 0 25.093023
10 48 3 26.384112
10 50 0 23.607118
10 50 3 24.370343
10 52 0 22.707126
10 52 3 24.136936
10 54 0 25.202860
10 54 3 31.773420
10 56 0 25.154448
10 56 3 28.062084
10 58 0 21.992901
10 58 3 23.589307
10 60 0 24.012519
10 60 3 26.025760
10 63 0 24.059633
10 63 3 26.532955
10 66 0 23.256967
10 66 3 25.312985
10 69 0 23.056396
10 69 3 25.512074
10 72 0 24.122389
10 72 3 26.281990
10 75 0 20.660561
10 75 3 23.139114
10 78 0 20.338203
10 78 3 23.135959
10 81 0 20.073027
10 81 3 23.469544
10 85 0 20.534229
10 85 3 26.978150
10 89 0 19.427522
10 89 3 22.639268
10 93 0 21.153242
10 93 3 22.773209
10 97 0 21.571481
10 97 3 27.718702
10 101 0 18.829213
10 101 3 22.385448
10 106 0 18.631409
10 106 3 22.491488
10 111 0 18.019976
10 111 3 22.085780
10 116 0 19.660195
10 116 3 25.861118
10 121 0 17.787342
10 121 3 22.364058
10 127 0 17.820241
10 127 3 23.368899
10 133 0 17.369320
10 133 3 22.113319
10 139 0 18.793493
10 139 3 24.548313
10 145 0 18.466607
10 145 3 24.424828
10 152 0 16.529195
10 152 3 22.019583
10 159 0 17.904070
10 159 3 31.117860
10 166 0 17.248704
10 166 3 24.469139
10 174 0 16.923714
10 174 3 23.358128
10 182 0 16.795724
10 182 3 24.685799
10 191 0 15.046018
10 191 3 21.335164
10 200 0 14.889280
10 200 3 21.651099
10 210 0 14.527306
10 210 3 21.220034
10 220 0 15.295563
10 220 3 24.044752
10 231 0 14.267198
10 231 3 21.451628
10 242 0 15.005561
10 242 3 22.850852
10 254 0 14.564253
10 254 3 22.928901
10 266 0 14.163342
10 266 3 22.824496
10 279 0 16.833030
10 279 3 35.809481
10 292 0 15.658545
10 292 3 22.767826
10 306 0 12.737234
10 306 3 21.192790
10 321 0 13.394944
10 321 3 22.884065
10 337 0 13.169470
10 337 3 22.350651
10 353 0 12.264749
10 353 3 21.384867
10 370 0 12.109070
10 370 3 21.186288
10 388 0 11.860945
10 388 3 21.559430
10 407 0 11.715303
10 407 3 21.133041
10 427 0 11.532846
10 427 3 21.171935
10 448 0 11.400511
10 448 3 21.213501
10 470 0 11.305305
10 470 3 21.134943
10 493 0 11.120167
10 493 3 21.254249
10 517 0 11.694237
10 517 3 23.097184
10 542 0 10.815256
10 542 3 21.073944
10 569 0 10.721394
10 569 3 21.085035
10 597 0 10.685599
10 597 3 21.236271
10 626 0 10.536750
10 626 3 21.065214
10 657 0 10.964568
10 657 3 22.342493
10 689 0 10.812572
10 689 3 22.539822
10 723 0 10.830676
10 723 3 22.524162
10 759 0 10.603477
10 759 3 22.665202
10 796 0 10.558194
10 796 3 22.447303
10 835 0 9.954588
10 835 3 20.760314
10 876 0 10.308669
10 876 3 21.885725
10 919 0 10.226931
10 919 3 21.928241
10 964 0 10.350846
10 964 3 21.683786
10 1012 0 10.081382
10 1012 3 21.776304
10 1062 0 10.272441
10 1062 3 22.256277
10 1115 0 9.937557
10 1115 3 22.315450
10 1170 0 9.657801
10 1170 3 20.930823
10 1228 0 9.526435
10 1228 3 20.816201
10 1289 0 9.493010
10 1289 3 21.065567
10 1353 0 9.843463
10 1353 3 22.543215
10 1420 0 9.404040
10 1420 3 21.084761
10 1491 0 10.758266
10 1491 3 22.074161
10 1565 0 9.245350
10 1565 3 20.946261
10 1643 0 11.628159
10 1643 3 24.784273
10 1725 0 9.980293
10 1725 3 21.223088
10 1811 0 10.226975
10 1811 3 22.972832
10 1901 0 9.330411
10 1901 3 21.402001
10 1996 0 11.576294
10 1996 3 35.615951
11 1 3 78.804888
11 2 3 47.587551
11 3 3 38.169539
11 4 3 39.095231
11 5 0 55.585471
11 5 3 33.324397
11 6 0 52.514057
11 6 3 32.855831
11 7 0 44.010402
11 7 3 27.497427
11 8 0 48.709044
11 8 3 29.218416
11 9 0 46.430428
11 9 3 29.592103
11 10 0 45.183504
11 10 3 28.974759
11 11 0 43.789081
11 11 3 28.512076
11 12 0 40.996600
11 12 3 28.428055
11 13 0 35.157550
11 13 3 24.294872
11 14 0 39.153203
11 14 3 27.869846
11 15 0 38.261720
11 15 3 36.601062
11 16 0 36.511105
11 16 3 29.691921
11 17 0 35.889144
11 17 3 26.598656
11 18 0 34.582685
11 18 3 27.219513
11 19 0 34.859007
11 19 3 28.267447
11 20 0 33.025829
11 20 3 27.840078
11 21 0 29.295208
11 21 3 24.482192
11 22 0 33.141627
11 22 3 28.560710
11 23 0 32.525737
11 23 3 27.832284
11 24 0 32.369801
11 24 3 28.273654
11 25 0 32.086636
11 25 3 28.324026
11 26 0 27.483691
11 26 3 23.950809
11 27 0 30.739737
11 27 3 27.791151
11 28 0 26.946243
11 28 3 23.725214
11 29 0 26.345587
11 29 3 23.300800
11 30 0 26.133756
11 30 3 23.495602
11 31 0 25.892049
11 31 3 23.088452
11 32 0 25.253839
11 32 3 23.389652
11 33 0 25.526124
11 33 3 22.997561
11 34 0 26.806009
11 34 3 24.365846
11 35 0 25.113134
11 35 3 23.097979
11 36 0 24.978687
11 36 3 23.996848
11 37 0 24.710462
11 37 3 23.036906
11 38 0 24.575732
11 38 3 23.127812
11 39 0 24.408916
11 39 3 22.885736
11 40 0 24.203018
11 40 3 23.353158
11 42 0 23.442554
11 42 3 22.413359
11 44 0 30.454459
11 44 3 29.503303
11 46 0 23.087872
11 46 3 22.436267
11 48 0 25.091593
11 48 3 24.519215
11 50 0 24.807167
11 50 3 24.178779
11 52 0 22.761232
11 52 3 22.845484
11 54 0 25.016461
11 54 3 25.223685
11 56 0 24.519641
11 56 3 25.596038
11 58 0 22.041762
11 58 3 22.355028
11 60 0 23.911625
11 60 3 24.548762
11 63 0 24.078688
11 63 3 25.351809
11 66 0 23.319881
11 66 3 24.850358
11 69 0 25.203074
11 69 3 24.970691
11 72 0 22.285886
11 72 3 24.140822
11 75 0 20.456806
11 75 3 22.221040
11 78 0 20.836277
11 78 3 22.274548
11 81 0 20.201537
11 81 3 21.746264
11 85 0 20.023063
11 85 3 22.207846
11 89 0 19.638022
11 89 3 22.053471
11 93 0 19.424379
11 93 3 24.168901
11 97 0 20.971904
11 97 3 24.286677
11 101 0 19.091618
11 101 3 21.686699
11 106 0 19.002118
11 106 3 22.092255
11 111 0 18.442148
11 111 3 21.553522
11 116 0 20.065287
11 116 3 23.769094
11 121 0 18.324483
11 121 3 21.532526
11 127 0 17.784440
11 127 3 21.560535
11 133 0 17.554215
11 133 3 21.573043
11 139 0 19.269670
11 139 3 24.126768
11 145 0 20.084921
11 145 3 23.808161
11 152 0 16.683855
11 152 3 21.505512
11 159 0 17.805409
11 159 3 23.634676
11 166 0 17.564139
11 166 3 23.229176
11 174 0 16.840300
11 174 3 22.779400
11 182 0 16.929853
11 182 3 23.515879
11 191 0 15.281175
11 191 3 21.150954
11 200 0 15.317873
11 200 3 21.373214
11 210 0 14.769381
11 210 3 21.303237
11 220 0 15.392942
11 220 3 23.286000
11 231 0 14.274759
11 231 3 21.365877
11 242 0 14.837553
11 242 3 22.724557
11 254 0 14.594024
11 254 3 22.586941
11 266 0 14.462580
11 266 3 22.424124
11 279 0 16.247065
11 279 3 22.766098
11 292 0 14.124534
11 292 3 22.783496
11 306 0 12.899284
11 306 3 21.179976
11 321 0 13.568980
11 321 3 22.587363
11 337 0 13.300556
11 337 3 30.960890
11 353 0 12.378039
11 353 3 21.400053
11 370 0 12.122525
11 370 3 21.227370
11 388 0 11.976521
11 388 3 21.271284
11 407 0 11.801343
11 407 3 21.036424
11 427 0 11.668663
11 427 3 21.027480
11 448 0 11.514970
11 448 3 20.670300
11 470 0 11.508581
11 470 3 21.576167
11 493 0 11.348703
11 493 3 21.171677
11 517 0 11.824665
11 517 3 22.946209
11 542 0 10.997608
11 542 3 21.004400
11 569 0 10.939456
11 569 3 21.058008
11 597 0 10.839016
11 597 3 21.350875
11 626 0 10.700820
11 626 3 21.011534
11 657 0 11.880869
11 657 3 23.559543
11 689 0 11.066224
11 689 3 23.131014
11 723 0 10.889664
11 723 3 23.920122
11 759 0 10.701986
11 759 3 25.906314
11 796 0 10.853448
11 796 3 22.461310
11 835 0 10.225352
11 835 3 20.926303
11 876 0 10.473349
11 876 3 22.224687
11 919 0 10.559856
11 919 3 22.050149
11 964 0 10.685330
11 964 3 27.304323
11 1012 0 10.601414
11 1012 3 22.014361
11 1062 0 10.911141
11 1062 3 23.327300
11 1115 0 10.432195
11 1115 3 23.549881
11 1170 0 9.968474
11 1170 3 21.232478
11 1228 0 9.926750
11 1228 3 21.372448
11 1289 0 9.917627
11 1289 3 21.464614
11 1353 0 10.707769
11 1353 3 24.686536
11 1420 0 9.820413
11 1420 3 21.949759
11 1491 0 10.870863
11 1491 3 22.549754
11 1565 0 9.758855
11 1565 3 21.638702
11 1643 0 12.183720
11 1643 3 41.990052
11 1725 0 10.640009
11 1725 3 22.348578
11 1811 0 11.799247
11 1811 3 32.208991
11 1901 0 10.135371
11 1901 3 22.285006
11 1996 0 12.024086
11 1996 3 34.865166
12 1 3 53.560591
12 2 3 34.531409
12 3 3 28.925700
12 4 3 31.753236
12 5 0 53.922867
12 5 3 28.547875
12 6 0 51.800510
12 6 3 27.525109
12 7 0 45.584630
12 7 3 23.216832
12 8 0 52.844379
12 8 3 26.284700
12 9 0 46.571111
12 9 3 26.571061
12 10 0 44.533820
12 10 3 27.363490
12 11 0 43.766012
12 11 3 27.978903
12 12 0 40.797801
12 12 3 26.666804
12 13 0 36.171805
12 13 3 24.305015
12 14 0 38.998345
12 14 3 27.341283
12 15 0 37.656904
12 15 3 26.636688
12 16 0 35.475096
12 16 3 26.596327
12 17 0 35.871605
12 17 3 25.577556
12 18 0 34.494148
12 18 3 25.002509
12 19 0 34.849655
12 19 3 26.047970
12 20 0 32.940488
12 20 3 25.652808
12 21 0 29.626460
12 21 3 22.721709
12 22 0 33.272904
12 22 3 25.629073
12 23 0 32.457545
12 23 3 25.426906
12 24 0 31.681585
12 24 3 25.390651
12 25 0 31.487526
12 25 3 25.250907
12 26 0 27.634246
12 26 3 22.545032
12 27 0 30.978173
12 27 3 25.274681
12 28 0 27.084460
12 28 3 22.568453
12 29 0 26.671142
12 29 3 22.105141
12 30 0 26.451152
12 30 3 22.107788
12 31 0 26.098291
12 31 3 22.208966
12 32 0 25.363149
12 32 3 22.288011
12 33 0 25.825221
12 33 3 21.865208
12 34 0 27.613830
12 34 3 23.529428
12 35 0 25.511559
12 35 3 22.134437
12 36 0 25.246540
12 36 3 22.963222
12 37 0 24.946342
12 37 3 22.237080
12 38 0 24.833108
12 38 3 22.124996
12 39 0 24.718863
12 39 3 22.039287
12 40 0 24.322497
12 40 3 22.291950
12 42 0 23.804621
12 42 3 21.673195
12 44 0 23.506373
12 44 3 28.047579
12 46 0 23.302579
12 46 3 21.647572
12 48 0 24.955855
12 48 3 24.210365
12 50 0 24.949483
12 50 3 22.879536
12 52 0 23.343276
12 52 3 21.805580
12 54 0 25.402731
12 54 3 24.480116
12 56 0 24.948618
12 56 3 24.986572
12 58 0 22.410785
12 58 3 21.797361
12 60 0 24.417018
12 60 3 24.003896
12 63 0 24.461846
12 63 3 24.291508
12 66 0 23.841845
12 66 3 23.928941
12 69 0 23.760421
12 69 3 23.672395
12 72 0 22.870446
12 72 3 23.655642
12 75 0 21.153513
12 75 3 21.506901
12 78 0 20.877182
12 78 3 21.462757
12 81 0 20.563955
12 81 3 21.574154
12 85 0 20.372753
12 85 3 21.582865
12 89 0 19.853753
12 89 3 21.482338
12 93 0 19.712194
12 93 3 21.429518
12 97 0 22.937898
12 97 3 24.245839
12 101 0 19.374764
12 101 3 21.472759
12 106 0 19.096863
12 106 3 21.636535
12 111 0 18.558469
12 111 3 21.302377
12 116 0 20.338619
12 116 3 23.862649
12 121 0 18.095147
12 121 3 21.383154
12 127 0 17.882757
12 127 3 21.079192
12 133 0 17.651092
12 133 3 21.349560
12 139 0 18.941499
12 139 3 23.385717
12 145 0 18.905420
12 145 3 24.056616
12 152 0 16.715986
12 152 3 21.189058
12 159 0 17.910084
12 159 3 23.745579
12 166 0 17.425481
12 166 3 22.991640
12 174 0 18.159323
12 174 3 22.435477
12 182 0 17.228676
12 182 3 23.443091
12 191 0 15.404107
12 191 3 21.104258
12 200 0 15.259807
12 200 3 21.192085
12 210 0 14.861605
12 210 3 20.924696
12 220 0 15.546698
12 220 3 22.872810
12 231 0 14.545325
12 231 3 20.916371
12 242 0 16.610564
12 242 3 22.247640
12 254 0 15.120494
12 254 3 22.492243
12 266 0 14.866967
12 266 3 23.890686
12 279 0 16.817249
12 279 3 29.307574
12 292 0 14.056850
12 292 3 22.308205
12 306 0 13.192927
12 306 3 21.095099
12 321 0 13.619917
12 321 3 22.645363
12 337 0 13.787594
12 337 3 23.648169
12 353 0 12.808816
12 353 3 21.055607
12 370 0 12.495053
12 370 3 21.207770
12 388 0 12.331938
12 388 3 21.456147
12 407 0 12.112197
12 407 3 21.051351
12 427 0 12.039737
12 427 3 21.154875
12 448 0 11.862609
12 448 3 21.322694
12 470 0 11.874536
12 470 3 21.299391
12 493 0 11.734086
12 493 3 21.514739
12 517 0 12.469808
12 517 3 23.113600
12 542 0 11.569616
12 542 3 21.261516
12 569 0 11.474747
12 569 3 21.412963
12 597 0 11.449790
12 597 3 21.796750
12 626 0 11.328213
12 626 3 21.501261
12 657 0 12.156031
12 657 3 22.797573
12 689 0 11.917461
12 689 3 24.621294
12 723 0 11.706452
12 723 3 22.929804
12 759 0 11.801902
12 759 3 22.446116
12 796 0 11.702797
12 796 3 24.063365
12 835 0 11.042113
12 835 3 21.974308
12 876 0 11.533931
12 876 3 22.667289
12 919 0 11.585867
12 919 3 22.581093
12 964 0 12.271241
12 964 3 28.937026
12 1012 0 11.598341
12 1012 3 24.030328
12 1062 0 11.802389
12 1062 3 23.121181
12 1115 0 11.509989
12 1115 3 23.300374
12 1170 0 11.063122
12 1170 3 21.792135
12 1228 0 11.057191
12 1228 3 22.293826
12 1289 0 11.179511
12 1289 3 21.851021
12 1353 0 13.230960
12 1353 3 32.631706
12 1420 0 11.285218
12 1420 3 22.396614
12 1491 0 13.161685
12 1491 3 23.612621
12 1565 0 11.892279
12 1565 3 22.697445
12 1643 0 15.114037
12 1643 3 36.630147
12 1725 0 12.819269
12 1725 3 24.991014
12 1811 0 14.942145
12 1811 3 37.087422
12 1901 0 13.654905
12 1901 3 32.189262
12 1996 0 19.041850
12 1996 3 42.239349
13 1 3 34.694236
13 2 3 26.780516
13 3 3 25.363517
13 4 3 28.211828
13 5 0 53.090984
13 5 3 27.064445
13 6 0 52.723605
13 6 3 26.494735
13 7 0 45.058738
13 7 3 23.249159
13 8 0 49.611181
13 8 3 25.841120
13 9 0 48.896300
13 9 3 28.583367
13 10 0 45.956699
13 10 3 24.965259
13 11 0 43.265721
13 11 3 25.042256
13 12 0 40.296889
13 12 3 24.552369
13 13 0 36.042049
13 13 3 22.537095
13 14 0 38.597327
13 14 3 24.883855
13 15 0 37.777389
13 15 3 24.538270
13 16 0 35.331938
13 16 3 24.887101
13 17 0 36.972911
13 17 3 24.290354
13 18 0 40.074665
13 18 3 23.961083
13 19 0 36.514624
13 19 3 24.687925
13 20 0 32.982209
13 20 3 23.739739
13 21 0 29.675205
13 21 3 21.766211
13 22 0 33.087744
13 22 3 24.146842
13 23 0 31.888513
13 23 3 24.182175
13 24 0 31.232665
13 24 3 24.922677
13 25 0 31.449801
13 25 3 24.680562
13 26 0 28.323908
13 26 3 21.775990
13 27 0 32.684679
13 27 3 33.967547
13 28 0 27.290161
13 28 3 21.832789
13 29 0 26.794924
13 29 3 21.431728
13 30 0 26.639458
13 30 3 21.500251
13 31 0 26.510440
13 31 3 21.554670
13 32 0 25.701325
13 32 3 21.728893
13 33 0 26.047866
13 33 3 21.491449
13 34 0 25.865186
13 34 3 22.161608
13 35 0 25.670299
13 35 3 21.982009
13 36 0 25.385511
13 36 3 21.923419
13 37 0 25.095155
13 37 3 21.415478
13 38 0 25.108548
13 38 3 21.461407
13 39 0 24.879851
13 39 3 21.494871
13 40 0 24.541475
13 40 3 21.804536
13 42 0 24.006815
13 42 3 21.292773
13 44 0 27.253351
13 44 3 38.604041
13 46 0 23.616004
13 46 3 21.379545
13 48 0 24.977552
13 48 3 23.266430
13 50 0 23.836755
13 50 3 22.768307
13 52 0 23.175091
13 52 3 21.655143
13 54 0 25.170878
13 54 3 23.976183
13 56 0 25.265535
13 56 3 24.112139
13 58 0 22.482628
13 58 3 21.546307
13 60 0 24.459183
13 60 3 23.508513
13 63 0 27.025393
13 63 3 23.631708
13 66 0 23.968127
13 66 3 25.820898
13 69 0 23.713209
13 69 3 23.168086
13 72 0 23.081909
13 72 3 23.500038
13 75 0 20.824344
13 75 3 21.253215
13 78 0 20.739390
13 78 3 25.036952
13 81 0 20.580330
13 81 3 21.345564
13 85 0 21.071948
13 85 3 21.846361
13 89 0 19.932166
13 89 3 21.149283
13 93 0 19.812225
13 93 3 21.194166
13 97 0 21.858641
13 97 3 23.549084
13 101 0 19.380925
13 101 3 21.914360
13 106 0 19.261114
13 106 3 21.531006
13 111 0 18.592584
13 111 3 21.136743
13 116 0 22.557407
13 116 3 23.841989
13 121 0 18.582164
13 121 3 21.073997
13 127 0 18.267392
13 127 3 21.204940
13 133 0 17.789285
13 133 3 21.113392
13 139 0 20.737937
13 139 3 26.796424
13 145 0 19.502659
13 145 3 23.350164
13 152 0 17.004002
13 152 3 21.078997
13 159 0 18.576344
13 159 3 22.735132
13 166 0 18.123335
13 166 3 26.357053
13 174 0 17.194688
13 174 3 23.417444
13 182 0 17.541794
13 182 3 22.859939
13 191 0 15.760122
13 191 3 20.949818
13 200 0 15.658477
13 200 3 21.477540
13 210 0 15.407200
13 210 3 21.113860
13 220 0 16.690268
13 220 3 24.071633
13 231 0 15.177986
13 231 3 21.009477
13 242 0 16.114871
13 242 3 23.020613
13 254 0 16.088795
13 254 3 23.025058
13 266 0 15.380326
13 266 3 23.060958
13 279 0 15.412450
13 279 3 24.977101
13 292 0 15.356530
13 292 3 26.840541
13 306 0 14.088860
13 306 3 21.739445
13 321 0 15.015670
13 321 3 22.640780
13 337 0 14.902274
13 337 3 34.037409
13 353 0 13.670536
13 353 3 21.939003
13 370 0 13.558982
13 370 3 21.926946
13 388 0 13.286100
13 388 3 22.637214
13 407 0 13.093230
13 407 3 21.753054
13 427 0 13.031674
13 427 3 22.141826
13 448 0 12.917494
13 448 3 21.859967
13 470 0 12.961704
13 470 3 22.074277
13 493 0 12.886993
13 493 3 21.965947
13 517 0 13.456496
13 517 3 22.637395
13 542 0 12.800059
13 542 3 22.168368
13 569 0 12.583338
13 569 3 21.779185
13 597 0 12.578968
13 597 3 22.239142
13 626 0 12.521553
13 626 3 22.155850
13 657 0 13.375402
13 657 3 23.605556
13 689 0 13.154491
13 689 3 22.800438
13 723 0 13.244141
13 723 3 23.193934
13 759 0 13.203934
13 759 3 30.496257
13 796 0 13.338969
13 796 3 23.213764
13 835 0 12.478643
13 835 3 21.740605
13 876 0 13.698827
13 876 3 23.341025
13 919 0 15.175993
13 919 3 24.169165
13 964 0 14.642599
13 964 3 23.043469
13 1012 0 14.964733
13 1012 3 25.092982
13 1062 0 15.418743
13 1062 3 24.033946
13 1115 0 16.777221
13 1115 3 25.610865
13 1170 0 14.113210
13 1170 3 23.153098
13 1228 0 14.430612
13 1228 3 22.669063
13 1289 0 15.265232
13 1289 3 22.763068
13 1353 0 18.164582
13 1353 3 38.219451
13 1420 0 16.434893
13 1420 3 27.407055
13 1491 0 19.953555
13 1491 3 39.018468
13 1565 0 17.601447
13 1565 3 37.784634
13 1643 0 24.188474
13 1643 3 54.993024
13 1725 0 19.182091
13 1725 3 48.445694
13 1811 0 26.261719
13 1811 3 68.268572
13 1901 0 20.133875
13 1901 3 53.867478
13 1996 0 28.407990
13 1996 3 73.540453
14 1 3 24.664022
14 2 3 22.880480
14 3 3 25.561219
14 4 3 28.295892
14 5 0 54.913804
14 5 3 25.299873
14 6 0 51.533754
14 6 3 25.047286
14 7 0 45.191470
14 7 3 21.972786
14 8 0 50.391466
14 8 3 24.731219
14 9 0 47.652552
14 9 3 24.269374
14 10 0 44.679497
14 10 3 29.959188
14 11 0 47.448127
14 11 3 24.669927
14 12 0 41.062615
14 12 3 23.721918
14 13 0 36.399886
14 13 3 21.668356
14 14 0 38.535949
14 14 3 23.377772
14 15 0 37.523768
14 15 3 23.566181
14 16 0 34.953944
14 16 3 23.721998
14 17 0 36.762173
14 17 3 24.063156
14 18 0 35.435937
14 18 3 23.368371
14 19 0 35.243647
14 19 3 28.565804
14 20 0 34.663607
14 20 3 24.612995
14 21 0 29.894939
14 21 3 21.206902
14 22 0 35.512331
14 22 3 23.804832
14 23 0 33.330559
14 23 3 23.546277
14 24 0 32.565493
14 24 3 23.680256
14 25 0 31.359493
14 25 3 23.349051
14 26 0 27.875947
14 26 3 21.330025
14 27 0 30.419205
14 27 3 23.196093
14 28 0 27.572166
14 28 3 21.617191
14 29 0 27.008708
14 29 3 21.138629
14 30 0 26.567025
14 30 3 21.474277
14 31 0 27.410716
14 31 3 21.233656
14 32 0 25.521641
14 32 3 21.362354
14 33 0 25.985107
14 33 3 21.118915
14 34 0 25.831644
14 34 3 21.220807
14 35 0 25.636137
14 35 3 21.252980
14 36 0 25.339174
14 36 3 21.298921
14 37 0 25.129757
14 37 3 21.121814
14 38 0 24.977570
14 38 3 21.091631
14 39 0 24.875899
14 39 3 21.126299
14 40 0 24.465200
14 40 3 21.397776
14 42 0 24.115963
14 42 3 20.898927
14 44 0 27.588117
14 44 3 25.205222
14 46 0 23.614520
14 46 3 21.122342
14 48 0 25.091177
14 48 3 23.249896
14 50 0 24.033815
14 50 3 21.503640
14 52 0 23.597071
14 52 3 21.651093
14 54 0 26.125412
14 54 3 23.720098
14 56 0 26.177724
14 56 3 24.314192
14 58 0 22.831293
14 58 3 21.451169
14 60 0 24.994016
14 60 3 34.351171
14 63 0 24.999943
14 63 3 23.851735
14 66 0 24.437860
14 66 3 23.306806
14 69 0 24.387261
14 69 3 23.583376
14 72 0 24.435819
14 72 3 23.280834
14 75 0 21.393521
14 75 3 21.037614
14 78 0 21.157952
14 78 3 21.491968
14 81 0 21.004656
14 81 3 21.271152
14 85 0 21.357529
14 85 3 23.320332
14 89 0 20.441061
14 89 3 21.491689
14 93 0 20.446744
14 93 3 21.656355
14 97 0 24.548539
14 97 3 38.109160
14 101 0 20.019105
14 101 3 21.678436
14 106 0 19.927474
14 106 3 21.740130
14 111 0 19.471603
14 111 3 21.492172
14 116 0 23.239256
14 116 3 24.723197
14 121 0 19.232195
14 121 3 21.203262
14 127 0 18.939342
14 127 3 21.796302
14 133 0 18.413426
14 133 3 21.473727
14 139 0 21.496304
14 139 3 25.528461
14 145 0 20.004384
14 145 3 23.861860
14 152 0 18.164036
14 152 3 21.816325
14 159 0 20.973280
14 159 3 23.137510
14 166 0 19.356741
14 166 3 22.384674
14 174 0 19.169754
14 174 3 23.255354
14 182 0 19.091204
14 182 3 25.184550
14 191 0 17.170633
14 191 3 21.631379
14 200 0 17.130492
14 200 3 22.196655
14 210 0 16.750223
14 210 3 21.848485
14 220 0 20.080039
14 220 3 71.240615
14 231 0 16.678969
14 231 3 21.760048
14 242 0 17.837909
14 242 3 24.077801
14 254 0 17.450255
14 254 3 24.044239
14 266 0 17.965863
14 266 3 24.800801
14 279 0 17.004835
14 279 3 24.203568
14 292 0 16.815823
14 292 3 23.403483
14 306 0 15.312880
14 306 3 21.676949
14 321 0 16.540136
14 321 3 24.827324
14 337 0 16.242427
14 337 3 24.478082
14 353 0 14.990704
14 353 3 22.058095
14 370 0 14.725827
14 370 3 23.201755
14 388 0 14.599624
14 388 3 22.412389
14 407 0 14.484840
14 407 3 21.959510
14 427 0 14.412991
14 427 3 22.151514
14 448 0 14.258128
14 448 3 22.373218
14 470 0 14.319389
14 470 3 22.588301
14 493 0 14.211772
14 493 3 22.660391
14 517 0 15.381400
14 517 3 24.326848
14 542 0 15.330567
14 542 3 22.321852
14 569 0 14.220280
14 569 3 23.134393
14 597 0 14.496019
14 597 3 22.747869
14 626 0 14.640919
14 626 3 22.859463
14 657 0 17.696005
14 657 3 25.633444
14 689 0 18.440876
14 689 3 36.211501
14 723 0 18.999915
14 723 3 24.622492
14 759 0 19.774523
14 759 3 23.756396
14 796 0 20.918567
14 796 3 30.507213
14 835 0 17.623253
14 835 3 23.331825
14 876 0 22.264008
14 876 3 38.564243
14 919 0 24.697320
14 919 3 39.348533
14 964 0 25.659108
14 964 3 39.151490
14 1012 0 27.779009
14 1012 3 37.746977
15 1 3 20.033809
15 2 3 23.402505
15 3 3 23.324603
15 4 3 26.020666
15 5 0 55.169262
15 5 3 25.360872
15 6 0 53.607490
15 6 3 24.341030
15 7 0 46.690633
15 7 3 21.998172
15 8 0 51.679553
15 8 3 24.295104
15 9 0 49.264949
15 9 3 23.720579
15 10 0 45.585446
15 10 3 23.251614
15 11 0 44.671090
15 11 3 23.604168
15 12 0 41.459587
15 12 3 25.304669
15 13 0 36.865223
15 13 3 21.405345
15 14 0 40.781470
15 14 3 22.957038
15 15 0 43.437585
15 15 3 23.572479
15 16 0 36.185397
15 16 3 23.050633
15 17 0 37.268487
15 17 3 23.875848
15 18 0 35.797664
15 18 3 23.796423
15 19 0 35.916929
15 19 3 23.910583
15 20 0 34.132728
15 20 3 23.236988
15 21 0 30.290439
15 21 3 21.130624
15 22 0 33.316636
15 22 3 23.369948
15 23 0 32.724229
15 23 3 32.138496
15 24 0 31.782354
15 24 3 28.078075
15 25 0 31.827473
15 25 3 25.817965
15 26 0 28.279965
15 26 3 21.320103
15 27 0 32.582137
15 27 3 42.428728
15 28 0 27.673111
15 28 3 21.146584
15 29 0 29.121632
15 29 3 22.359746
15 30 0 26.979248
15 30 3 21.078921
15 31 0 26.925805
15 31 3 21.764450
15 32 0 25.992180
15 32 3 21.053658
15 33 0 26.547188
15 33 3 21.295850
15 34 0 26.359175
15 34 3 21.282688
15 35 0 26.111452
15 35 3 21.215512
15 36 0 25.893989
15 36 3 21.359268
15 37 0 25.687974
15 37 3 20.934907
15 38 0 25.542279
15 38 3 21.119370
15 39 0 25.344300
15 39 3 21.063961
15 40 0 25.076827
15 40 3 21.166762
15 42 0 24.902542
15 42 3 20.979551
15 44 0 30.890634
15 44 3 32.492933
15 46 0 24.472781
15 46 3 21.483580
15 48 0 26.337304
15 48 3 23.428627
15 50 0 25.416656
15 50 3 21.671551
15 52 0 24.586397
15 52 3 21.933590
15 54 0 28.263448
15 54 3 24.031435
15 56 0 27.045870
15 56 3 24.107682
15 58 0 23.801667
15 58 3 21.931434
15 60 0 26.571386
15 60 3 24.260305
15 63 0 26.895755
15 63 3 25.239670
15 66 0 26.057358
15 66 3 24.884665
15 69 0 25.997615
15 69 3 24.931623
15 72 0 25.231684
15 72 3 24.499875
15 75 0 23.681428
15 75 3 21.690948
15 78 0 22.216714
15 78 3 22.024581
15 81 0 22.401702
15 81 3 22.001444
15 85 0 21.978736
15 85 3 22.089024
15 89 0 21.770521
15 89 3 22.192231
15 93 0 21.485691
15 93 3 21.837326
15 97 0 25.157388
15 97 3 23.805734
15 101 0 21.354130
15 101 3 21.835958
15 106 0 21.144178
15 106 3 22.056704
15 111 0 20.526061
15 111 3 21.647833
15 116 0 23.043672
15 116 3 24.852840
15 121 0 20.152352
15 121 3 22.161241
15 127 0 20.025350
15 127 3 22.202228
15 133 0 19.908019
15 133 3 22.214350
15 139 0 23.246797
15 139 3 25.246374
15 145 0 21.632347
15 145 3 25.500308
15 152 0 19.363635
15 152 3 22.388930
15 159 0 21.374883
15 159 3 24.048712
15 166 0 20.736942
15 166 3 25.436486
15 174 0 20.507669
15 174 3 24.400146
15 182 0 20.909939
15 182 3 24.708869
15 191 0 18.426742
15 191 3 22.491605
15 200 0 18.297035
15 200 3 22.836637
15 210 0 17.997632
15 210 3 22.056672
15 220 0 21.307366
15 220 3 24.310673
15 231 0 17.779399
15 231 3 22.885863
15 242 0 19.211296
15 242 3 31.706576
15 254 0 18.797971
15 254 3 24.533782
15 266 0 18.332646
15 266 3 24.894828
15 279 0 18.202909
15 279 3 25.048627
15 292 0 17.631840
15 292 3 24.086128
15 306 0 16.287288
15 306 3 22.032141
15 321 0 17.402283
15 321 3 24.457602
15 337 0 17.103458
15 337 3 24.678669
15 353 0 16.067598
15 353 3 22.268591
15 370 0 16.309891
15 370 3 22.524011
15 388 0 17.506461
15 388 3 23.125037
15 407 0 16.710213
15 407 3 22.795488
15 427 0 17.325950
15 427 3 22.612533
15 448 0 17.811582
15 448 3 22.404377
15 470 0 19.349562
15 470 3 22.710165
15 493 0 20.359793
15 493 3 22.939093
16 1 3 17.215486
16 2 3 22.138188
16 3 3 22.353399
16 4 3 25.799770
16 5 0 58.692011
16 5 3 24.826428
16 6 0 55.679179
16 6 3 24.329669
16 7 0 47.065944
16 7 3 21.222698
16 8 0 53.711041
16 8 3 23.816598
16 9 0 50.635019
16 9 3 23.351984
16 10 0 47.218323
16 10 3 24.026187
16 11 0 45.678771
16 11 3 23.484852
16 12 0 42.279496
16 12 3 22.726406
16 13 0 37.594329
16 13 3 21.149964
16 14 0 39.791935
16 14 3 22.978197
16 15 0 38.431331
16 15 3 23.037310
16 16 0 36.168814
16 16 3 23.003041
16 17 0 38.821526
16 17 3 24.900334
16 18 0 38.403622
16 18 3 23.107097
16 19 0 37.968657
16 19 3 23.695474
16 20 0 35.722862
16 20 3 22.462775
16 21 0 31.326337
16 21 3 20.786626
16 22 0 35.389765
16 22 3 23.738985
16 23 0 37.904317
16 23 3 24.069430
16 24 0 33.451128
16 24 3 23.342012
16 25 0 33.343046
16 25 3 23.518555
16 26 0 29.421090
16 26 3 21.407209
16 27 0 36.048557
16 27 3 23.041176
16 28 0 28.957450
16 28 3 21.336033
16 29 0 29.719619
16 29 3 22.099873
16 30 0 28.502778
16 30 3 21.123643
16 31 0 29.053547
16 31 3 21.198305
16 32 0 27.230873
16 32 3 21.715054
16 33 0 28.197476
16 33 3 21.676935
16 34 0 28.053790
16 34 3 22.234862
16 35 0 28.583031
16 35 3 21.805261
16 36 0 28.053372
16 36 3 21.690730
16 37 0 27.520251
16 37 3 21.641389
16 38 0 27.255624
16 38 3 21.831946
16 39 0 27.175124
16 39 3 21.958546
16 40 0 26.626436
16 40 3 21.801940
16 42 0 26.707912
16 42 3 21.885233
16 44 0 29.413018
16 44 3 22.030993
16 46 0 26.279027
16 46 3 21.708924
16 48 0 29.521273
16 48 3 23.977759
16 50 0 26.157283
16 50 3 22.705804
16 52 0 25.589685
16 52 3 22.924491
16 54 0 29.230516
16 54 3 26.029136
16 56 0 28.610714
16 56 3 25.757801
16 58 0 24.892429
16 58 3 21.988100
16 60 0 28.529540
16 60 3 24.648403
16 63 0 28.927962
16 63 3 26.018113
16 66 0 28.169336
16 66 3 24.908268
16 69 0 27.517498
16 69 3 24.826289
16 72 0 27.292531
16 72 3 25.398697
16 75 0 24.064745
16 75 3 21.866644
16 78 0 23.597351
16 78 3 22.551070
16 81 0 23.377290
16 81 3 22.327947
16 85 0 23.071055
16 85 3 22.478671
16 89 0 22.840949
16 89 3 22.215676
16 93 0 22.521273
16 93 3 22.183006
16 97 0 24.508350
16 97 3 28.009652
16 101 0 22.371560
16 101 3 22.641939
16 106 0 22.204910
16 106 3 23.322978
16 111 0 21.697711
16 111 3 21.823906
16 116 0 23.546932
16 116 3 24.368767
16 121 0 21.657738
16 121 3 22.698521
16 127 0 21.457862
16 127 3 21.956773
16 133 0 21.187461
16 133 3 22.637345
16 139 0 23.772258
16 139 3 26.003999
16 145 0 22.717850
16 145 3 24.413609
16 152 0 20.463733
16 152 3 22.970012
16 159 0 23.098645
16 159 3 25.579887
16 166 0 21.840497
16 166 3 23.853807
16 174 0 25.347252
16 174 3 26.200189
16 182 0 22.170968
16 182 3 26.682389
16 191 0 19.242079
16 191 3 22.336971
16 200 0 19.177434
16 200 3 22.894268
16 210 0 18.655143
16 210 3 22.373040
16 220 0 20.349355
16 220 3 24.319241
16 231 0 18.559968
16 231 3 22.710560
16 242 0 20.145835
16 242 3 26.042661
16 254 0 20.190788
16 254 3 24.984465
17 1 3 19.633970
17 2 3 21.608546
17 3 3 22.018509
17 4 3 26.213498
17 5 0 58.862109
17 5 3 24.719468
17 6 0 59.069288
17 6 3 24.069042
17 7 0 49.273888
17 7 3 21.089012
17 8 0 55.637991
17 8 3 23.295581
17 9 0 52.303495
17 9 3 23.239031
17 10 0 50.183347
17 10 3 23.651127
17 11 0 48.791858
17 11 3 28.144705
17 12 0 44.054022
17 12 3 22.601798
17 13 0 39.187596
17 13 3 21.528285
17 14 0 41.931582
17 14 3 23.047904
17 15 0 41.838148
17 15 3 22.922556
17 16 0 38.655544
17 16 3 23.300279
17 17 0 42.422378
17 17 3 23.660403
17 18 0 44.183648
17 18 3 23.691933
17 19 0 43.780564
17 19 3 24.803634
17 20 0 41.248361
17 20 3 23.907258
17 21 0 33.838831
17 21 3 21.881171
17 22 0 40.260830
17 22 3 26.256078
17 23 0 39.207261
17 23 3 29.845533
17 24 0 37.628755
17 24 3 23.867389
17 25 0 37.631873
17 25 3 23.616826
17 26 0 31.714975
17 26 3 22.100647
17 27 0 39.590605
17 27 3 24.635299
17 28 0 31.060751
17 28 3 22.365573
17 29 0 31.334128
17 29 3 23.540714
17 30 0 31.470799
17 30 3 22.477444
17 31 0 31.512590
17 31 3 21.887178
17 32 0 29.597533
17 32 3 22.363050
17 33 0 30.400446
17 33 3 22.391658
17 34 0 30.506406
17 34 3 22.658355
17 35 0 31.219404
17 35 3 22.303381
17 36 0 30.679305
17 36 3 22.467819
17 37 0 29.558294
17 37 3 22.349632
17 38 0 30.437198
17 38 3 22.901387
17 39 0 31.506229
17 39 3 23.168389
17 40 0 29.927042
17 40 3 23.533711
17 42 0 29.059008
17 42 3 22.493200
17 44 0 28.346190
17 44 3 23.092603
17 46 0 28.087941
17 46 3 22.772504
17 48 0 32.546231
17 48 3 25.607132
17 50 0 27.137610
17 50 3 22.792183
17 52 0 26.746193
17 52 3 23.261623
17 54 0 29.786957
17 54 3 24.607851
17 56 0 29.619344
17 56 3 25.335758
17 58 0 26.052206
17 58 3 22.991261
17 60 0 29.031516
17 60 3 24.395512
17 63 0 29.863340
17 63 3 25.171130
17 66 0 28.181793
17 66 3 26.084635
17 69 0 28.077444
17 69 3 24.936978
17 72 0 27.274290
17 72 3 25.767553
17 75 0 26.001083
17 75 3 23.307627
17 78 0 25.007478
17 78 3 22.653562
17 81 0 24.901498
17 81 3 23.474513
17 85 0 24.831432
17 85 3 22.381871
17 89 0 24.238057
17 89 3 22.314782
17 93 0 24.328775
17 93 3 22.530202
17 97 0 26.670649
17 97 3 25.079084
17 101 0 24.050672
17 101 3 22.750677
17 106 0 23.999666
17 106 3 22.912365
17 111 0 23.406732
17 111 3 22.533992
17 116 0 26.887724
17 116 3 25.250167
17 121 0 22.779232
17 121 3 22.880317
17 127 0 22.607394
17 127 3 23.111777
18 1 3 16.315803
18 2 3 22.009702
18 3 3 21.855467
18 4 3 25.649199
18 5 0 63.204995
18 5 3 24.908532
18 6 0 63.646261
18 6 3 24.989433
18 7 0 51.575949
18 7 3 21.493503
18 8 0 59.747243
18 8 3 26.884918
18 9 0 59.401554
18 9 3 24.976751
18 10 0 54.320577
18 10 3 27.726783
18 11 0 52.603803
18 11 3 26.076558
18 12 0 48.993389
18 12 3 25.236907
18 13 0 42.998206
18 13 3 21.951372
18 14 0 47.547414
18 14 3 24.825787
18 15 0 49.112346
18 15 3 23.673339
18 16 0 46.348445
18 16 3 24.926800
18 17 0 48.632384
18 17 3 29.224417
18 18 0 45.577991
18 18 3 27.872711
18 19 0 46.844714
18 19 3 28.931817
18 20 0 44.957787
18 20 3 26.678835
18 21 0 36.518913
18 21 3 22.258621
18 22 0 46.041555
18 22 3 27.039704
18 23 0 42.660317
18 23 3 25.236405
18 24 0 43.381762
18 24 3 31.130543
18 25 0 43.188890
18 25 3 51.346561
18 26 0 34.485035
18 26 3 22.934500
18 27 0 40.496257
18 27 3 25.318346
18 28 0 34.956373
18 28 3 23.076410
18 29 0 34.164154
18 29 3 23.135593
18 30 0 33.756948
18 30 3 22.616674
18 31 0 33.241636
18 31 3 23.444925
18 32 0 32.189015
18 32 3 25.712812
18 33 0 33.069529
18 33 3 22.765005
18 34 0 32.312009
18 34 3 23.532815
18 35 0 33.168984
18 35 3 23.524114
18 36 0 32.314501
18 36 3 23.203872
18 37 0 31.950002
18 37 3 23.789825
18 38 0 32.068412
18 38 3 23.774089
18 39 0 34.703660
18 39 3 23.007551
18 40 0 32.181165
18 40 3 25.667338
18 42 0 30.657474
18 42 3 23.283118
18 44 0 30.696646
18 44 3 23.003615
18 46 0 30.606959
18 46 3 22.990222
18 48 0 33.287379
18 48 3 27.204123
18 50 0 29.463569
18 50 3 22.734995
18 52 0 28.990236
18 52 3 23.101596
18 54 0 32.093444
18 54 3 25.164004
18 56 0 31.251574
18 56 3 24.926822
18 58 0 28.311302
18 58 3 23.702119
18 60 0 30.642106
18 60 3 24.323471
18 63 0 31.072301
18 63 3 24.738491
19 1 3 17.698874
19 2 3 21.878940
19 3 3 22.053854
19 4 3 25.941362
19 5 0 63.027423
19 5 3 24.755924
19 6 0 64.533116
19 6 3 25.859776
19 7 0 55.198523
19 7 3 22.580707
19 8 0 68.951616
19 8 3 28.454469
19 9 0 64.204467
19 9 3 29.782265
19 10 0 59.867512
19 10 3 30.793030
19 11 0 57.469547
19 11 3 32.170922
19 12 0 53.983094
19 12 3 26.395740
19 13 0 46.715910
19 13 3 25.459480
19 14 0 52.142698
19 14 3 26.362257
19 15 0 52.058587
19 15 3 31.025131
19 16 0 47.103482
19 16 3 26.200365
19 17 0 50.537442
19 17 3 26.897536
19 18 0 47.050129
19 18 3 30.686080
19 19 0 47.571497
19 19 3 28.860343
19 20 0 44.480533
19 20 3 26.786833
19 21 0 38.676544
19 21 3 22.481482
19 22 0 45.388776
19 22 3 28.467712
19 23 0 44.268322
19 23 3 27.734097
19 24 0 42.817124
19 24 3 32.193726
19 25 0 41.908703
19 25 3 27.514813
19 26 0 36.850461
19 26 3 23.465304
19 27 0 41.432450
19 27 3 27.103825
19 28 0 37.494241
19 28 3 24.378505
19 29 0 37.175925
19 29 3 23.706737
19 30 0 37.662538
19 30 3 24.400438
19 31 0 37.002252
19 31 3 23.648343
20 1 3 28.234190
20 2 3 28.830671
20 3 3 24.554890
20 4 3 24.700413
20 5 0 87.259256
20 5 3 26.510086
20 6 0 82.557178
20 6 3 27.809842
20 7 0 80.830387
20 7 3 25.154777
20 8 0 78.074643
20 8 3 28.160272
20 9 0 78.190030
20 9 3 26.653831
20 10 0 75.082672
20 10 3 29.693863
20 11 0 73.789099
20 11 3 28.985141
20 12 0 71.662554
20 12 3 28.391560
20 13 0 70.393277
20 13 3 28.647084
20 14 0 69.977266
20 14 3 30.404791
20 15 0 68.480775
20 15 3 31.634478
