4 1 3 18.410771
4 2 3 14.888520
4 3 3 14.615000
4 4 3 13.886602
4 5 0 41.999309
4 5 3 13.868666
4 6 0 53.934630
4 6 3 11.775677
4 7 0 48.254557
4 7 3 12.050552
4 8 0 33.878051
4 8 3 13.792777
4 9 0 30.202283
4 9 3 12.400354
4 10 0 29.826013
4 10 3 12.371151
4 11 0 24.996829
4 11 3 12.113079
4 12 0 24.643770
4 12 3 13.653972
4 13 0 24.163725
4 13 3 13.692241
4 14 0 26.299720
4 14 3 13.463104
4 15 0 23.134075
4 15 3 13.624073
4 16 0 24.959874
4 16 3 12.086601
4 17 0 23.564326
4 17 3 13.329139
4 18 0 24.125739
4 18 3 13.314379
4 19 0 31.119739
4 19 3 11.212109
4 20 0 26.770156
4 20 3 10.339592
4 21 0 26.902126
4 21 3 10.877561
4 22 0 24.144124
4 22 3 10.359348
4 23 0 28.848205
4 23 3 10.900086
4 24 0 24.740130
4 24 3 10.268538
4 25 0 25.363105
4 25 3 10.537586
4 26 0 29.869593
4 26 3 11.069891
4 27 0 26.104216
4 27 3 11.093041
4 28 0 27.356104
4 28 3 10.957675
4 29 0 20.719829
4 29 3 12.063089
4 30 0 19.512026
4 30 3 11.682474
4 31 0 19.405295
4 31 3 12.861040
4 32 0 28.143950
4 32 3 11.240691
4 33 0 27.770678
4 33 3 10.677395
4 34 0 26.300746
4 34 3 10.599955
4 35 0 24.633075
4 35 3 10.346010
4 36 0 23.686109
4 36 3 9.959328
4 37 0 26.328329
4 37 3 10.513872
4 38 0 22.699170
4 38 3 10.050447
4 39 0 19.460243
4 39 3 12.510151
4 40 0 24.541628
4 40 3 9.950277
4 42 0 24.476971
4 42 3 9.416324
4 44 0 21.192338
4 44 3 9.521445
4 46 0 21.741984
4 46 3 9.170527
4 48 0 24.172051
4 48 3 9.548750
4 50 0 23.186941
4 50 3 9.703201
4 52 0 14.970124
4 52 3 10.721649
4 54 0 17.438565
4 54 3 12.015426
4 56 0 16.439774
4 56 3 11.936077
4 58 0 15.671166
4 58 3 11.971073
4 60 0 15.550469
4 60 3 10.749325
4 63 0 15.903078
4 63 3 11.710299
4 66 0 15.631899
4 66 3 11.743972
4 69 0 14.484782
4 69 3 11.630253
4 72 0 17.187726
4 72 3 11.703979
4 75 0 23.828797
4 75 3 9.408485
4 78 0 19.571847
4 78 3 8.704799
4 81 0 18.525209
4 81 3 8.673791
4 85 0 14.234019
4 85 3 11.481668
4 89 0 17.390909
4 89 3 11.691487
4 93 0 15.801684
4 93 3 10.247774
4 97 0 20.902563
4 97 3 9.719584
4 101 0 20.722488
4 101 3 9.433573
4 106 0 17.749619
4 106 3 8.609278
4 111 0 22.469941
4 111 3 9.176849
4 116 0 13.489514
4 116 3 11.169255
4 121 0 16.883716
4 121 3 11.439305
4 127 0 21.203115
4 127 3 8.795915
4 133 0 19.311728
4 133 3 9.501277
4 139 0 20.509160
4 139 3 8.923481
4 145 0 17.750360
4 145 3 9.565575
4 152 0 18.539914
4 152 3 8.948895
4 159 0 23.082982
4 159 3 9.517024
4 166 0 19.759508
4 166 3 8.788088
4 174 0 23.242880
4 174 3 9.059398
4 182 0 15.565247
4 182 3 11.433196
4 191 0 13.178476
4 191 3 11.079468
4 200 0 13.655715
4 200 3 11.197136
4 210 0 14.027748
4 210 3 10.229442
4 220 0 15.289416
4 220 3 11.411996
4 231 0 13.818503
4 231 3 11.214398
4 242 0 14.749618
4 242 3 8.478109
4 254 0 13.938467
4 254 3 9.076662
4 266 0 13.542359
4 266 3 8.958366
4 279 0 14.589934
4 279 3 9.547721
4 292 0 29.359050
4 292 3 15.081870
4 306 0 20.932473
4 306 3 12.689685
4 321 0 18.702096
4 321 3 12.320683
4 337 0 29.540067
4 337 3 11.524681
4 353 0 18.398903
4 353 3 11.769811
4 370 0 15.807977
4 370 3 13.849736
4 388 0 21.085728
4 388 3 13.704700
4 407 0 22.525923
4 407 3 15.754679
4 427 0 17.059756
4 427 3 11.805190
4 448 0 17.380003
4 448 3 11.990936
4 470 0 16.835567
4 470 3 11.876709
4 493 0 17.949856
4 493 3 38.586455
4 517 0 20.272481
4 517 3 36.302938
4 542 0 19.070362
4 542 3 13.520439
4 569 0 16.276684
4 569 3 11.491400
4 597 0 18.460078
4 597 3 16.197550
4 626 0 19.351427
4 626 3 19.437626
4 657 0 43.109272
4 657 3 12.232590
4 689 0 46.698169
4 689 3 11.268094
4 723 0 28.715173
4 723 3 16.229162
4 759 0 26.560226
4 759 3 12.204675
4 796 0 18.105378
4 796 3 16.396826
4 835 0 18.860676
4 835 3 18.871374
4 876 0 24.485329
4 876 3 16.368216
4 919 0 24.928795
4 919 3 16.417889
4 964 0 19.395121
4 964 3 17.463682
4 1012 0 18.291228
4 1012 3 22.598243
4 1062 0 16.463958
4 1062 3 12.983731
4 1115 0 26.081325
4 1115 3 18.909140
4 1170 0 26.856030
4 1170 3 18.309846
4 1228 0 17.053669
4 1228 3 68.719861
4 1289 0 24.906481
4 1289 3 18.906971
4 1353 0 22.605600
4 1353 3 16.676984
4 1420 0 18.148318
4 1420 3 12.210100
4 1491 0 24.285828
4 1491 3 18.411989
4 1565 0 19.688339
4 1565 3 14.142082
4 1643 0 24.941705
4 1643 3 16.871337
4 1725 0 28.552077
4 1725 3 18.374416
4 1811 0 22.275877
4 1811 3 14.609243
4 1901 0 22.603018
4 1901 3 15.391952
4 1996 0 28.527711
4 1996 3 47.743255
5 1 3 13.100230
5 2 3 12.025896
5 3 3 11.603172
5 4 3 10.736110
5 5 0 30.471299
5 5 3 10.696267
5 6 0 38.189663
5 6 3 12.423586
5 7 0 34.864781
5 7 3 12.446985
5 8 0 24.757273
5 8 3 11.402061
5 9 0 23.072305
5 9 3 10.454952
5 10 0 22.764891
5 10 3 10.331590
5 11 0 21.810313
5 11 3 10.156473
5 12 0 18.880280
5 12 3 9.692081
5 13 0 20.318978
5 13 3 10.284242
5 14 0 20.679467
5 14 3 10.569226
5 15 0 19.784875
5 15 3 9.928220
5 16 0 19.731446
5 16 3 10.040013
5 17 0 20.495305
5 17 3 10.457885
5 18 0 21.435612
5 18 3 10.721144
5 19 0 25.547429
5 19 3 11.458176
5 20 0 21.072485
5 20 3 9.654286
5 21 0 22.898508
5 21 3 10.290683
5 22 0 22.104160
5 22 3 9.336569
5 23 0 23.100802
5 23 3 10.583875
5 24 0 21.359120
5 24 3 9.454694
5 25 0 22.704431
5 25 3 9.879134
5 26 0 23.462292
5 26 3 12.291224
5 27 0 22.447192
5 27 3 10.366445
5 28 0 21.339391
5 28 3 9.791940
5 29 0 18.414531
5 29 3 9.152038
5 30 0 17.646760
5 30 3 8.858053
5 31 0 17.008802
5 31 3 8.706697
5 32 0 20.222178
5 32 3 9.773231
5 33 0 22.917999
5 33 3 11.384979
5 34 0 23.697707
5 34 3 11.469011
5 35 0 22.010462
5 35 3 9.748665
5 36 0 20.412894
5 36 3 9.283943
5 37 0 22.330567
5 37 3 10.358409
5 38 0 22.233053
5 38 3 9.509885
5 39 0 18.177225
5 39 3 9.362585
5 40 0 21.661863
5 40 3 10.095437
5 42 0 21.993661
5 42 3 9.245155
5 44 0 19.994728
5 44 3 9.532801
5 46 0 21.395879
5 46 3 9.209081
5 48 0 20.723080
5 48 3 9.823054
5 50 0 21.655125
5 50 3 10.181781
5 52 0 14.800821
5 52 3 8.219240
5 54 0 17.027326
5 54 3 8.881695
5 56 0 15.927688
5 56 3 8.329033
5 58 0 15.330881
5 58 3 8.556197
5 60 0 15.235199
5 60 3 8.325688
5 63 0 15.415777
5 63 3 8.441288
5 66 0 15.370384
5 66 3 8.337440
5 69 0 13.626561
5 69 3 8.021793
5 72 0 15.986059
5 72 3 8.563970
5 75 0 22.260759
5 75 3 9.909266
5 78 0 16.587855
5 78 3 10.183574
5 81 0 16.665074
5 81 3 9.101617
5 85 0 13.908067
5 85 3 8.179941
5 89 0 16.841836
5 89 3 8.576456
5 93 0 15.150821
5 93 3 8.586642
5 97 0 19.122088
5 97 3 9.683172
5 101 0 18.473479
5 101 3 9.455384
5 106 0 16.487263
5 106 3 9.676527
5 111 0 21.599537
5 111 3 9.730740
5 116 0 13.423993
5 116 3 8.132143
5 121 0 16.143456
5 121 3 8.463342
5 127 0 20.492415
5 127 3 9.794212
5 133 0 19.991179
5 133 3 9.675499
5 139 0 19.136918
5 139 3 9.671117
5 145 0 21.652254
5 145 3 9.959256
5 152 0 20.999764
5 152 3 9.830083
5 159 0 21.953715
5 159 3 9.698271
5 166 0 19.873181
5 166 3 10.053196
5 174 0 22.637125
5 174 3 9.907859
5 182 0 15.268271
5 182 3 9.130046
5 191 0 12.865306
5 191 3 8.244500
5 200 0 13.642551
5 200 3 8.902779
5 210 0 13.612495
5 210 3 8.768802
5 220 0 15.072977
5 220 3 9.359207
5 231 0 13.838209
5 231 3 9.192901
5 242 0 14.740700
5 242 3 10.379091
5 254 0 13.708957
5 254 3 9.505660
5 266 0 13.330031
5 266 3 8.889245
5 279 0 14.312981
5 279 3 10.389671
5 292 0 27.610297
5 292 3 14.355415
5 306 0 24.905239
5 306 3 13.412395
5 321 0 18.765557
5 321 3 11.719473
5 337 0 16.534625
5 337 3 10.854266
5 353 0 18.684831
5 353 3 11.471838
5 370 0 18.286105
5 370 3 14.661395
5 388 0 19.307247
5 388 3 18.657823
5 407 0 20.052771
5 407 3 18.251734
5 427 0 16.353774
5 427 3 12.280512
5 448 0 17.873156
5 448 3 13.475218
5 470 0 17.303343
5 470 3 13.210294
5 493 0 18.351698
5 493 3 13.096159
5 517 0 18.688942
5 517 3 13.720012
5 542 0 36.372373
5 542 3 13.888676
5 569 0 16.756685
5 569 3 13.355457
5 597 0 22.550110
5 597 3 20.941597
5 626 0 22.190130
5 626 3 22.888373
5 657 0 15.950544
5 657 3 18.171550
5 689 0 15.640977
5 689 3 11.969620
5 723 0 27.960261
5 723 3 13.072385
5 759 0 33.373634
5 759 3 16.605425
5 796 0 16.873106
5 796 3 19.465682
5 835 0 18.483868
5 835 3 26.389388
5 876 0 20.412762
5 876 3 16.973218
5 919 0 23.376274
5 919 3 84.662274
5 964 0 18.898457
5 964 3 21.054669
5 1012 0 20.986245
5 1012 3 26.747667
5 1062 0 17.421690
5 1062 3 12.142867
5 1115 0 26.366201
5 1115 3 17.800518
5 1170 0 36.419688
5 1170 3 19.088427
5 1228 0 18.607575
5 1228 3 14.238223
5 1289 0 22.216010
5 1289 3 17.052053
5 1353 0 27.128980
5 1353 3 18.012008
5 1420 0 43.675718
5 1420 3 13.072376
5 1491 0 23.611427
5 1491 3 23.656792
5 1565 0 19.406363
5 1565 3 13.537654
5 1643 0 24.789836
5 1643 3 18.707511
5 1725 0 29.512766
5 1725 3 19.668587
5 1811 0 21.627437
5 1811 3 17.084657
5 1901 0 27.321611
5 1901 3 19.567239
5 1996 0 15.715775
5 1996 3 13.635612
6 1 3 12.985080
6 2 3 10.666048
6 3 3 11.235255
6 4 3 10.564493
6 5 0 23.836683
6 5 3 10.549523
6 6 0 28.695391
6 6 3 12.442441
6 7 0 29.136610
6 7 3 11.647930
6 8 0 20.943342
6 8 3 9.889721
6 9 0 20.509441
6 9 3 9.672926
6 10 0 20.012027
6 10 3 9.510355
6 11 0 18.873132
6 11 3 9.365171
6 12 0 16.994635
6 12 3 8.952098
6 13 0 17.841806
6 13 3 9.211721
6 14 0 18.134828
6 14 3 9.554175
6 15 0 17.025143
6 15 3 8.890679
6 16 0 16.393099
6 16 3 9.309566
6 17 0 18.453857
6 17 3 9.282099
6 18 0 19.457272
6 18 3 9.356583
6 19 0 23.250359
6 19 3 10.673498
6 20 0 20.247211
6 20 3 9.450775
6 21 0 20.750335
6 21 3 9.999842
6 22 0 20.116371
6 22 3 9.051358
6 23 0 21.884479
6 23 3 10.340532
6 24 0 19.915863
6 24 3 9.119442
6 25 0 21.407825
6 25 3 10.019712
6 26 0 22.309973
6 26 3 12.399568
6 27 0 22.513162
6 27 3 10.336558
6 28 0 20.639375
6 28 3 9.658728
6 29 0 16.864175
6 29 3 9.216827
6 30 0 16.392169
6 30 3 8.838403
6 31 0 15.996018
6 31 3 8.590835
6 32 0 16.894827
6 32 3 9.570740
6 33 0 22.907263
6 33 3 12.169598
6 34 0 22.641405
6 34 3 11.685072
6 35 0 22.220531
6 35 3 9.793907
6 36 0 21.185983
6 36 3 9.390201
6 37 0 21.239820
6 37 3 10.787689
6 38 0 21.368888
6 38 3 9.741642
6 39 0 17.153469
6 39 3 9.745234
6 40 0 20.489380
6 40 3 10.746238
6 42 0 20.248424
6 42 3 9.762690
6 44 0 21.129160
6 44 3 9.462388
6 46 0 20.316856
6 46 3 9.620140
6 48 0 16.889012
6 48 3 10.573569
6 50 0 21.082470
6 50 3 12.494373
6 52 0 14.205444
6 52 3 8.292055
6 54 0 16.360759
6 54 3 9.402128
6 56 0 15.747491
6 56 3 8.518806
6 58 0 14.984930
6 58 3 8.593034
6 60 0 14.982965
6 60 3 8.681086
6 63 0 14.724024
6 63 3 8.723730
6 66 0 15.003866
6 66 3 8.644478
6 69 0 13.514757
6 69 3 8.231450
6 72 0 15.788390
6 72 3 8.937210
6 75 0 21.308907
6 75 3 10.554043
6 78 0 15.571929
6 78 3 10.649468
6 81 0 17.190039
6 81 3 9.941156
6 85 0 13.792073
6 85 3 8.639230
6 89 0 16.649743
6 89 3 8.998985
6 93 0 15.060017
6 93 3 9.850204
6 97 0 22.988760
6 97 3 10.307303
6 101 0 22.149816
6 101 3 10.512177
6 106 0 15.757500
6 106 3 11.033936
6 111 0 20.731437
6 111 3 10.648939
6 116 0 13.318317
6 116 3 8.830172
6 121 0 15.746188
6 121 3 9.390394
6 127 0 19.599682
6 127 3 10.898769
6 133 0 22.234708
6 133 3 11.214689
6 139 0 21.808446
6 139 3 10.806752
6 145 0 21.044999
6 145 3 11.543981
6 152 0 20.317796
6 152 3 10.951883
6 159 0 22.775920
6 159 3 11.191772
6 166 0 19.171194
6 166 3 11.511365
6 174 0 21.894754
6 174 3 10.522377
6 182 0 15.179854
6 182 3 9.894564
6 191 0 12.776725
6 191 3 9.144065
6 200 0 13.441952
6 200 3 9.575714
6 210 0 13.556890
6 210 3 9.514220
6 220 0 14.699295
6 220 3 10.050115
6 231 0 13.679643
6 231 3 9.832228
6 242 0 14.754922
6 242 3 10.323149
6 254 0 13.445143
6 254 3 10.130699
6 266 0 13.332540
6 266 3 9.429185
6 279 0 14.487416
6 279 3 10.826987
6 292 0 18.291569
6 292 3 26.464912
6 306 0 18.065337
6 306 3 12.295630
6 321 0 19.320175
6 321 3 11.185709
6 337 0 16.875033
6 337 3 11.581417
6 353 0 21.129040
6 353 3 13.123875
6 370 0 22.647326
6 370 3 14.061349
6 388 0 17.123273
6 388 3 19.672204
6 407 0 19.577500
6 407 3 28.355231
6 427 0 16.834045
6 427 3 13.487722
6 448 0 18.579816
6 448 3 13.502845
6 470 0 28.526471
6 470 3 13.388188
6 493 0 17.491845
6 493 3 42.373044
6 517 0 33.492133
6 517 3 31.392463
6 542 0 19.307494
6 542 3 21.325306
6 569 0 17.376333
6 569 3 12.418252
6 597 0 22.524023
6 597 3 29.729889
6 626 0 21.909263
6 626 3 32.794865
6 657 0 17.702150
6 657 3 12.739809
6 689 0 16.034700
6 689 3 12.685362
6 723 0 37.200501
6 723 3 19.879725
6 759 0 29.727530
6 759 3 21.643992
6 796 0 17.670043
6 796 3 28.926755
6 835 0 20.587945
6 835 3 27.619370
6 876 0 18.575440
6 876 3 108.803273
6 919 0 20.118997
6 919 3 17.299339
6 964 0 17.147483
6 964 3 28.425010
6 1012 0 19.596541
6 1012 3 28.583679
6 1062 0 16.255429
6 1062 3 13.447065
6 1115 0 30.629419
6 1115 3 20.705503
6 1170 0 21.328629
6 1170 3 18.468369
6 1228 0 18.274479
6 1228 3 14.237829
6 1289 0 21.621510
6 1289 3 16.540441
6 1353 0 27.593026
6 1353 3 25.243077
6 1420 0 19.170516
6 1420 3 14.577965
6 1491 0 28.952946
6 1491 3 29.934126
6 1565 0 24.237235
6 1565 3 32.141776
6 1643 0 25.524017
6 1643 3 86.553292
6 1725 0 53.570481
6 1725 3 21.457221
6 1811 0 24.106499
6 1811 3 39.619568
6 1901 0 23.660960
6 1901 3 17.832753
6 1996 0 25.736948
6 1996 3 72.671375
7 1 3 11.264617
7 2 3 10.292521
7 3 3 10.028733
7 4 3 9.753621
7 5 0 22.657618
7 5 3 9.463105
7 6 0 25.795670
7 6 3 9.873835
7 7 0 25.414085
7 7 3 10.202469
7 8 0 20.194100
7 8 3 9.314379
7 9 0 20.776066
7 9 3 8.939963
7 10 0 19.855283
7 10 3 8.830373
7 11 0 18.896656
7 11 3 8.796210
7 12 0 16.999317
7 12 3 8.331739
7 13 0 19.895009
7 13 3 8.281219
7 14 0 17.682908
7 14 3 9.226400
7 15 0 16.983554
7 15 3 8.523775
7 16 0 16.277469
7 16 3 9.069436
7 17 0 18.580131
7 17 3 8.651934
7 18 0 19.475605
7 18 3 8.977511
7 19 0 21.943551
7 19 3 10.311480
7 20 0 19.951079
7 20 3 9.473735
7 21 0 20.325083
7 21 3 9.848721
7 22 0 20.274901
7 22 3 9.167075
7 23 0 20.819907
7 23 3 10.457697
7 24 0 18.908248
7 24 3 9.636620
7 25 0 21.198640
7 25 3 10.235281
7 26 0 23.535680
7 26 3 11.428671
7 27 0 22.102779
7 27 3 10.778022
7 28 0 21.140045
7 28 3 10.366451
7 29 0 16.716483
7 29 3 9.504488
7 30 0 16.492961
7 30 3 8.925175
7 31 0 15.635519
7 31 3 8.576848
7 32 0 17.189782
7 32 3 10.645754
7 33 0 23.255535
7 33 3 11.729605
7 34 0 22.006287
7 34 3 11.129213
7 35 0 21.675826
7 35 3 9.811477
7 36 0 20.459634
7 36 3 9.816016
7 37 0 20.705604
7 37 3 10.974464
7 38 0 20.298211
7 38 3 10.301918
7 39 0 16.782080
7 39 3 10.440411
7 40 0 20.197786
7 40 3 10.862254
7 42 0 20.293183
7 42 3 10.859421
7 44 0 20.445069
7 44 3 9.687572
7 46 0 19.759904
7 46 3 10.273199
7 48 0 16.157424
7 48 3 11.617043
7 50 0 20.761447
7 50 3 13.592917
7 52 0 14.635327
7 52 3 8.905062
7 54 0 16.417298
7 54 3 10.735303
7 56 0 16.101025
7 56 3 9.404273
7 58 0 15.000091
7 58 3 9.306120
7 60 0 15.183919
7 60 3 9.542200
7 63 0 14.600180
7 63 3 9.202459
7 66 0 15.038265
7 66 3 9.379667
7 69 0 14.082774
7 69 3 8.704200
7 72 0 15.962746
7 72 3 10.177308
7 75 0 22.080658
7 75 3 11.607089
7 78 0 16.274494
7 78 3 10.906514
7 81 0 16.082940
7 81 3 10.698511
7 85 0 14.006164
7 85 3 9.458504
7 89 0 16.865565
7 89 3 10.141642
7 93 0 15.337298
7 93 3 11.030868
7 97 0 19.509189
7 97 3 11.354076
7 101 0 18.309029
7 101 3 11.401423
7 106 0 15.826072
7 106 3 11.685006
7 111 0 20.866536
7 111 3 11.963558
7 116 0 13.647150
7 116 3 9.514042
7 121 0 16.107101
7 121 3 10.243992
7 127 0 19.615578
7 127 3 12.024490
7 133 0 17.598762
7 133 3 12.479357
7 139 0 16.468788
7 139 3 12.119039
7 145 0 18.327714
7 145 3 12.745651
7 152 0 17.173238
7 152 3 11.906425
7 159 0 22.870659
7 159 3 12.406158
7 166 0 19.200289
7 166 3 12.376211
7 174 0 21.457587
7 174 3 10.895774
7 182 0 15.364792
7 182 3 10.069787
7 191 0 13.263631
7 191 3 9.809178
7 200 0 13.538662
7 200 3 9.791237
7 210 0 13.615670
7 210 3 9.903599
7 220 0 14.981762
7 220 3 10.486564
7 231 0 13.829577
7 231 3 10.137643
7 242 0 15.457546
7 242 3 10.960812
7 254 0 13.643519
7 254 3 11.580427
7 266 0 13.998502
7 266 3 10.162139
7 279 0 15.199104
7 279 3 12.241294
7 292 0 18.221740
7 292 3 12.855920
7 306 0 16.939312
7 306 3 12.748203
7 321 0 22.484032
7 321 3 15.287603
7 337 0 17.136939
7 337 3 13.157503
7 353 0 21.642649
7 353 3 15.930694
7 370 0 18.547422
7 370 3 13.637286
7 388 0 47.065535
7 388 3 27.042444
7 407 0 18.649651
7 407 3 63.844446
7 427 0 17.227278
7 427 3 12.960519
7 448 0 16.287793
7 448 3 14.014208
7 470 0 17.036747
7 470 3 21.464870
7 493 0 19.413788
7 493 3 15.127218
7 517 0 19.673872
7 517 3 14.579126
7 542 0 15.847741
7 542 3 13.965043
7 569 0 19.414288
7 569 3 15.437778
7 597 0 22.537171
7 597 3 27.370579
7 626 0 25.176154
7 626 3 26.051310
7 657 0 18.099861
7 657 3 13.446431
7 689 0 17.991765
7 689 3 17.828454
7 723 0 29.047948
7 723 3 18.979104
7 759 0 37.058220
7 759 3 19.054041
7 796 0 21.774451
7 796 3 31.867619
7 835 0 29.112912
7 835 3 39.834044
7 876 0 20.205444
7 876 3 20.002963
7 919 0 21.118358
7 919 3 17.146979
7 964 0 21.406645
7 964 3 28.317351
7 1012 0 31.433706
7 1012 3 32.444384
7 1062 0 18.578440
7 1062 3 14.904581
7 1115 0 31.426542
7 1115 3 21.227211
7 1170 0 28.906910
7 1170 3 19.258074
7 1228 0 18.842912
7 1228 3 33.797998
7 1289 0 27.043474
7 1289 3 20.407196
7 1353 0 26.987621
7 1353 3 24.883400
7 1420 0 20.309260
7 1420 3 18.563108
7 1491 0 43.184271
7 1491 3 50.331063
7 1565 0 46.485506
7 1565 3 44.471184
7 1643 0 24.627234
7 1643 3 23.898697
7 1725 0 34.759500
7 1725 3 109.982261
7 1811 0 40.812071
7 1811 3 90.154911
7 1901 0 28.339206
7 1901 3 22.289981
7 1996 0 24.382807
7 1996 3 24.224478
8 1 3 11.336561
8 2 3 9.864697
8 3 3 9.228997
8 4 3 8.832747
8 5 0 22.326071
8 5 3 8.967786
8 6 0 25.786099
8 6 3 9.450423
8 7 0 23.453638
8 7 3 9.421512
8 8 0 19.089198
8 8 3 8.885101
8 9 0 20.309887
8 9 3 8.922315
8 10 0 19.217318
8 10 3 8.647862
8 11 0 18.535469
8 11 3 8.925800
8 12 0 17.280470
8 12 3 8.474399
8 13 0 18.906507
8 13 3 9.422420
8 14 0 17.415596
8 14 3 9.225755
8 15 0 19.496155
8 15 3 8.494320
8 16 0 16.656845
8 16 3 9.248342
8 17 0 18.744850
8 17 3 8.741045
8 18 0 20.901806
8 18 3 9.998641
8 19 0 20.426715
8 19 3 10.139959
8 20 0 19.274799
8 20 3 9.416333
8 21 0 20.196432
8 21 3 9.866452
8 22 0 20.075183
8 22 3 9.559125
8 23 0 19.976845
8 23 3 10.302999
8 24 0 18.194650
8 24 3 9.934278
8 25 0 20.814970
8 25 3 10.465172
8 26 0 23.901329
8 26 3 9.979995
8 27 0 21.607199
8 27 3 10.801858
8 28 0 21.026179
8 28 3 10.777995
8 29 0 18.433209
8 29 3 10.292253
8 30 0 16.874368
8 30 3 9.675137
8 31 0 16.307245
8 31 3 9.216402
8 32 0 17.243418
8 32 3 11.140710
8 33 0 23.011995
8 33 3 12.119891
8 34 0 22.867102
8 34 3 13.474657
8 35 0 20.586109
8 35 3 10.390842
8 36 0 19.879201
8 36 3 10.267910
8 37 0 19.875902
8 37 3 11.047778
8 38 0 19.977740
8 38 3 10.896070
8 39 0 17.684121
8 39 3 12.055393
8 40 0 19.259023
8 40 3 11.640205
8 42 0 18.695340
8 42 3 11.544075
8 44 0 21.022257
8 44 3 10.970214
8 46 0 19.860502
8 46 3 10.711868
8 48 0 16.883004
8 48 3 12.399011
8 50 0 22.907911
8 50 3 12.670180
8 52 0 15.217207
8 52 3 9.415894
8 54 0 17.094881
8 54 3 11.511610
8 56 0 16.997587
8 56 3 10.385775
8 58 0 15.442451
8 58 3 9.921618
8 60 0 16.114857
8 60 3 10.005238
8 63 0 14.942098
8 63 3 9.558285
8 66 0 15.656273
8 66 3 9.793795
8 69 0 14.525177
8 69 3 9.414821
8 72 0 17.225278
8 72 3 11.099946
8 75 0 23.485728
8 75 3 12.643333
8 78 0 16.326181
8 78 3 11.174245
8 81 0 16.572864
8 81 3 10.844440
8 85 0 14.558345
8 85 3 9.773329
8 89 0 18.726238
8 89 3 11.072552
8 93 0 16.455278
8 93 3 11.228893
8 97 0 21.557894
8 97 3 12.428802
8 101 0 20.061945
8 101 3 12.119673
8 106 0 16.882734
8 106 3 11.621786
8 111 0 23.030744
8 111 3 14.110389
8 116 0 14.415764
8 116 3 9.849529
8 121 0 17.305699
8 121 3 10.262812
8 127 0 21.690263
8 127 3 12.603215
8 133 0 20.525081
8 133 3 13.967780
8 139 0 19.173620
8 139 3 14.276727
8 145 0 21.131134
8 145 3 15.457104
8 152 0 19.948480
8 152 3 15.176768
8 159 0 24.984467
8 159 3 14.663244
8 166 0 22.131234
8 166 3 16.293671
8 174 0 23.637282
8 174 3 15.441096
8 182 0 17.377712
8 182 3 12.115715
8 191 0 14.416430
8 191 3 11.839275
8 200 0 14.589792
8 200 3 11.912197
8 210 0 14.735823
8 210 3 12.131136
8 220 0 16.396980
8 220 3 12.443048
8 231 0 15.275796
8 231 3 12.306322
8 242 0 17.406996
8 242 3 14.139392
8 254 0 16.256198
8 254 3 13.953352
8 266 0 15.562856
8 266 3 12.925547
8 279 0 17.593398
8 279 3 14.197858
8 292 0 17.910920
8 292 3 14.585964
8 306 0 18.898694
8 306 3 21.206410
8 321 0 22.598161
8 321 3 16.891856
8 337 0 22.226258
8 337 3 13.427698
8 353 0 19.468122
8 353 3 17.041990
8 370 0 27.964384
8 370 3 19.883640
8 388 0 22.585175
8 388 3 21.295312
8 407 0 24.860180
8 407 3 20.554661
8 427 0 17.893900
8 427 3 40.084311
8 448 0 17.719680
8 448 3 22.550000
8 470 0 19.304844
8 470 3 19.133580
8 493 0 18.363678
8 493 3 48.883722
8 517 0 20.669548
8 517 3 16.934989
8 542 0 19.922371
8 542 3 16.306752
8 569 0 18.004628
8 569 3 16.012782
8 597 0 30.369637
8 597 3 35.727638
8 626 0 36.646197
8 626 3 30.937390
8 657 0 21.316173
8 657 3 16.063607
8 689 0 18.833395
8 689 3 38.285106
8 723 0 32.780021
8 723 3 21.896712
8 759 0 32.071415
8 759 3 26.866073
8 796 0 26.489957
8 796 3 40.664919
8 835 0 32.615977
8 835 3 40.808489
8 876 0 37.206034
8 876 3 23.862998
8 919 0 27.894010
8 919 3 21.593546
8 964 0 33.900745
8 964 3 44.884660
8 1012 0 32.385635
8 1012 3 32.951854
8 1062 0 20.165806
8 1062 3 21.749288
8 1115 0 73.386904
8 1115 3 29.731927
8 1170 0 28.194663
8 1170 3 46.160280
8 1228 0 19.215487
8 1228 3 48.257529
8 1289 0 27.930495
8 1289 3 29.387267
8 1353 0 36.363379
8 1353 3 43.988579
8 1420 0 22.186360
8 1420 3 18.156840
8 1491 0 33.221127
8 1491 3 41.803811
8 1565 0 25.398516
8 1565 3 89.616131
8 1643 0 28.691088
8 1643 3 29.699308
8 1725 0 37.504205
8 1725 3 28.000130
8 1811 0 26.328877
8 1811 3 55.098912
8 1901 0 35.694062
8 1901 3 38.370917
8 1996 0 22.074220
8 1996 3 25.094946
9 1 3 10.083357
9 2 3 8.775256
9 3 3 8.658458
9 4 3 8.477347
9 5 0 24.204339
9 5 3 8.754532
9 6 0 28.854971
9 6 3 9.909986
9 7 0 25.988212
9 7 3 9.367770
9 8 0 21.408237
9 8 3 8.870100
9 9 0 20.804291
9 9 3 8.952125
9 10 0 19.883554
9 10 3 8.607272
9 11 0 18.875001
9 11 3 9.293627
9 12 0 17.901043
9 12 3 8.672649
9 13 0 20.277006
9 13 3 10.839175
9 14 0 18.847673
9 14 3 9.406430
9 15 0 21.143826
9 15 3 9.709459
9 16 0 19.085337
9 16 3 9.383023
9 17 0 21.593902
9 17 3 9.573343
9 18 0 21.931348
9 18 3 13.191864
9 19 0 19.590540
9 19 3 10.547971
9 20 0 18.922016
9 20 3 9.781953
9 21 0 20.922914
9 21 3 10.286637
9 22 0 19.455233
9 22 3 10.145348
9 23 0 20.928481
9 23 3 10.592425
9 24 0 18.136797
9 24 3 10.595699
9 25 0 23.232599
9 25 3 10.962807
9 26 0 27.421454
9 26 3 11.628259
9 27 0 21.423093
9 27 3 11.191910
9 28 0 20.391645
9 28 3 11.522407
9 29 0 20.385241
9 29 3 11.435591
9 30 0 18.265051
9 30 3 10.535748
9 31 0 17.237549
9 31 3 9.476339
9 32 0 17.562856
9 32 3 11.397761
9 33 0 26.332570
9 33 3 15.234325
9 34 0 26.595613
9 34 3 14.945062
9 35 0 20.927980
9 35 3 10.872883
9 36 0 19.970146
9 36 3 10.611598
9 37 0 20.288126
9 37 3 11.126481
9 38 0 20.101156
9 38 3 10.914483
9 39 0 19.718887
9 39 3 13.115498
9 40 0 20.673220
9 40 3 12.302447
9 42 0 19.938528
9 42 3 12.305808
9 44 0 24.025261
9 44 3 11.285896
9 46 0 21.667908
9 46 3 10.746625
9 48 0 18.893980
9 48 3 12.296897
9 50 0 26.773432
9 50 3 13.260368
9 52 0 16.038050
9 52 3 9.814538
9 54 0 18.869786
9 54 3 12.376787
9 56 0 17.983249
9 56 3 11.406358
9 58 0 16.660722
9 58 3 11.543105
9 60 0 17.733297
9 60 3 10.466806
9 63 0 16.206060
9 63 3 10.026778
9 66 0 17.701584
9 66 3 9.935670
9 69 0 15.635846
9 69 3 10.244949
9 72 0 19.396100
9 72 3 12.701801
9 75 0 27.885557
9 75 3 13.269584
9 78 0 18.386269
9 78 3 13.331023
9 81 0 18.909320
9 81 3 13.745130
9 85 0 15.688962
9 85 3 11.701308
9 89 0 19.494320
9 89 3 13.507025
9 93 0 19.606252
9 93 3 13.231269
9 97 0 24.246613
9 97 3 15.910235
9 101 0 23.806831
9 101 3 16.822920
9 106 0 19.423173
9 106 3 14.915938
9 111 0 25.309489
9 111 3 17.239287
9 116 0 15.737167
9 116 3 12.259135
9 121 0 19.833083
9 121 3 14.915025
9 127 0 24.002400
9 127 3 18.371412
9 133 0 24.892843
9 133 3 17.264824
9 139 0 23.931603
9 139 3 18.215948
9 145 0 25.941879
9 145 3 16.286010
9 152 0 23.683600
9 152 3 16.881762
9 159 0 27.291579
9 159 3 16.593937
9 166 0 24.433669
9 166 3 15.799034
9 174 0 25.022774
9 174 3 15.260939
9 182 0 18.333291
9 182 3 14.317092
9 191 0 15.475242
9 191 3 12.901794
9 200 0 15.740707
9 200 3 12.718261
9 210 0 15.768698
9 210 3 13.807253
9 220 0 16.896977
9 220 3 14.463791
9 231 0 16.088335
9 231 3 13.369348
9 242 0 21.350722
9 242 3 15.586547
9 254 0 18.554710
9 254 3 14.549047
9 266 0 17.250287
9 266 3 15.868220
9 279 0 22.798685
9 279 3 19.573107
9 292 0 20.028429
9 292 3 15.035580
9 306 0 23.042906
9 306 3 27.252471
9 321 0 25.600673
9 321 3 37.493343
9 337 0 19.607525
9 337 3 29.826443
9 353 0 23.327072
9 353 3 30.938682
9 370 0 19.894850
9 370 3 28.243039
9 388 0 31.721355
9 388 3 30.204310
9 407 0 27.377949
9 407 3 75.353088
9 427 0 21.482146
9 427 3 18.530070
9 448 0 20.437574
9 448 3 54.194188
9 470 0 20.208179
9 470 3 21.290966
9 493 0 20.133273
9 493 3 20.841008
9 517 0 19.621415
9 517 3 53.770475
9 542 0 19.843848
9 542 3 26.284098
9 569 0 20.086533
9 569 3 19.177688
9 597 0 49.849665
9 597 3 38.279406
9 626 0 39.789408
9 626 3 47.338222
9 657 0 20.923647
9 657 3 23.219569
9 689 0 19.981203
9 689 3 41.352080
9 723 0 38.087967
9 723 3 39.539510
9 759 0 32.290111
9 759 3 62.665811
9 796 0 36.239121
9 796 3 48.690909
9 835 0 33.435825
9 835 3 56.586660
9 876 0 59.575740
9 876 3 27.867873
9 919 0 33.239759
9 919 3 32.716624
9 964 0 53.313140
9 964 3 52.935552
9 1012 0 49.282525
9 1012 3 53.484201
9 1062 0 22.576540
9 1062 3 26.343624
9 1115 0 38.955925
9 1115 3 42.160935
9 1170 0 33.969793
9 1170 3 44.260468
9 1228 0 21.371606
9 1228 3 65.858427
9 1289 0 31.783648
9 1289 3 89.595352
9 1353 0 37.874456
9 1353 3 86.940929
9 1420 0 33.620504
9 1420 3 27.315257
9 1491 0 37.460034
9 1491 3 116.145681
9 1565 0 27.937531
9 1565 3 71.761179
9 1643 0 24.970584
9 1643 3 103.170576
9 1725 0 38.684001
9 1725 3 127.754117
9 1811 0 27.882591
9 1811 3 69.901283
9 1901 0 34.422128
9 1901 3 107.816054
9 1996 0 35.531679
9 1996 3 65.906071
10 1 3 9.273402
10 2 3 8.258987
10 3 3 8.536647
10 4 3 8.455519
10 5 0 33.450318
10 5 3 8.858915
10 6 0 33.174121
10 6 3 10.343329
10 7 0 29.542344
10 7 3 10.264033
10 8 0 30.205741
10 8 3 10.952430
10 9 0 22.669407
10 9 3 9.710438
10 10 0 24.858788
10 10 3 9.406404
10 11 0 19.883527
10 11 3 9.816436
10 12 0 18.566728
10 12 3 9.598619
10 13 0 23.736025
10 13 3 12.004204
10 14 0 23.270956
10 14 3 10.567419
10 15 0 21.918130
10 15 3 11.705365
10 16 0 22.083171
10 16 3 10.041992
10 17 0 27.196535
10 17 3 11.908401
10 18 0 34.680899
10 18 3 13.096336
10 19 0 27.255660
10 19 3 11.640865
10 20 0 20.198550
10 20 3 10.130079
10 21 0 23.574567
10 21 3 10.681311
10 22 0 20.935109
10 22 3 10.708517
10 23 0 25.704314
10 23 3 11.681563
10 24 0 20.533247
10 24 3 11.002029
10 25 0 26.302788
10 25 3 13.878266
10 26 0 32.037078
10 26 3 13.095433
10 27 0 24.667250
10 27 3 12.460690
10 28 0 22.901884
10 28 3 12.790439
10 29 0 21.763624
10 29 3 12.384023
10 30 0 21.580483
10 30 3 11.608428
10 31 0 18.908003
10 31 3 10.862322
10 32 0 21.311618
10 32 3 12.288574
10 33 0 34.190143
10 33 3 19.234763
10 34 0 32.456419
10 34 3 16.293838
10 35 0 22.189208
10 35 3 11.733679
10 36 0 23.243671
10 36 3 12.827527
10 37 0 22.834260
10 37 3 12.930460
10 38 0 23.958515
10 38 3 13.999040
10 39 0 18.526513
10 39 3 14.676902
10 40 0 23.800164
10 40 3 15.738286
10 42 0 22.299828
10 42 3 15.273123
10 44 0 27.812123
10 44 3 13.057123
10 46 0 26.698788
10 46 3 14.249185
10 48 0 23.430853
10 48 3 14.399974
10 50 0 29.903927
10 50 3 16.413441
10 52 0 18.776594
10 52 3 11.959397
10 54 0 22.753749
10 54 3 14.062750
10 56 0 20.019031
10 56 3 13.756633
10 58 0 18.681456
10 58 3 12.696172
10 60 0 20.418085
10 60 3 12.682165
10 63 0 18.407076
10 63 3 12.349446
10 66 0 19.195880
10 66 3 12.063500
10 69 0 18.060508
10 69 3 12.415887
10 72 0 21.683393
10 72 3 13.508501
10 75 0 29.192237
10 75 3 14.624419
10 78 0 20.404659
10 78 3 13.786686
10 81 0 21.345392
10 81 3 14.625668
10 85 0 18.249401
10 85 3 12.602754
10 89 0 22.165525
10 89 3 12.681086
10 93 0 22.335495
10 93 3 13.679144
10 97 0 27.080959
10 97 3 15.665349
10 101 0 23.426325
10 101 3 16.021705
10 106 0 21.780402
10 106 3 14.541504
10 111 0 29.017559
10 111 3 15.865453
10 116 0 17.713548
10 116 3 13.355283
10 121 0 21.602305
10 121 3 15.384441
10 127 0 26.216433
10 127 3 18.100466
10 133 0 23.784458
10 133 3 16.963489
10 139 0 21.347055
10 139 3 18.234188
10 145 0 25.120082
10 145 3 18.197557
10 152 0 21.746278
10 152 3 18.193066
10 159 0 30.261523
10 159 3 16.542634
10 166 0 25.312912
10 166 3 17.240698
10 174 0 25.918926
10 174 3 17.677263
10 182 0 19.965042
10 182 3 16.902217
10 191 0 17.431732
10 191 3 16.114776
10 200 0 17.234966
10 200 3 16.257101
10 210 0 16.839783
10 210 3 15.726371
10 220 0 17.378350
10 220 3 18.400266
10 231 0 16.955265
10 231 3 15.477643
10 242 0 21.750458
10 242 3 21.212745
10 254 0 23.252989
10 254 3 19.582995
10 266 0 21.369219
10 266 3 20.020702
10 279 0 24.876003
10 279 3 31.998529
10 292 0 36.761792
10 292 3 20.150180
10 306 0 27.583580
10 306 3 45.533277
10 321 0 31.061940
10 321 3 39.680399
10 337 0 22.796728
10 337 3 24.713855
10 353 0 30.570545
10 353 3 27.741916
10 370 0 23.799106
10 370 3 27.767014
10 388 0 39.066776
10 388 3 56.244642
10 407 0 53.460734
10 407 3 55.506778
10 427 0 33.193158
10 427 3 27.220136
10 448 0 22.449597
10 448 3 32.521971
10 470 0 21.146374
10 470 3 54.149318
10 493 0 22.924970
10 493 3 51.008214
10 517 0 22.660348
10 517 3 27.647437
10 542 0 22.544325
10 542 3 64.761748
10 569 0 19.048188
10 569 3 58.896116
10 597 0 44.424883
10 597 3 45.851862
10 626 0 40.017558
10 626 3 75.652108
10 657 0 23.139967
10 657 3 72.083251
10 689 0 21.529105
10 689 3 75.804260
10 723 0 38.682762
10 723 3 73.086213
10 759 0 31.049122
10 759 3 111.620843
10 796 0 44.741347
10 796 3 87.335851
10 835 0 42.014533
10 835 3 96.935055
10 876 0 51.525061
10 876 3 138.443918
10 919 0 33.691189
10 919 3 102.886625
10 964 0 52.415518
10 964 3 116.860612
10 1012 0 55.284942
10 1012 3 120.714381
10 1062 0 22.750438
10 1062 3 77.398433
10 1115 0 36.176665
10 1115 3 154.068111
10 1170 0 32.785559
10 1170 3 145.588583
10 1228 0 34.128024
10 1228 3 90.717845
10 1289 0 33.203842
10 1289 3 123.588397
10 1353 0 37.296978
10 1353 3 136.866357
10 1420 0 24.300214
10 1420 3 103.072390
10 1491 0 38.206972
10 1491 3 155.076864
10 1565 0 28.367883
10 1565 3 88.197607
10 1643 0 34.934021
10 1643 3 176.067004
10 1725 0 44.723028
10 1725 3 129.685860
10 1811 0 28.749839
10 1811 3 89.422133
10 1901 0 30.582037
10 1901 3 143.622686
10 1996 0 30.238768
10 1996 3 92.689771
11 1 3 8.839711
11 2 3 8.551669
11 3 3 8.887359
11 4 3 8.789916
11 5 0 43.291922
11 5 3 12.816817
11 6 0 41.993342
11 6 3 12.177582
11 7 0 36.922007
11 7 3 11.276197
11 8 0 34.738572
11 8 3 16.673452
11 9 0 29.688610
11 9 3 10.244037
11 10 0 32.616517
11 10 3 11.559771
11 11 0 25.625622
11 11 3 10.595616
11 12 0 23.426998
11 12 3 10.169696
11 13 0 32.330097
11 13 3 10.741570
11 14 0 29.293758
11 14 3 12.756326
11 15 0 31.252553
11 15 3 15.003435
11 16 0 27.479775
11 16 3 11.422738
11 17 0 39.283199
11 17 3 11.975525
11 18 0 30.998533
11 18 3 12.745656
11 19 0 40.763832
11 19 3 15.255143
11 20 0 28.319061
11 20 3 12.569526
11 21 0 31.826063
11 21 3 13.765208
11 22 0 28.882779
11 22 3 12.717296
11 23 0 33.227111
11 23 3 15.514001
11 24 0 25.186244
11 24 3 13.099019
11 25 0 33.081301
11 25 3 16.760107
11 26 0 37.317849
11 26 3 16.116548
11 27 0 34.595253
11 27 3 15.064088
11 28 0 30.434433
11 28 3 15.408052
11 29 0 28.607515
11 29 3 11.717963
11 30 0 24.921172
11 30 3 13.166697
11 31 0 22.205695
11 31 3 11.942117
11 32 0 24.068640
11 32 3 14.318667
11 33 0 45.151632
11 33 3 17.205327
11 34 0 40.264030
11 34 3 21.195137
11 35 0 31.228328
11 35 3 13.825428
11 36 0 30.164477
11 36 3 13.884297
11 37 0 32.422338
11 37 3 15.278101
11 38 0 31.095209
11 38 3 14.966025
11 39 0 34.823331
11 39 3 16.426167
11 40 0 31.147160
11 40 3 16.423254
11 42 0 28.045207
11 42 3 15.437221
11 44 0 33.214798
11 44 3 14.849597
11 46 0 30.440484
11 46 3 14.089240
11 48 0 23.026791
11 48 3 14.824586
11 50 0 38.096737
11 50 3 22.628849
11 52 0 20.791876
11 52 3 12.881676
11 54 0 27.932802
11 54 3 16.328186
11 56 0 21.933437
11 56 3 14.721736
11 58 0 20.789113
11 58 3 13.826277
11 60 0 22.546288
11 60 3 13.483806
11 63 0 21.274257
11 63 3 12.973888
11 66 0 21.459286
11 66 3 14.727693
11 69 0 20.705155
11 69 3 13.226713
11 72 0 22.709968
11 72 3 13.359957
11 75 0 31.524517
11 75 3 16.603428
11 78 0 22.127834
11 78 3 14.472153
11 81 0 23.176945
11 81 3 14.441380
11 85 0 20.098495
11 85 3 12.963665
11 89 0 24.763466
11 89 3 15.103877
11 93 0 25.284033
11 93 3 17.065335
11 97 0 34.492895
11 97 3 19.909543
11 101 0 28.728655
11 101 3 18.780063
11 106 0 22.736388
11 106 3 15.266697
11 111 0 44.206235
11 111 3 17.287807
11 116 0 20.152112
11 116 3 15.393715
11 121 0 27.299723
11 121 3 16.577218
11 127 0 33.293155
11 127 3 19.887707
11 133 0 37.539257
11 133 3 18.310962
11 139 0 30.355717
11 139 3 20.502615
11 145 0 41.633697
11 145 3 23.221848
11 152 0 28.083430
11 152 3 21.850716
11 159 0 47.694230
11 159 3 23.817747
11 166 0 33.608039
11 166 3 19.986750
11 174 0 39.415136
11 174 3 20.661580
11 182 0 25.473091
11 182 3 19.201971
11 191 0 19.836904
11 191 3 17.645320
11 200 0 21.001077
11 200 3 18.567996
11 210 0 20.892940
11 210 3 17.726655
11 220 0 25.364706
11 220 3 21.207196
11 231 0 21.012696
11 231 3 19.127687
11 242 0 27.156105
11 242 3 35.463482
11 254 0 27.628203
11 254 3 38.711714
11 266 0 28.613806
11 266 3 60.065871
11 279 0 27.761009
11 279 3 66.564752
11 292 0 24.717187
11 292 3 31.944232
11 306 0 26.812334
11 306 3 81.513207
11 321 0 37.503373
11 321 3 72.329589
11 337 0 34.849740
11 337 3 81.575117
11 353 0 36.638430
11 353 3 69.501051
11 370 0 27.253630
11 370 3 83.588364
11 388 0 34.488099
11 388 3 132.313176
11 407 0 41.927769
11 407 3 99.459059
11 427 0 44.918454
11 427 3 79.681792
11 448 0 32.077950
11 448 3 67.281014
11 470 0 23.556283
11 470 3 111.284796
11 493 0 23.639254
11 493 3 89.787070
11 517 0 24.481243
11 517 3 70.611233
11 542 0 35.289569
11 542 3 85.769430
11 569 0 40.713092
11 569 3 98.755713
11 597 0 42.976905
11 597 3 126.167926
11 626 0 49.427428
11 626 3 128.846040
11 657 0 36.468306
11 657 3 85.356122
11 689 0 30.197860
11 689 3 87.075071
11 723 0 43.749899
11 723 3 134.543912
11 759 0 36.640801
11 759 3 147.667001
11 796 0 42.734080
11 796 3 139.664325
11 835 0 44.686491
11 835 3 141.410486
11 876 0 34.449234
11 876 3 132.812620
11 919 0 50.337037
11 919 3 173.665154
11 964 0 51.834879
11 964 3 139.628612
11 1012 0 57.823117
11 1012 3 138.971570
11 1062 0 28.038817
11 1062 3 90.497890
11 1115 0 40.683896
11 1115 3 157.371159
11 1170 0 36.388813
11 1170 3 169.895930
11 1228 0 44.160808
11 1228 3 111.335091
11 1289 0 56.852589
11 1289 3 150.868365
11 1353 0 48.102143
11 1353 3 162.014797
11 1420 0 29.548772
11 1420 3 96.288648
11 1491 0 43.114647
11 1491 3 169.208800
11 1565 0 30.359688
11 1565 3 95.575643
11 1643 0 45.080656
11 1643 3 150.395810
11 1725 0 46.587762
11 1725 3 142.349852
11 1811 0 30.240213
11 1811 3 95.412435
11 1901 0 53.488725
11 1901 3 179.947301
11 1996 0 26.322298
11 1996 3 122.314797
12 1 3 8.264629
12 2 3 9.993402
12 3 3 10.422028
12 4 3 9.583124
12 5 0 47.085484
12 5 3 12.501095
12 6 0 54.204635
12 6 3 14.497581
12 7 0 50.404025
12 7 3 13.901512
12 8 0 41.788854
12 8 3 13.572947
12 9 0 35.970173
12 9 3 12.478166
12 10 0 34.977632
12 10 3 12.519852
12 11 0 32.625444
12 11 3 13.043342
12 12 0 31.737770
12 12 3 12.750377
12 13 0 34.898187
12 13 3 17.388208
12 14 0 39.273852
12 14 3 15.275076
12 15 0 36.260866
12 15 3 14.420726
12 16 0 26.707068
12 16 3 13.348684
12 17 0 38.829568
12 17 3 19.229633
12 18 0 34.737364
12 18 3 12.620651
12 19 0 51.176571
12 19 3 18.789754
12 20 0 37.544342
12 20 3 15.038204
12 21 0 45.368736
12 21 3 15.492972
12 22 0 38.690009
12 22 3 15.625166
12 23 0 44.619522
12 23 3 19.440140
12 24 0 31.927780
12 24 3 15.261120
12 25 0 52.831358
12 25 3 19.718279
12 26 0 62.629204
12 26 3 27.471290
12 27 0 43.630573
12 27 3 18.289463
12 28 0 36.785367
12 28 3 16.812948
12 29 0 28.189958
12 29 3 16.129019
12 30 0 30.872096
12 30 3 15.364461
12 31 0 25.270881
12 31 3 17.017522
12 32 0 29.128561
12 32 3 15.465796
12 33 0 39.476305
12 33 3 29.604428
12 34 0 37.695520
12 34 3 20.044421
12 35 0 42.540226
12 35 3 17.210720
12 36 0 38.033557
12 36 3 18.741847
12 37 0 48.491122
12 37 3 17.612633
12 38 0 41.970732
12 38 3 19.872195
12 39 0 30.853338
12 39 3 14.207722
12 40 0 44.051685
12 40 3 20.308871
12 42 0 36.562396
12 42 3 19.743690
12 44 0 44.047612
12 44 3 19.117755
12 46 0 37.908920
12 46 3 18.431856
12 48 0 29.886672
12 48 3 21.428738
12 50 0 55.540104
12 50 3 30.791941
12 52 0 23.498053
12 52 3 17.824882
12 54 0 26.363447
12 54 3 20.685374
12 56 0 28.076791
12 56 3 17.890754
12 58 0 26.507913
12 58 3 17.650657
12 60 0 29.973801
12 60 3 18.622180
12 63 0 26.342863
12 63 3 15.669578
12 66 0 30.481163
12 66 3 17.639477
12 69 0 24.315061
12 69 3 17.333852
12 72 0 29.944595
12 72 3 27.106140
12 75 0 36.347370
12 75 3 28.238415
12 78 0 28.645107
12 78 3 17.293442
12 81 0 34.377478
12 81 3 20.094863
12 85 0 24.699323
12 85 3 16.956575
12 89 0 31.511777
12 89 3 23.055158
12 93 0 31.779261
12 93 3 24.851735
12 97 0 60.582958
12 97 3 26.758600
12 101 0 55.142359
12 101 3 28.469702
12 106 0 36.969998
12 106 3 21.092907
12 111 0 51.803762
12 111 3 25.266448
12 116 0 26.487850
12 116 3 19.042179
12 121 0 28.353600
12 121 3 35.399786
12 127 0 53.996684
12 127 3 33.194372
12 133 0 65.330621
12 133 3 36.458578
12 139 0 56.970720
12 139 3 32.311598
12 145 0 64.125653
12 145 3 38.371598
12 152 0 58.133638
12 152 3 40.732644
12 159 0 59.858493
12 159 3 47.299089
12 166 0 47.570026
12 166 3 58.746361
12 174 0 58.114807
12 174 3 60.405783
12 182 0 32.398191
12 182 3 64.804882
12 191 0 31.201558
12 191 3 46.708585
12 200 0 28.260498
12 200 3 63.565626
12 210 0 32.780022
12 210 3 59.303291
12 220 0 31.366924
12 220 3 80.062649
12 231 0 30.198252
12 231 3 75.518135
12 242 0 32.632543
12 242 3 75.905523
12 254 0 32.980969
12 254 3 76.373729
12 266 0 37.937081
12 266 3 79.828071
12 279 0 31.347828
12 279 3 95.909564
12 292 0 34.638071
12 292 3 77.464808
12 306 0 32.261621
12 306 3 90.303231
12 321 0 34.912365
12 321 3 88.146991
12 337 0 33.946312
12 337 3 88.381970
12 353 0 33.336866
12 353 3 92.520234
12 370 0 31.969615
12 370 3 100.875696
12 388 0 47.678583
12 388 3 139.836763
12 407 0 48.801588
12 407 3 129.183987
12 427 0 26.440268
12 427 3 96.576606
12 448 0 33.177876
12 448 3 100.047669
12 470 0 29.461754
12 470 3 94.124836
12 493 0 34.040660
12 493 3 97.783247
12 517 0 34.082758
12 517 3 90.563084
12 542 0 33.208143
12 542 3 98.784063
12 569 0 25.632155
12 569 3 96.922917
12 597 0 62.302704
12 597 3 148.572685
12 626 0 61.440868
12 626 3 148.821428
12 657 0 29.165611
12 657 3 107.793289
12 689 0 30.931213
12 689 3 104.687221
12 723 0 57.507525
12 723 3 151.217776
12 759 0 58.945778
12 759 3 151.430965
12 796 0 62.278572
12 796 3 151.672559
12 835 0 60.417993
12 835 3 152.392750
12 876 0 37.744765
12 876 3 150.590383
12 919 0 40.136126
12 919 3 148.544399
12 964 0 66.680475
12 964 3 154.857964
12 1012 0 70.488804
12 1012 3 154.529954
12 1062 0 36.563329
12 1062 3 117.120114
12 1115 0 50.903472
12 1115 3 170.117219
12 1170 0 53.473869
12 1170 3 173.593248
12 1228 0 32.296082
12 1228 3 104.283088
12 1289 0 53.245301
12 1289 3 162.689883
12 1353 0 48.099897
12 1353 3 175.218967
12 1420 0 33.107082
12 1420 3 116.969225
12 1491 0 52.194564
12 1491 3 177.846688
12 1565 0 34.763100
12 1565 3 100.723440
12 1643 0 43.685272
12 1643 3 188.024785
12 1725 0 53.200503
12 1725 3 154.412469
12 1811 0 35.609781
12 1811 3 103.499970
12 1901 0 55.076643
12 1901 3 171.799943
12 1996 0 45.817822
12 1996 3 111.561950
13 1 3 8.272782
13 2 3 10.736157
13 3 3 10.429784
13 4 3 9.839341
13 5 0 50.499587
13 5 3 12.973467
13 6 0 62.016189
13 6 3 18.851583
13 7 0 60.186440
13 7 3 17.992862
13 8 0 51.713703
13 8 3 22.090569
13 9 0 42.983711
13 9 3 15.970423
13 10 0 50.112486
13 10 3 13.844113
13 11 0 38.430900
13 11 3 15.293918
13 12 0 37.224998
13 12 3 15.221448
13 13 0 41.792456
13 13 3 25.028490
13 14 0 40.683202
13 14 3 16.556929
13 15 0 41.756559
13 15 3 23.035855
13 16 0 37.438635
13 16 3 20.827090
13 17 0 40.109876
13 17 3 14.549722
13 18 0 59.603968
13 18 3 17.046567
13 19 0 56.987216
13 19 3 21.631705
13 20 0 46.631887
13 20 3 19.586867
13 21 0 57.145074
13 21 3 22.786780
13 22 0 49.645746
13 22 3 21.859150
13 23 0 53.811367
13 23 3 28.495722
13 24 0 49.880506
13 24 3 20.955491
13 25 0 49.486500
13 25 3 25.893203
13 26 0 46.961702
13 26 3 20.443183
13 27 0 53.817780
13 27 3 29.112306
13 28 0 48.517665
13 28 3 27.101571
13 29 0 29.630399
13 29 3 15.800942
13 30 0 31.169086
13 30 3 21.609415
13 31 0 30.270912
13 31 3 23.623566
13 32 0 44.950700
13 32 3 20.373701
13 33 0 65.292479
13 33 3 36.959546
13 34 0 71.214937
13 34 3 37.949190
13 35 0 62.290576
13 35 3 28.340948
13 36 0 53.144129
13 36 3 27.840627
13 37 0 62.180521
13 37 3 31.592303
13 38 0 59.049908
13 38 3 29.117731
13 39 0 32.576639
13 39 3 20.002308
13 40 0 57.382534
13 40 3 28.554818
13 42 0 50.208910
13 42 3 33.073287
13 44 0 66.741805
13 44 3 28.091147
13 46 0 58.404560
13 46 3 27.308843
13 48 0 48.228838
13 48 3 30.768002
13 50 0 44.520747
13 50 3 38.934961
13 52 0 33.009049
13 52 3 34.789495
13 54 0 35.128238
13 54 3 53.303560
13 56 0 31.432927
13 56 3 27.630184
13 58 0 47.339422
13 58 3 44.691057
13 60 0 35.183483
13 60 3 35.992240
13 63 0 35.206833
13 63 3 26.847099
13 66 0 44.320448
13 66 3 20.567337
13 69 0 35.298249
13 69 3 42.384196
13 72 0 32.693472
13 72 3 46.577806
13 75 0 64.557406
13 75 3 37.803984
13 78 0 51.288207
13 78 3 48.516154
13 81 0 63.932588
13 81 3 48.032518
13 85 0 33.645468
13 85 3 46.002488
13 89 0 39.005055
13 89 3 44.298932
13 93 0 47.267750
13 93 3 78.007993
13 97 0 77.922033
13 97 3 88.301614
13 101 0 74.234868
13 101 3 99.071115
13 106 0 48.091473
13 106 3 103.317072
13 111 0 58.435342
13 111 3 107.062180
13 116 0 37.571461
13 116 3 65.867214
13 121 0 38.606216
13 121 3 89.161525
13 127 0 60.106000
13 127 3 115.409666
13 133 0 79.087755
13 133 3 105.012044
13 139 0 76.820755
13 139 3 115.526935
13 145 0 74.214520
13 145 3 112.231755
13 152 0 75.582436
13 152 3 114.075934
13 159 0 49.980633
13 159 3 124.802986
13 166 0 76.017058
13 166 3 125.890560
13 174 0 66.688469
13 174 3 124.646402
13 182 0 36.082802
13 182 3 97.705746
13 191 0 33.197912
13 191 3 87.864057
13 200 0 36.220856
13 200 3 89.625343
13 210 0 34.830276
13 210 3 89.256823
13 220 0 37.344547
13 220 3 99.762649
13 231 0 33.555709
13 231 3 97.287635
13 242 0 34.939824
13 242 3 94.478452
13 254 0 40.397113
13 254 3 93.420512
13 266 0 40.986719
13 266 3 91.440746
13 279 0 36.168403
13 279 3 100.664939
13 292 0 34.273226
13 292 3 101.961077
13 306 0 33.151047
13 306 3 101.699943
13 321 0 42.720354
13 321 3 97.509833
13 337 0 42.066561
13 337 3 95.051611
13 353 0 43.230864
13 353 3 98.891785
13 370 0 35.299947
13 370 3 105.774040
13 388 0 55.155073
13 388 3 157.932167
13 407 0 51.700296
13 407 3 157.414743
13 427 0 49.589298
13 427 3 102.284088
13 448 0 34.697788
13 448 3 95.099863
13 470 0 34.583047
13 470 3 109.888516
13 493 0 32.808525
13 493 3 100.266925
13 517 0 34.782124
13 517 3 107.681503
13 542 0 43.863465
13 542 3 101.686736
13 569 0 47.422071
13 569 3 104.205037
13 597 0 67.254487
13 597 3 156.254295
13 626 0 75.601274
13 626 3 156.534000
13 657 0 33.958085
13 657 3 111.168678
13 689 0 36.167498
13 689 3 112.608522
13 723 0 67.445652
13 723 3 164.441192
13 759 0 72.193054
13 759 3 160.536197
13 796 0 76.961408
13 796 3 163.853035
13 835 0 82.237797
13 835 3 162.858454
13 876 0 58.376102
13 876 3 174.676196
13 919 0 58.715813
13 919 3 181.978591
13 964 0 81.856522
13 964 3 168.475853
13 1012 0 83.782015
13 1012 3 169.138304
13 1062 0 38.557844
13 1062 3 107.941044
13 1115 0 71.831941
13 1115 3 185.897642
13 1170 0 71.594210
13 1170 3 185.304169
13 1228 0 39.309640
13 1228 3 131.631742
13 1289 0 66.008392
13 1289 3 164.854548
13 1353 0 69.289425
13 1353 3 197.696837
13 1420 0 44.736415
13 1420 3 136.347702
13 1491 0 72.824220
13 1491 3 217.983301
13 1565 0 43.544027
13 1565 3 115.095421
13 1643 0 73.888500
13 1643 3 222.036796
13 1725 0 71.508118
13 1725 3 175.830169
13 1811 0 46.080463
13 1811 3 121.017675
13 1901 0 76.508239
13 1901 3 200.430184
13 1996 0 49.845115
13 1996 3 136.448391
14 1 3 9.423529
14 2 3 11.090703
14 3 3 12.009511
14 4 3 11.934700
14 5 0 56.837968
14 5 3 17.556756
14 6 0 72.221493
14 6 3 19.383018
14 7 0 73.559229
14 7 3 18.110015
14 8 0 44.346052
14 8 3 29.157753
14 9 0 55.894584
14 9 3 23.110705
14 10 0 50.567443
14 10 3 27.027830
14 11 0 48.933023
14 11 3 21.626523
14 12 0 47.737153
14 12 3 20.681749
14 13 0 48.417334
14 13 3 19.175985
14 14 0 58.909098
14 14 3 21.714537
14 15 0 48.310619
14 15 3 24.718338
14 16 0 43.349786
14 16 3 27.546739
14 17 0 44.186182
14 17 3 19.305682
14 18 0 53.928407
14 18 3 53.057439
14 19 0 71.576064
14 19 3 31.931200
14 20 0 66.657403
14 20 3 28.137682
14 21 0 69.620458
14 21 3 30.362619
14 22 0 72.460216
14 22 3 32.012741
14 23 0 66.602123
14 23 3 34.431934
14 24 0 66.441079
14 24 3 29.692698
14 25 0 86.245862
14 25 3 35.916589
14 26 0 65.104024
14 26 3 26.634426
14 27 0 78.091326
14 27 3 37.795951
14 28 0 79.311869
14 28 3 37.200480
14 29 0 48.981026
14 29 3 27.453288
14 30 0 45.440594
14 30 3 50.499937
14 31 0 42.801580
14 31 3 59.083391
14 32 0 60.444251
14 32 3 41.566901
14 33 0 72.374574
14 33 3 60.859454
14 34 0 65.810329
14 34 3 58.203800
14 35 0 90.136803
14 35 3 44.366688
14 36 0 84.238646
14 36 3 67.904872
14 37 0 90.472612
14 37 3 63.781473
14 38 0 84.625358
14 38 3 56.176688
14 39 0 47.453514
14 39 3 70.028651
14 40 0 86.566225
14 40 3 80.812344
14 42 0 82.169515
14 42 3 80.891973
14 44 0 89.473948
14 44 3 80.829814
14 46 0 89.743116
14 46 3 97.132436
14 48 0 61.340512
14 48 3 103.158654
14 50 0 69.854266
14 50 3 108.502739
14 52 0 47.686508
14 52 3 73.246226
14 54 0 68.502526
14 54 3 75.813121
14 56 0 42.537802
14 56 3 55.893396
14 58 0 59.552981
14 58 3 73.933468
14 60 0 47.747975
14 60 3 75.221999
14 63 0 56.479687
14 63 3 72.258036
14 66 0 58.035752
14 66 3 59.605150
14 69 0 52.446036
14 69 3 83.764226
14 72 0 41.249357
14 72 3 90.307519
14 75 0 91.694972
14 75 3 114.242073
14 78 0 64.156016
14 78 3 122.874116
14 81 0 64.476802
14 81 3 132.011114
14 85 0 48.949117
14 85 3 81.168273
14 89 0 46.230139
14 89 3 89.308952
14 93 0 52.045863
14 93 3 96.241093
14 97 0 98.749476
14 97 3 125.221661
14 101 0 93.528427
14 101 3 127.593418
14 106 0 70.644756
14 106 3 136.964202
14 111 0 82.443565
14 111 3 131.268531
14 116 0 49.912799
14 116 3 90.924626
14 121 0 37.911727
14 121 3 99.410808
14 127 0 71.210718
14 127 3 142.859453
14 133 0 94.479105
14 133 3 135.261487
14 139 0 89.672618
14 139 3 142.249249
14 145 0 93.134410
14 145 3 137.538699
14 152 0 88.942939
14 152 3 144.183501
14 159 0 59.838637
14 159 3 151.306165
14 166 0 80.380180
14 166 3 142.970718
14 174 0 64.048166
14 174 3 157.410430
14 182 0 42.781465
14 182 3 98.986490
14 191 0 47.841590
14 191 3 99.177728
14 200 0 48.455410
14 200 3 95.550006
14 210 0 51.355906
14 210 3 97.739363
14 220 0 42.661469
14 220 3 105.275399
14 231 0 40.005513
14 231 3 103.538020
14 242 0 46.202376
14 242 3 102.546978
14 254 0 41.436779
14 254 3 103.329137
14 266 0 52.290337
14 266 3 99.563595
14 279 0 41.272508
14 279 3 104.518481
14 292 0 45.106250
14 292 3 105.263592
14 306 0 36.904508
14 306 3 106.431033
14 321 0 50.643701
14 321 3 104.327986
14 337 0 47.503508
14 337 3 107.336270
14 353 0 51.258187
14 353 3 104.665533
14 370 0 41.807194
14 370 3 111.816577
14 388 0 61.706380
14 388 3 176.444345
14 407 0 62.060602
14 407 3 175.844016
14 427 0 50.883377
14 427 3 98.456745
14 448 0 39.318435
14 448 3 108.297130
14 470 0 58.020024
14 470 3 106.085548
14 493 0 39.875220
14 493 3 110.630346
14 517 0 40.819812
14 517 3 115.878751
14 542 0 41.712094
14 542 3 108.462668
14 569 0 42.064700
14 569 3 112.426430
14 597 0 91.267189
14 597 3 176.544528
14 626 0 92.436420
14 626 3 175.733607
14 657 0 57.729591
14 657 3 118.884621
14 689 0 44.428200
14 689 3 121.055007
14 723 0 101.170533
14 723 3 180.654186
14 759 0 97.259780
14 759 3 181.263775
14 796 0 90.748214
14 796 3 186.364715
14 835 0 103.707574
14 835 3 189.267058
14 876 0 74.509370
14 876 3 174.587022
14 919 0 79.448783
14 919 3 180.424551
14 964 0 114.766107
14 964 3 202.436064
14 1012 0 111.292263
14 1012 3 204.100590
15 1 3 10.405362
15 2 3 13.088435
15 3 3 13.839090
15 4 3 14.089578
15 5 0 67.407372
15 5 3 34.721912
15 6 0 103.522709
15 6 3 25.090687
15 7 0 115.031027
15 7 3 22.397195
15 8 0 70.321684
15 8 3 28.771288
15 9 0 82.100762
15 9 3 46.306727
15 10 0 72.510647
15 10 3 28.174026
15 11 0 65.270503
15 11 3 43.086026
15 12 0 69.984464
15 12 3 53.752654
15 13 0 71.421540
15 13 3 52.494261
15 14 0 65.106386
15 14 3 69.998635
15 15 0 69.905323
15 15 3 58.868594
15 16 0 86.165375
15 16 3 58.949298
15 17 0 93.969631
15 17 3 43.637383
15 18 0 74.435677
15 18 3 61.719371
15 19 0 120.043075
15 19 3 75.720570
15 20 0 120.007529
15 20 3 82.257234
15 21 0 111.624273
15 21 3 79.116803
15 22 0 105.883434
15 22 3 91.879862
15 23 0 121.514278
15 23 3 96.246548
15 24 0 116.160850
15 24 3 94.854314
15 25 0 108.915162
15 25 3 99.144913
15 26 0 97.646801
15 26 3 124.518316
15 27 0 118.290027
15 27 3 106.283475
15 28 0 115.060671
15 28 3 102.557555
15 29 0 72.270927
15 29 3 82.838739
15 30 0 69.815539
15 30 3 87.262556
15 31 0 67.224702
15 31 3 87.909263
15 32 0 94.018397
15 32 3 116.736608
15 33 0 103.431021
15 33 3 129.170645
15 34 0 101.389351
15 34 3 129.464592
15 35 0 124.189725
15 35 3 114.724147
15 36 0 122.980759
15 36 3 119.921918
15 37 0 116.310791
15 37 3 119.647254
15 38 0 126.508910
15 38 3 119.593097
15 39 0 80.787776
15 39 3 83.912966
15 40 0 121.752325
15 40 3 112.061128
15 42 0 123.179265
15 42 3 125.596467
15 44 0 89.943109
15 44 3 138.989681
15 46 0 106.119285
15 46 3 138.067349
15 48 0 110.569529
15 48 3 135.614136
15 50 0 116.514816
15 50 3 135.725941
15 52 0 66.206280
15 52 3 94.562764
15 54 0 80.368923
15 54 3 84.452235
15 56 0 62.114172
15 56 3 90.419585
15 58 0 84.238220
15 58 3 85.737367
15 60 0 72.070736
15 60 3 90.871026
15 63 0 69.696108
15 63 3 88.479698
15 66 0 71.340690
15 66 3 85.028962
15 69 0 67.400800
15 69 3 97.306794
15 72 0 57.804251
15 72 3 97.892987
15 75 0 124.526556
15 75 3 141.875758
15 78 0 103.611972
15 78 3 143.467092
15 81 0 108.824172
15 81 3 156.367808
15 85 0 68.166360
15 85 3 97.792070
15 89 0 60.838536
15 89 3 98.926364
15 93 0 70.658963
15 93 3 103.908609
15 97 0 116.548700
15 97 3 139.578623
15 101 0 116.481464
15 101 3 142.013641
15 106 0 98.809557
15 106 3 157.906453
15 111 0 98.920137
15 111 3 148.782272
15 116 0 65.757979
15 116 3 101.019273
15 121 0 60.078835
15 121 3 105.890166
15 127 0 89.657441
15 127 3 148.727166
15 133 0 116.460102
15 133 3 143.250541
15 139 0 115.382901
15 139 3 146.149656
15 145 0 110.949101
15 145 3 144.287980
15 152 0 108.296407
15 152 3 150.293894
15 159 0 92.448534
15 159 3 165.401887
15 166 0 107.739640
15 166 3 153.151980
15 174 0 80.062827
15 174 3 163.884166
15 182 0 51.067862
15 182 3 109.268856
15 191 0 64.248840
15 191 3 103.366334
15 200 0 63.757994
15 200 3 106.950261
15 210 0 68.469145
15 210 3 103.756271
15 220 0 58.657886
15 220 3 107.935806
15 231 0 54.062717
15 231 3 106.502286
15 242 0 63.137538
15 242 3 107.122784
15 254 0 72.131864
15 254 3 107.335009
15 266 0 63.923455
15 266 3 106.882799
15 279 0 56.168261
15 279 3 111.534862
15 292 0 51.368479
15 292 3 101.100136
15 306 0 59.110048
15 306 3 116.409961
15 321 0 70.909782
15 321 3 112.777717
15 337 0 65.296526
15 337 3 117.354895
15 353 0 70.453508
15 353 3 116.696114
15 370 0 65.398533
15 370 3 122.572481
15 388 0 88.750688
15 388 3 190.085991
15 407 0 102.082796
15 407 3 191.440630
15 427 0 76.538438
15 427 3 117.228787
15 448 0 68.108936
15 448 3 111.830636
15 470 0 95.831190
15 470 3 117.986085
15 493 0 70.844628
15 493 3 115.878466
16 1 3 11.204095
16 2 3 13.172643
16 3 3 14.167177
16 4 3 16.038346
16 5 0 115.060556
16 5 3 44.972626
16 6 0 166.378006
16 6 3 37.958182
16 7 0 171.908683
16 7 3 36.197930
16 8 0 127.877980
16 8 3 43.199029
16 9 0 108.917937
16 9 3 65.781502
16 10 0 105.381631
16 10 3 79.420787
16 11 0 108.622688
16 11 3 70.997452
16 12 0 106.122864
16 12 3 79.689744
16 13 0 112.559271
16 13 3 78.217296
16 14 0 118.622152
16 14 3 64.983578
16 15 0 89.897827
16 15 3 97.028833
16 16 0 89.436087
16 16 3 85.523953
16 17 0 97.145575
16 17 3 75.616488
16 18 0 78.823859
16 18 3 99.338067
16 19 0 141.580535
16 19 3 110.741111
16 20 0 137.439368
16 20 3 118.048096
16 21 0 159.221070
16 21 3 117.564517
16 22 0 147.531055
16 22 3 123.979477
16 23 0 139.593624
16 23 3 119.243092
16 24 0 134.669272
16 24 3 124.488432
16 25 0 128.033179
16 25 3 146.436170
16 26 0 130.362833
16 26 3 150.787551
16 27 0 143.865853
16 27 3 123.089074
16 28 0 137.641859
16 28 3 125.573010
16 29 0 84.293321
16 29 3 96.787168
16 30 0 93.080683
16 30 3 91.803123
16 31 0 84.227721
16 31 3 94.781949
16 32 0 140.595460
16 32 3 142.236377
16 33 0 152.775510
16 33 3 145.522806
16 34 0 152.143694
16 34 3 143.390417
16 35 0 157.156460
16 35 3 139.831776
16 36 0 142.643860
16 36 3 143.747581
16 37 0 126.587946
16 37 3 162.309518
16 38 0 128.278509
16 38 3 146.579463
16 39 0 106.204106
16 39 3 90.852847
16 40 0 132.824630
16 40 3 137.201578
16 42 0 163.474019
16 42 3 141.896189
16 44 0 149.410505
16 44 3 159.988905
16 46 0 143.846170
16 46 3 147.294197
16 48 0 132.878790
16 48 3 145.077416
16 50 0 127.332060
16 50 3 142.332186
16 52 0 93.013412
16 52 3 100.546597
16 54 0 92.881065
16 54 3 94.664025
16 56 0 84.846912
16 56 3 102.902736
16 58 0 90.556276
16 58 3 95.429624
16 60 0 90.686075
16 60 3 105.008257
16 63 0 89.843923
16 63 3 96.994245
16 66 0 92.860027
16 66 3 95.635527
16 69 0 93.015613
16 69 3 105.571514
16 72 0 78.803121
16 72 3 105.222548
16 75 0 165.173507
16 75 3 144.402764
16 78 0 135.095632
16 78 3 157.867959
16 81 0 147.081353
16 81 3 155.774740
16 85 0 80.127968
16 85 3 105.854631
16 89 0 88.117210
16 89 3 104.409076
16 93 0 89.448488
16 93 3 109.590455
16 97 0 156.941904
16 97 3 152.506576
16 101 0 143.205383
16 101 3 157.981734
16 106 0 120.121660
16 106 3 169.128575
16 111 0 147.673779
16 111 3 161.643685
16 116 0 84.792085
16 116 3 108.492584
16 121 0 83.479777
16 121 3 112.921158
16 127 0 133.945462
16 127 3 169.088167
16 133 0 167.682127
16 133 3 160.052095
16 139 0 154.459670
16 139 3 166.255251
16 145 0 176.446643
16 145 3 165.208766
16 152 0 160.703853
16 152 3 167.535433
16 159 0 168.207009
16 159 3 174.790739
16 166 0 134.607751
16 166 3 156.425607
16 174 0 164.033118
16 174 3 187.049296
16 182 0 91.854299
16 182 3 116.534671
16 191 0 96.330510
16 191 3 119.751466
16 200 0 96.175791
16 200 3 123.020866
16 210 0 100.641515
16 210 3 122.068975
16 220 0 100.642637
16 220 3 109.146562
16 231 0 103.282073
16 231 3 109.362186
16 242 0 103.923227
16 242 3 118.572986
16 254 0 128.986879
16 254 3 123.809321
