4 1 3 18.034350
4 2 3 28.244712
4 3 3 15.483904
4 4 3 13.754355
4 5 0 41.319895
4 5 3 29.442053
4 6 0 52.958842
4 6 3 27.484046
4 7 0 38.711717
4 7 3 28.395688
4 8 0 48.100181
4 8 3 29.086243
4 9 0 44.384403
4 9 3 18.325736
4 10 0 32.209113
4 10 3 13.357632
4 11 0 26.494615
4 11 3 13.957426
4 12 0 26.409984
4 12 3 28.059666
4 13 0 28.067233
4 13 3 15.942838
4 14 0 26.554680
4 14 3 12.094101
4 15 0 27.358511
4 15 3 16.352110
4 16 0 22.872289
4 16 3 28.086385
4 17 0 33.077437
4 17 3 12.642649
4 18 0 20.752489
4 18 3 13.247522
4 19 0 20.861736
4 19 3 13.506311
4 20 0 22.994758
4 20 3 10.881564
4 21 0 21.466390
4 21 3 12.262121
4 22 0 28.420890
4 22 3 15.373853
4 23 0 31.908258
4 23 3 12.990981
4 24 0 21.935788
4 24 3 32.857400
4 25 0 20.943666
4 25 3 11.659526
4 26 0 23.503064
4 26 3 10.366522
4 27 0 19.596204
4 27 3 14.424642
4 28 0 18.534043
4 28 3 29.669001
4 29 0 17.951334
4 29 3 12.414973
4 30 0 17.935996
4 30 3 14.019238
4 31 0 18.826611
4 31 3 12.839229
4 32 0 17.418636
4 32 3 28.067940
4 33 0 48.439662
4 33 3 11.218297
4 34 0 17.335112
4 34 3 12.524964
4 35 0 19.642915
4 35 3 12.616975
4 36 0 24.972008
4 36 3 12.045143
4 37 0 33.411680
4 37 3 12.085741
4 38 0 18.007719
4 38 3 12.487697
4 39 0 20.804649
4 39 3 10.562706
4 40 0 17.282488
4 40 3 16.417912
4 42 0 41.322952
4 42 3 11.837099
4 44 0 15.515433
4 44 3 30.523351
4 46 0 18.370043
4 46 3 11.446855
4 48 0 16.279863
4 48 3 10.502954
4 50 0 16.886023
4 50 3 10.250710
4 52 0 15.584184
4 52 3 10.351982
4 54 0 15.596110
4 54 3 10.510668
4 56 0 40.248028
4 56 3 10.793627
4 58 0 35.188694
4 58 3 9.696606
4 60 0 16.010341
4 60 3 12.641503
4 63 0 22.445959
4 63 3 11.456985
4 66 0 19.955589
4 66 3 12.657446
4 69 0 16.327409
4 69 3 26.662050
4 72 0 20.109278
4 72 3 13.625247
4 75 0 19.859960
4 75 3 13.326676
4 78 0 18.939025
4 78 3 10.402773
4 81 0 20.871048
4 81 3 12.968155
4 85 0 18.445156
4 85 3 12.639548
4 89 0 18.480363
4 89 3 13.314467
4 93 0 17.991108
4 93 3 11.674443
4 97 0 15.625253
4 97 3 13.015571
4 101 0 20.241862
4 101 3 12.000027
4 106 0 18.727133
4 106 3 25.291499
4 111 0 18.924973
4 111 3 12.544196
4 116 0 17.624115
4 116 3 12.294504
4 121 0 18.835390
4 121 3 11.821418
4 127 0 14.799792
4 127 3 11.991341
4 133 0 18.360939
4 133 3 25.674625
4 139 0 18.468792
4 139 3 8.774212
4 145 0 20.463716
4 145 3 11.860461
4 152 0 19.017196
4 152 3 24.591977
4 159 0 13.512757
4 159 3 24.330696
4 166 0 16.304297
4 166 3 27.632852
4 174 0 12.930724
4 174 3 25.090361
4 182 0 16.007665
4 182 3 27.218626
4 191 0 16.939779
4 191 3 11.935665
4 200 0 14.038708
4 200 3 11.150996
4 210 0 16.102967
4 210 3 34.061218
4 220 0 19.245758
4 220 3 12.254131
4 231 0 13.298210
4 231 3 27.609376
4 242 0 31.276741
4 242 3 11.474290
4 254 0 20.471782
4 254 3 8.228858
4 266 0 24.887143
4 266 3 25.517827
4 279 0 15.699519
4 279 3 21.565277
4 292 0 16.200959
4 292 3 9.507451
4 306 0 16.048597
4 306 3 21.834622
4 321 0 15.720768
4 321 3 8.926224
4 337 0 15.608457
4 337 3 9.007715
4 353 0 28.994715
4 353 3 7.924148
4 370 0 17.376967
4 370 3 9.931956
4 388 0 32.253212
4 388 3 9.152929
4 407 0 12.582368
4 407 3 8.148397
4 427 0 14.597217
4 427 3 8.949334
4 448 0 28.596831
4 448 3 9.379381
4 470 0 15.407712
4 470 3 8.667975
4 493 0 28.954929
4 493 3 9.439668
4 517 0 19.786199
4 517 3 9.497005
4 542 0 31.468720
4 542 3 9.895090
4 569 0 24.339218
4 569 3 10.265639
4 597 0 14.866137
4 597 3 10.466366
4 626 0 16.618641
4 626 3 13.296010
4 657 0 18.743504
4 657 3 11.361763
4 689 0 14.067577
4 689 3 11.571494
4 723 0 15.784768
4 723 3 10.370064
4 759 0 12.787688
4 759 3 23.952335
4 796 0 18.065608
4 796 3 12.413108
4 835 0 18.800298
4 835 3 11.015458
4 876 0 13.798695
4 876 3 11.577383
4 919 0 15.658222
4 919 3 10.475083
4 964 0 10.519826
4 964 3 10.934447
4 1012 0 12.221270
4 1012 3 10.781269
4 1062 0 12.455444
4 1062 3 10.815322
4 1115 0 15.580772
4 1115 3 14.608464
4 1170 0 13.689588
4 1170 3 14.895243
4 1228 0 15.166211
4 1228 3 11.071170
4 1289 0 28.904153
4 1289 3 9.388028
4 1353 0 11.625195
4 1353 3 8.932898
4 1420 0 14.377251
4 1420 3 14.799149
4 1491 0 10.952833
4 1491 3 11.157989
4 1565 0 12.596489
4 1565 3 12.358766
4 1643 0 12.753635
4 1643 3 11.373709
4 1725 0 10.361234
4 1725 3 9.060217
4 1811 0 12.748669
4 1811 3 9.746931
4 1901 0 11.607320
4 1901 3 15.211171
4 1996 0 18.184840
4 1996 3 12.945992
5 1 3 14.207097
5 2 3 11.318486
5 3 3 12.170826
5 4 3 10.677952
5 5 0 31.084736
5 5 3 12.740741
5 6 0 58.448973
5 6 3 10.882465
5 7 0 29.267897
5 7 3 11.161752
5 8 0 33.779851
5 8 3 11.910661
5 9 0 32.097419
5 9 3 14.135237
5 10 0 25.264016
5 10 3 11.114410
5 11 0 37.734755
5 11 3 10.813887
5 12 0 26.152488
5 12 3 10.804121
5 13 0 25.366458
5 13 3 9.581835
5 14 0 20.775968
5 14 3 10.142260
5 15 0 24.431731
5 15 3 10.337200
5 16 0 17.573881
5 16 3 11.048655
5 17 0 23.414487
5 17 3 10.304713
5 18 0 21.901583
5 18 3 9.547923
5 19 0 17.870312
5 19 3 9.459342
5 20 0 18.949455
5 20 3 9.535194
5 21 0 18.448371
5 21 3 9.745104
5 22 0 25.220536
5 22 3 9.912640
5 23 0 18.430759
5 23 3 8.909446
5 24 0 24.443364
5 24 3 10.075655
5 25 0 33.317020
5 25 3 9.085224
5 26 0 25.465526
5 26 3 8.907759
5 27 0 16.614521
5 27 3 9.142537
5 28 0 16.857447
5 28 3 9.802591
5 29 0 19.031433
5 29 3 8.868769
5 30 0 28.101356
5 30 3 8.825547
5 31 0 28.650965
5 31 3 8.909719
5 32 0 15.937842
5 32 3 8.726027
5 33 0 18.593617
5 33 3 8.995881
5 34 0 17.503239
5 34 3 8.637068
5 35 0 17.816814
5 35 3 9.814731
5 36 0 16.068922
5 36 3 8.916956
5 37 0 16.315691
5 37 3 8.939820
5 38 0 23.162970
5 38 3 8.893823
5 39 0 17.917686
5 39 3 9.109315
5 40 0 16.850060
5 40 3 9.909762
5 42 0 15.809366
5 42 3 8.859404
5 44 0 29.496733
5 44 3 8.531841
5 46 0 15.134644
5 46 3 9.833939
5 48 0 13.698271
5 48 3 8.576700
5 50 0 17.456099
5 50 3 9.852370
5 52 0 19.947882
5 52 3 6.635926
5 54 0 14.538938
5 54 3 8.974060
5 56 0 30.033776
5 56 3 8.521963
5 58 0 21.044185
5 58 3 9.181660
5 60 0 17.219195
5 60 3 6.392329
5 63 0 19.722416
5 63 3 10.419139
5 66 0 18.943012
5 66 3 7.873767
5 69 0 14.669818
5 69 3 7.184135
5 72 0 11.912632
5 72 3 9.118550
5 75 0 19.538379
5 75 3 9.162207
5 78 0 19.097603
5 78 3 8.972463
5 81 0 15.495864
5 81 3 8.716734
5 85 0 14.889402
5 85 3 9.228398
5 89 0 12.313825
5 89 3 8.725784
5 93 0 10.825688
5 93 3 9.461727
5 97 0 15.223590
5 97 3 8.599704
5 101 0 12.402441
5 101 3 8.862265
5 106 0 17.100302
5 106 3 11.900477
5 111 0 12.281990
5 111 3 9.133187
5 116 0 18.908979
5 116 3 10.527273
5 121 0 11.620770
5 121 3 9.487743
5 127 0 17.020127
5 127 3 9.129693
5 133 0 9.794870
5 133 3 9.273685
5 139 0 19.298625
5 139 3 9.686319
5 145 0 15.420914
5 145 3 8.916110
5 152 0 15.260376
5 152 3 9.498763
5 159 0 17.014051
5 159 3 10.992062
5 166 0 10.266382
5 166 3 5.741465
5 174 0 16.882021
5 174 3 12.115491
5 182 0 15.453452
5 182 3 10.673514
5 191 0 18.330512
5 191 3 10.432096
5 200 0 17.016445
5 200 3 9.977337
5 210 0 9.925021
5 210 3 5.665188
5 220 0 18.323870
5 220 3 10.096086
5 231 0 13.015350
5 231 3 9.162704
5 242 0 17.963510
5 242 3 9.583056
5 254 0 20.367625
5 254 3 10.452039
5 266 0 13.829595
5 266 3 11.234986
5 279 0 15.799501
5 279 3 9.801781
5 292 0 14.201263
5 292 3 10.094786
5 306 0 11.140829
5 306 3 11.483176
5 321 0 12.366667
5 321 3 8.045411
5 337 0 26.175117
5 337 3 13.299741
5 353 0 29.304023
5 353 3 9.602277
5 370 0 18.344817
5 370 3 11.810557
5 388 0 17.127584
5 388 3 9.908083
5 407 0 12.508810
5 407 3 8.842466
5 427 0 14.189428
5 427 3 10.244688
5 448 0 11.814400
5 448 3 8.184506
5 470 0 13.210770
5 470 3 9.289755
5 493 0 13.245551
5 493 3 9.567129
5 517 0 14.233934
5 517 3 9.858779
5 542 0 16.192042
5 542 3 10.188355
5 569 0 13.918819
5 569 3 7.730508
5 597 0 13.274168
5 597 3 10.894371
5 626 0 17.583426
5 626 3 7.817771
5 657 0 17.213402
5 657 3 11.244660
5 689 0 13.456377
5 689 3 9.292243
5 723 0 16.377229
5 723 3 10.669888
5 759 0 16.155797
5 759 3 9.664006
5 796 0 18.506566
5 796 3 9.348987
5 835 0 19.126551
5 835 3 11.561107
5 876 0 18.105684
5 876 3 11.831202
5 919 0 14.376031
5 919 3 9.886527
5 964 0 9.382862
5 964 3 5.664536
5 1012 0 14.047782
5 1012 3 9.666142
5 1062 0 14.626536
5 1062 3 5.586529
5 1115 0 16.435269
5 1115 3 9.665075
5 1170 0 11.074094
5 1170 3 11.350806
5 1228 0 20.736419
5 1228 3 14.902146
5 1289 0 14.931936
5 1289 3 11.729963
5 1353 0 14.210013
5 1353 3 6.090203
5 1420 0 11.272932
5 1420 3 13.134468
5 1491 0 14.346606
5 1491 3 11.576285
5 1565 0 17.640356
5 1565 3 15.581489
5 1643 0 17.145730
5 1643 3 22.059721
5 1725 0 14.062139
5 1725 3 10.851240
5 1811 0 12.309194
5 1811 3 14.088427
5 1901 0 13.479120
5 1901 3 6.015984
5 1996 0 17.164082
5 1996 3 39.092054
6 1 3 12.941425
6 2 3 10.503056
6 3 3 25.443279
6 4 3 10.581192
6 5 0 25.599734
6 5 3 8.237453
6 6 0 23.179926
6 6 3 11.092632
6 7 0 25.121212
6 7 3 10.723377
6 8 0 26.057984
6 8 3 10.651725
6 9 0 25.213857
6 9 3 11.547339
6 10 0 22.001879
6 10 3 10.226205
6 11 0 20.730891
6 11 3 10.524206
6 12 0 20.380967
6 12 3 10.212290
6 13 0 24.535330
6 13 3 8.899610
6 14 0 19.162487
6 14 3 9.533457
6 15 0 22.882908
6 15 3 9.608552
6 16 0 15.363532
6 16 3 8.756971
6 17 0 22.324240
6 17 3 9.314905
6 18 0 25.308747
6 18 3 24.056140
6 19 0 17.295078
6 19 3 8.817166
6 20 0 26.411756
6 20 3 8.911334
6 21 0 17.423880
6 21 3 8.988871
6 22 0 22.191364
6 22 3 9.394682
6 23 0 17.318773
6 23 3 8.746860
6 24 0 19.802643
6 24 3 8.512587
6 25 0 17.317532
6 25 3 8.980129
6 26 0 31.337927
6 26 3 15.206151
6 27 0 15.030497
6 27 3 9.078013
6 28 0 13.618408
6 28 3 9.413398
6 29 0 31.181895
6 29 3 15.006910
6 30 0 15.514172
6 30 3 8.758503
6 31 0 30.791579
6 31 3 8.773492
6 32 0 14.643229
6 32 3 8.765716
6 33 0 16.774289
6 33 3 8.922794
6 34 0 15.841611
6 34 3 8.411667
6 35 0 17.624370
6 35 3 9.066063
6 36 0 15.749201
6 36 3 8.717556
6 37 0 15.706189
6 37 3 8.771014
6 38 0 20.547208
6 38 3 8.934976
6 39 0 31.677559
6 39 3 9.233056
6 40 0 17.567957
6 40 3 9.526863
6 42 0 14.941520
6 42 3 24.650756
6 44 0 14.992558
6 44 3 8.865623
6 46 0 14.810336
6 46 3 8.712351
6 48 0 12.975423
6 48 3 8.147264
6 50 0 14.678681
6 50 3 9.369857
6 52 0 20.710015
6 52 3 9.485881
6 54 0 15.009439
6 54 3 8.796015
6 56 0 15.247186
6 56 3 8.856449
6 58 0 20.728651
6 58 3 8.805787
6 60 0 10.263965
6 60 3 6.103342
6 63 0 14.882606
6 63 3 10.626950
6 66 0 14.369968
6 66 3 7.797420
6 69 0 15.194052
6 69 3 8.948420
6 72 0 16.911671
6 72 3 6.148932
6 75 0 32.444194
6 75 3 9.796408
6 78 0 15.166991
6 78 3 8.065344
6 81 0 15.369144
6 81 3 8.981360
6 85 0 17.316051
6 85 3 13.573003
6 89 0 14.414489
6 89 3 12.185625
6 93 0 16.065914
6 93 3 5.878904
6 97 0 14.639580
6 97 3 10.386071
6 101 0 17.290477
6 101 3 12.466416
6 106 0 12.832022
6 106 3 10.961878
6 111 0 18.085082
6 111 3 12.722293
6 116 0 11.057915
6 116 3 11.295715
6 121 0 16.820065
6 121 3 12.393956
6 127 0 14.533119
6 127 3 15.245752
6 133 0 17.228129
6 133 3 12.494160
6 139 0 17.580052
6 139 3 11.755293
6 145 0 19.746530
6 145 3 8.460092
6 152 0 14.492072
6 152 3 9.877926
6 159 0 18.447186
6 159 3 11.558819
6 166 0 15.697457
6 166 3 13.302823
6 174 0 15.215735
6 174 3 11.385435
6 182 0 19.236471
6 182 3 10.343687
6 191 0 17.463649
6 191 3 11.332901
6 200 0 18.544689
6 200 3 13.551203
6 210 0 15.663647
6 210 3 8.257092
6 220 0 9.209295
6 220 3 9.941325
6 231 0 13.131856
6 231 3 9.641894
6 242 0 14.058418
6 242 3 8.639229
6 254 0 19.204458
6 254 3 11.457296
6 266 0 13.161391
6 266 3 11.722567
6 279 0 14.192454
6 279 3 10.822731
6 292 0 15.079559
6 292 3 10.028314
6 306 0 13.811798
6 306 3 6.553231
6 321 0 14.237599
6 321 3 15.859296
6 337 0 12.383234
6 337 3 8.863066
6 353 0 12.904776
6 353 3 9.541470
6 370 0 17.487237
6 370 3 11.697651
6 388 0 17.062558
6 388 3 9.908162
6 407 0 12.674356
6 407 3 9.201682
6 427 0 10.921451
6 427 3 9.431252
6 448 0 9.551791
6 448 3 8.423643
6 470 0 12.860370
6 470 3 9.707714
6 493 0 13.438264
6 493 3 9.578956
6 517 0 12.834180
6 517 3 10.333570
6 542 0 16.549311
6 542 3 10.744663
6 569 0 8.937350
6 569 3 12.070013
6 597 0 14.748064
6 597 3 11.101947
6 626 0 14.731427
6 626 3 14.576142
6 657 0 21.365073
6 657 3 12.277644
6 689 0 19.275635
6 689 3 8.253883
6 723 0 17.792532
6 723 3 12.941413
6 759 0 14.672480
6 759 3 15.675195
6 796 0 18.095467
6 796 3 13.501003
6 835 0 20.271276
6 835 3 13.954628
6 876 0 14.350286
6 876 3 13.806504
6 919 0 15.509648
6 919 3 12.739882
6 964 0 19.412884
6 964 3 7.220655
6 1012 0 19.581081
6 1012 3 12.843428
6 1062 0 15.610619
6 1062 3 17.763387
6 1115 0 15.300059
6 1115 3 12.664805
6 1170 0 17.092940
6 1170 3 12.779310
6 1228 0 14.496847
6 1228 3 14.091286
6 1289 0 13.683713
6 1289 3 12.360686
6 1353 0 13.571022
6 1353 3 12.486621
6 1420 0 14.347586
6 1420 3 19.553630
6 1491 0 11.456910
6 1491 3 12.770309
6 1565 0 15.894443
6 1565 3 15.054514
6 1643 0 14.598159
6 1643 3 12.865867
6 1725 0 15.432338
6 1725 3 11.813177
6 1811 0 12.610140
6 1811 3 14.244456
6 1901 0 13.905972
6 1901 3 13.567826
6 1996 0 39.266530
6 1996 3 14.597478
7 1 3 12.124306
7 2 3 10.810885
7 3 3 10.566000
7 4 3 9.950653
7 5 0 22.151197
7 5 3 9.710212
7 6 0 21.497957
7 6 3 7.378742
7 7 0 21.948047
7 7 3 8.597882
7 8 0 23.458209
7 8 3 7.415273
7 9 0 22.567592
7 9 3 8.033567
7 10 0 24.066656
7 10 3 8.765467
7 11 0 18.984888
7 11 3 8.061778
7 12 0 18.970138
7 12 3 8.940433
7 13 0 22.115400
7 13 3 8.089686
7 14 0 18.056557
7 14 3 8.698608
7 15 0 18.286748
7 15 3 9.783494
7 16 0 16.470968
7 16 3 8.352806
7 17 0 18.577174
7 17 3 9.186500
7 18 0 16.130117
7 18 3 8.975059
7 19 0 17.202930
7 19 3 8.705707
7 20 0 15.315134
7 20 3 9.052262
7 21 0 15.632122
7 21 3 7.275223
7 22 0 18.821992
7 22 3 10.408579
7 23 0 17.358241
7 23 3 9.407821
7 24 0 19.952451
7 24 3 8.732959
7 25 0 17.587448
7 25 3 7.467939
7 26 0 30.172351
7 26 3 8.245890
7 27 0 16.327054
7 27 3 9.108645
7 28 0 14.520196
7 28 3 9.302300
7 29 0 16.915452
7 29 3 17.272235
7 30 0 14.539777
7 30 3 12.600546
7 31 0 15.870700
7 31 3 8.883479
7 32 0 16.032014
7 32 3 8.810219
7 33 0 17.563169
7 33 3 9.440029
7 34 0 15.710433
7 34 3 8.731362
7 35 0 20.348393
7 35 3 7.219423
7 36 0 15.455003
7 36 3 8.815572
7 37 0 15.987108
7 37 3 24.082824
7 38 0 16.545192
7 38 3 10.302285
7 39 0 17.585655
7 39 3 20.399526
7 40 0 22.195392
7 40 3 10.268623
7 42 0 9.953951
7 42 3 8.997995
7 44 0 15.116632
7 44 3 9.160406
7 46 0 14.795527
7 46 3 9.171615
7 48 0 14.562589
7 48 3 8.255556
7 50 0 15.738739
7 50 3 9.094024
7 52 0 18.689231
7 52 3 10.297479
7 54 0 14.255195
7 54 3 8.809253
7 56 0 30.238789
7 56 3 9.541260
7 58 0 13.243133
7 58 3 10.909170
7 60 0 15.289973
7 60 3 6.548765
7 63 0 13.155985
7 63 3 11.103387
7 66 0 16.724896
7 66 3 9.859362
7 69 0 15.313026
7 69 3 9.341011
7 72 0 18.713313
7 72 3 13.561386
7 75 0 15.602131
7 75 3 12.033320
7 78 0 15.108170
7 78 3 11.756844
7 81 0 14.390414
7 81 3 9.853000
7 85 0 13.201759
7 85 3 11.903942
7 89 0 19.439255
7 89 3 13.133363
7 93 0 16.285553
7 93 3 13.555903
7 97 0 15.627046
7 97 3 5.908666
7 101 0 17.035798
7 101 3 13.698024
7 106 0 10.105872
7 106 3 5.760287
7 111 0 20.942415
7 111 3 10.992769
7 116 0 20.363313
7 116 3 13.807502
7 121 0 12.745874
7 121 3 12.760179
7 127 0 20.532759
7 127 3 15.094617
7 133 0 12.247686
7 133 3 7.481930
7 139 0 12.355178
7 139 3 13.714158
7 145 0 17.565053
7 145 3 11.661901
7 152 0 20.427892
7 152 3 9.812362
7 159 0 17.305974
7 159 3 10.767975
7 166 0 17.302660
7 166 3 14.012436
7 174 0 20.470116
7 174 3 13.007205
7 182 0 16.542888
7 182 3 10.786712
7 191 0 21.777178
7 191 3 9.799327
7 200 0 14.077078
7 200 3 10.256013
7 210 0 11.642736
7 210 3 11.660660
7 220 0 20.367869
7 220 3 5.953370
7 231 0 13.409879
7 231 3 9.741330
7 242 0 12.302567
7 242 3 15.188106
7 254 0 13.249466
7 254 3 14.871706
7 266 0 15.458032
7 266 3 15.111426
7 279 0 12.826228
7 279 3 12.212929
7 292 0 13.207242
7 292 3 11.244927
7 306 0 15.049874
7 306 3 11.120550
7 321 0 16.141189
7 321 3 14.453183
7 337 0 12.907491
7 337 3 10.745323
7 353 0 12.118516
7 353 3 11.569191
7 370 0 20.041421
7 370 3 15.398846
7 388 0 17.558685
7 388 3 12.173563
7 407 0 11.876195
7 407 3 6.216371
7 427 0 14.170990
7 427 3 14.741152
7 448 0 8.903423
7 448 3 16.712684
7 470 0 14.362978
7 470 3 12.016975
7 493 0 13.359598
7 493 3 12.421824
7 517 0 15.058210
7 517 3 8.359566
7 542 0 16.148281
7 542 3 12.839837
7 569 0 15.057072
7 569 3 12.773629
7 597 0 16.018398
7 597 3 8.657172
7 626 0 16.239730
7 626 3 14.061523
7 657 0 18.776379
7 657 3 13.056454
7 689 0 18.562486
7 689 3 14.081912
7 723 0 16.756890
7 723 3 16.031549
7 759 0 9.719378
7 759 3 11.582331
7 796 0 17.670592
7 796 3 14.566877
7 835 0 19.956202
7 835 3 13.180019
7 876 0 15.675637
7 876 3 12.662666
7 919 0 16.400397
7 919 3 6.805956
7 964 0 27.848149
7 964 3 14.702365
7 1012 0 15.201886
7 1012 3 14.115182
7 1062 0 13.929402
7 1062 3 17.010864
7 1115 0 14.935898
7 1115 3 15.964440
7 1170 0 21.809807
7 1170 3 19.293149
7 1228 0 11.234872
7 1228 3 15.287244
7 1289 0 13.336686
7 1289 3 15.237563
7 1353 0 15.007554
7 1353 3 10.642761
7 1420 0 20.950365
7 1420 3 20.375897
7 1491 0 16.971371
7 1491 3 7.848391
7 1565 0 15.935262
7 1565 3 16.222172
7 1643 0 14.165090
7 1643 3 14.714390
7 1725 0 13.597773
7 1725 3 15.170150
7 1811 0 15.950937
7 1811 3 13.776314
7 1901 0 15.894947
7 1901 3 16.400113
7 1996 0 51.242232
7 1996 3 20.871495
8 1 3 12.882085
8 2 3 10.687208
8 3 3 9.316515
8 4 3 8.774368
8 5 0 23.594090
8 5 3 8.878412
8 6 0 20.698290
8 6 3 8.786774
8 7 0 19.061116
8 7 3 8.840127
8 8 0 22.416707
8 8 3 9.809659
8 9 0 19.766242
8 9 3 10.426802
8 10 0 18.899432
8 10 3 9.701389
8 11 0 22.358697
8 11 3 9.354108
8 12 0 17.203415
8 12 3 8.508115
8 13 0 19.721725
8 13 3 10.039461
8 14 0 21.394497
8 14 3 9.352288
8 15 0 19.663256
8 15 3 10.801229
8 16 0 15.049311
8 16 3 10.238726
8 17 0 23.166921
8 17 3 6.065511
8 18 0 15.538390
8 18 3 8.835689
8 19 0 14.592496
8 19 3 8.839666
8 20 0 16.925206
8 20 3 6.067811
8 21 0 18.444494
8 21 3 9.137473
8 22 0 25.140713
8 22 3 7.304596
8 23 0 18.314613
8 23 3 8.935762
8 24 0 20.230847
8 24 3 7.836415
8 25 0 13.491615
8 25 3 9.634227
8 26 0 18.773995
8 26 3 10.988779
8 27 0 16.523294
8 27 3 9.137126
8 28 0 16.372312
8 28 3 11.729331
8 29 0 15.022944
8 29 3 6.675694
8 30 0 15.824629
8 30 3 9.678993
8 31 0 9.755395
8 31 3 8.461989
8 32 0 16.109545
8 32 3 6.877072
8 33 0 16.165392
8 33 3 9.449813
8 34 0 16.682261
8 34 3 8.987641
8 35 0 18.679005
8 35 3 9.716341
8 36 0 15.831417
8 36 3 13.231570
8 37 0 15.766575
8 37 3 9.606078
8 38 0 15.393233
8 38 3 9.637023
8 39 0 12.839184
8 39 3 9.678633
8 40 0 17.220444
8 40 3 5.973914
8 42 0 16.311062
8 42 3 5.211047
8 44 0 15.002186
8 44 3 9.493951
8 46 0 14.539615
8 46 3 9.362927
8 48 0 15.794679
8 48 3 12.792333
8 50 0 16.641323
8 50 3 9.713080
8 52 0 17.197340
8 52 3 8.093749
8 54 0 15.978385
8 54 3 9.680210
8 56 0 16.997764
8 56 3 10.235524
8 58 0 20.754955
8 58 3 14.593268
8 60 0 15.680879
8 60 3 11.383887
8 63 0 21.767389
8 63 3 11.172047
8 66 0 16.037164
8 66 3 5.477906
8 69 0 16.668181
8 69 3 9.919950
8 72 0 22.006994
8 72 3 9.794230
8 75 0 15.157276
8 75 3 10.631969
8 78 0 21.084317
8 78 3 12.926768
8 81 0 17.623666
8 81 3 9.936705
8 85 0 18.452454
8 85 3 17.081917
8 89 0 23.389382
8 89 3 9.771038
8 93 0 25.907215
8 93 3 5.978028
8 97 0 11.148875
8 97 3 10.091385
8 101 0 20.232703
8 101 3 5.681838
8 106 0 12.208408
8 106 3 17.382894
8 111 0 18.059533
8 111 3 11.359036
8 116 0 17.707243
8 116 3 10.122894
8 121 0 15.212673
8 121 3 10.812834
8 127 0 14.180121
8 127 3 10.660131
8 133 0 13.084435
8 133 3 5.279433
8 139 0 23.531211
8 139 3 5.751925
8 145 0 22.744603
8 145 3 11.081766
8 152 0 17.320348
8 152 3 11.776794
8 159 0 16.036161
8 159 3 10.814027
8 166 0 14.675481
8 166 3 14.950967
8 174 0 21.536227
8 174 3 13.540487
8 182 0 19.676131
8 182 3 13.395495
8 191 0 21.305397
8 191 3 13.204474
8 200 0 18.193847
8 200 3 14.678546
8 210 0 22.495261
8 210 3 6.731990
8 220 0 21.735091
8 220 3 12.778075
8 231 0 19.361883
8 231 3 12.394185
8 242 0 23.395289
8 242 3 13.930735
8 254 0 21.227137
8 254 3 15.273849
8 266 0 16.179817
8 266 3 11.577186
8 279 0 16.193480
8 279 3 14.535784
8 292 0 12.836895
8 292 3 11.771759
8 306 0 16.989064
8 306 3 16.724553
8 321 0 18.387290
8 321 3 11.962501
8 337 0 14.400767
8 337 3 11.942271
8 353 0 14.224825
8 353 3 15.742020
8 370 0 16.643745
8 370 3 13.762828
8 388 0 14.708416
8 388 3 11.136300
8 407 0 16.668818
8 407 3 15.698784
8 427 0 14.944290
8 427 3 10.640293
8 448 0 15.065533
8 448 3 6.432350
8 470 0 18.734479
8 470 3 12.497688
8 493 0 13.821553
8 493 3 16.621844
8 517 0 9.766525
8 517 3 14.884509
8 542 0 18.440166
8 542 3 14.933274
8 569 0 15.246024
8 569 3 12.800910
8 597 0 13.805632
8 597 3 15.482149
8 626 0 17.976174
8 626 3 10.405324
8 657 0 21.472805
8 657 3 14.718822
8 689 0 23.613695
8 689 3 18.231222
8 723 0 15.574062
8 723 3 16.629919
8 759 0 14.234127
8 759 3 11.604387
8 796 0 22.188983
8 796 3 21.423281
8 835 0 17.945743
8 835 3 15.011296
8 876 0 26.588045
8 876 3 21.894016
8 919 0 18.950274
8 919 3 17.586211
8 964 0 18.380905
8 964 3 17.918511
8 1012 0 23.581011
8 1012 3 15.630351
8 1062 0 36.942252
8 1062 3 18.973956
8 1115 0 30.168054
8 1115 3 20.433850
8 1170 0 29.836679
8 1170 3 12.777510
8 1228 0 32.972293
8 1228 3 20.597801
8 1289 0 13.451907
8 1289 3 12.956806
8 1353 0 17.474365
8 1353 3 20.082099
8 1420 0 57.097460
8 1420 3 20.246600
8 1491 0 17.963826
8 1491 3 20.995372
8 1565 0 27.357732
8 1565 3 25.982737
8 1643 0 18.241358
8 1643 3 19.480453
8 1725 0 16.284575
8 1725 3 9.595549
8 1811 0 22.870141
8 1811 3 17.849542
8 1901 0 15.574293
8 1901 3 16.340914
8 1996 0 29.269453
8 1996 3 85.991093
9 1 3 10.202537
9 2 3 9.421133
9 3 3 9.012925
9 4 3 8.416288
9 5 0 22.699725
9 5 3 8.668927
9 6 0 20.024902
9 6 3 8.696336
9 7 0 21.461315
9 7 3 9.622334
9 8 0 42.827984
9 8 3 11.241262
9 9 0 24.880239
9 9 3 11.221466
9 10 0 14.562111
9 10 3 8.758505
9 11 0 18.779920
9 11 3 9.174939
9 12 0 15.624556
9 12 3 10.122508
9 13 0 23.867392
9 13 3 11.456237
9 14 0 16.975735
9 14 3 8.823995
9 15 0 22.101355
9 15 3 10.382316
9 16 0 17.394401
9 16 3 9.446687
9 17 0 24.324865
9 17 3 6.599109
9 18 0 19.111329
9 18 3 9.632609
9 19 0 11.211017
9 19 3 9.683489
9 20 0 20.223579
9 20 3 8.736962
9 21 0 17.649291
9 21 3 9.376097
9 22 0 26.115189
9 22 3 6.308240
9 23 0 16.236969
9 23 3 7.615179
9 24 0 25.063274
9 24 3 15.281365
9 25 0 16.663574
9 25 3 9.976978
9 26 0 13.333593
9 26 3 10.249707
9 27 0 19.317126
9 27 3 9.992636
9 28 0 22.025430
9 28 3 5.918282
9 29 0 21.741268
9 29 3 9.468165
9 30 0 18.705862
9 30 3 5.158266
9 31 0 16.433873
9 31 3 8.803889
9 32 0 15.153779
9 32 3 9.388111
9 33 0 21.588656
9 33 3 9.892183
9 34 0 23.589569
9 34 3 9.958691
9 35 0 17.050553
9 35 3 10.785842
9 36 0 16.403887
9 36 3 9.570859
9 37 0 11.717435
9 37 3 9.737799
9 38 0 19.969373
9 38 3 9.423682
9 39 0 17.095998
9 39 3 5.157652
9 40 0 18.436084
9 40 3 9.488706
9 42 0 12.848811
9 42 3 10.122669
9 44 0 21.302416
9 44 3 6.934102
9 46 0 20.875122
9 46 3 9.688576
9 48 0 16.084819
9 48 3 5.778652
9 50 0 16.397239
9 50 3 11.878869
9 52 0 21.337582
9 52 3 11.615870
9 54 0 18.889958
9 54 3 10.775683
9 56 0 12.768496
9 56 3 10.617418
9 58 0 20.361378
9 58 3 13.815699
9 60 0 16.944134
9 60 3 15.583101
9 63 0 19.680534
9 63 3 7.083466
9 66 0 29.092722
9 66 3 6.549721
9 69 0 21.304851
9 69 3 10.799673
9 72 0 24.809129
9 72 3 11.361736
9 75 0 21.891713
9 75 3 12.406857
9 78 0 21.662898
9 78 3 11.800844
9 81 0 25.762599
9 81 3 12.926450
9 85 0 24.058145
9 85 3 13.371152
9 89 0 22.532543
9 89 3 11.759329
9 93 0 29.440132
9 93 3 11.738767
9 97 0 20.876793
9 97 3 14.223266
9 101 0 24.113842
9 101 3 6.878461
9 106 0 16.903533
9 106 3 7.491429
9 111 0 14.995519
9 111 3 17.025052
9 116 0 20.626426
9 116 3 15.733291
9 121 0 17.034780
9 121 3 14.106396
9 127 0 17.749507
9 127 3 16.999718
9 133 0 36.505947
9 133 3 18.895888
9 139 0 22.113920
9 139 3 12.266261
9 145 0 42.479619
9 145 3 14.210731
9 152 0 36.179129
9 152 3 16.839264
9 159 0 22.208378
9 159 3 13.733417
9 166 0 18.773029
9 166 3 16.731027
9 174 0 29.016013
9 174 3 14.732001
9 182 0 19.223190
9 182 3 16.396338
9 191 0 25.894781
9 191 3 14.226697
9 200 0 31.705867
9 200 3 8.234403
9 210 0 19.097795
9 210 3 13.124052
9 220 0 19.437686
9 220 3 13.589846
9 231 0 19.206841
9 231 3 12.255657
9 242 0 25.043081
9 242 3 11.379576
9 254 0 28.260434
9 254 3 13.904688
9 266 0 12.602654
9 266 3 15.122342
9 279 0 22.453965
9 279 3 14.131853
9 292 0 14.042535
9 292 3 21.669640
9 306 0 21.139598
9 306 3 19.223281
9 321 0 20.009780
9 321 3 13.210052
9 337 0 15.214394
9 337 3 16.561550
9 353 0 17.778595
9 353 3 13.186171
9 370 0 20.968187
9 370 3 13.065780
9 388 0 15.326673
9 388 3 15.396834
9 407 0 15.029575
9 407 3 15.892667
9 427 0 12.266294
9 427 3 15.011606
9 448 0 18.906897
9 448 3 14.703461
9 470 0 20.667260
9 470 3 11.862540
9 493 0 14.506628
9 493 3 7.792308
9 517 0 17.998121
9 517 3 14.728347
9 542 0 10.022470
9 542 3 15.201143
9 569 0 23.293919
9 569 3 8.479089
9 597 0 16.682182
9 597 3 19.934297
9 626 0 33.838035
9 626 3 31.313290
9 657 0 41.657169
9 657 3 22.328140
9 689 0 26.604391
9 689 3 24.536391
9 723 0 36.429327
9 723 3 18.742134
9 759 0 21.165646
9 759 3 18.148808
9 796 0 31.513336
9 796 3 35.464630
9 835 0 19.424526
9 835 3 19.689007
9 876 0 51.737873
9 876 3 34.195053
9 919 0 57.565737
9 919 3 27.816709
9 964 0 81.257763
9 964 3 31.954107
9 1012 0 40.962825
9 1012 3 25.911100
9 1062 0 46.889885
9 1062 3 55.702485
9 1115 0 37.982241
9 1115 3 48.735590
9 1170 0 75.664128
9 1170 3 35.293487
9 1228 0 96.870332
9 1228 3 39.091722
9 1289 0 13.627534
9 1289 3 17.765609
9 1353 0 26.747079
9 1353 3 57.759007
9 1420 0 50.388805
9 1420 3 149.412459
9 1491 0 54.582635
9 1491 3 31.359196
9 1565 0 33.447083
9 1565 3 78.284450
9 1643 0 50.703945
9 1643 3 34.294358
9 1725 0 58.728255
9 1725 3 51.576474
9 1811 0 40.327197
9 1811 3 113.456613
9 1901 0 56.793212
9 1901 3 54.384330
9 1996 0 37.396654
9 1996 3 103.101670
10 1 3 8.843316
10 2 3 8.918187
10 3 3 9.755601
10 4 3 8.532921
10 5 0 28.309389
10 5 3 5.464614
10 6 0 29.736320
10 6 3 8.641985
10 7 0 19.210060
10 7 3 11.441651
10 8 0 32.650769
10 8 3 8.845861
10 9 0 33.473111
10 9 3 11.216576
10 10 0 23.860685
10 10 3 9.495271
10 11 0 14.608211
10 11 3 9.883815
10 12 0 25.656680
10 12 3 10.839102
10 13 0 33.190166
10 13 3 10.622321
10 14 0 18.197368
10 14 3 5.134180
10 15 0 36.390625
10 15 3 12.956846
10 16 0 19.152537
10 16 3 9.436393
10 17 0 38.931246
10 17 3 16.296459
10 18 0 15.705117
10 18 3 12.317247
10 19 0 12.589919
10 19 3 9.400390
10 20 0 19.626766
10 20 3 8.144667
10 21 0 13.242648
10 21 3 10.252682
10 22 0 26.664939
10 22 3 8.885384
10 23 0 18.794712
10 23 3 11.656571
10 24 0 33.412900
10 24 3 15.696821
10 25 0 17.207626
10 25 3 10.207832
10 26 0 21.182990
10 26 3 14.147416
10 27 0 24.389375
10 27 3 11.599803
10 28 0 18.242157
10 28 3 15.768533
10 29 0 25.062053
10 29 3 8.472610
10 30 0 19.548753
10 30 3 10.181045
10 31 0 14.515518
10 31 3 10.233815
10 32 0 18.807447
10 32 3 7.298431
10 33 0 12.707158
10 33 3 10.767693
10 34 0 21.227116
10 34 3 12.612301
10 35 0 18.936223
10 35 3 14.410737
10 36 0 21.209053
10 36 3 8.964490
10 37 0 18.629810
10 37 3 7.011921
10 38 0 20.262566
10 38 3 12.083619
10 39 0 19.641534
10 39 3 11.061801
10 40 0 18.637142
10 40 3 15.379414
10 42 0 12.882864
10 42 3 11.203564
10 44 0 18.703056
10 44 3 12.848849
10 46 0 19.215120
10 46 3 10.395570
10 48 0 15.671739
10 48 3 15.846755
10 50 0 20.568620
10 50 3 12.092872
10 52 0 26.946266
10 52 3 13.454674
10 54 0 12.466265
10 54 3 10.463184
10 56 0 16.526201
10 56 3 6.206110
10 58 0 18.324499
10 58 3 13.738567
10 60 0 31.369953
10 60 3 13.632848
10 63 0 26.263147
10 63 3 20.245110
10 66 0 29.580959
10 66 3 13.584325
10 69 0 26.207271
10 69 3 13.275456
10 72 0 27.243133
10 72 3 14.944727
10 75 0 14.599302
10 75 3 21.470121
10 78 0 18.087301
10 78 3 21.453678
10 81 0 28.169728
10 81 3 19.249593
10 85 0 31.504212
10 85 3 12.577097
10 89 0 52.322122
10 89 3 20.892878
10 93 0 29.957642
10 93 3 23.569889
10 97 0 26.391841
10 97 3 13.390243
10 101 0 17.824241
10 101 3 14.830559
10 106 0 26.951672
10 106 3 18.142483
10 111 0 26.984707
10 111 3 21.443785
10 116 0 45.520420
10 116 3 21.272138
10 121 0 23.300091
10 121 3 14.158465
10 127 0 25.429503
10 127 3 15.859410
10 133 0 27.844644
10 133 3 15.707750
10 139 0 20.799010
10 139 3 15.634522
10 145 0 13.792346
10 145 3 20.835406
10 152 0 26.939396
10 152 3 23.216497
10 159 0 22.713924
10 159 3 22.360123
10 166 0 37.359562
10 166 3 23.399530
10 174 0 29.445297
10 174 3 14.455847
10 182 0 45.811496
10 182 3 21.738128
10 191 0 33.803387
10 191 3 19.650606
10 200 0 44.833586
10 200 3 21.076135
10 210 0 27.278666
10 210 3 19.766949
10 220 0 22.589942
10 220 3 18.602016
10 231 0 21.199522
10 231 3 17.081053
10 242 0 29.544099
10 242 3 31.709652
10 254 0 29.421809
10 254 3 20.782403
10 266 0 20.347229
10 266 3 21.837693
10 279 0 31.864507
10 279 3 23.185123
10 292 0 27.100732
10 292 3 20.130603
10 306 0 47.276728
10 306 3 24.173751
10 321 0 26.423196
10 321 3 16.853968
10 337 0 18.368321
10 337 3 15.136784
10 353 0 17.011353
10 353 3 20.432683
10 370 0 31.982607
10 370 3 27.177828
10 388 0 20.267350
10 388 3 17.184272
10 407 0 23.644933
10 407 3 19.489994
10 427 0 21.273984
10 427 3 12.177477
10 448 0 40.013062
10 448 3 39.445626
10 470 0 15.854633
10 470 3 18.209978
10 493 0 22.079541
10 493 3 19.644659
10 517 0 22.234270
10 517 3 18.151220
10 542 0 20.378714
10 542 3 18.980106
10 569 0 28.916197
10 569 3 24.535726
10 597 0 36.086011
10 597 3 59.780882
10 626 0 32.997679
10 626 3 59.548300
10 657 0 33.401418
10 657 3 85.255638
10 689 0 92.041913
10 689 3 104.370182
10 723 0 87.231082
10 723 3 99.455836
10 759 0 47.545664
10 759 3 50.825483
10 796 0 68.014037
10 796 3 190.211923
10 835 0 34.019754
10 835 3 26.596261
10 876 0 46.352989
10 876 3 167.745586
10 919 0 40.903332
10 919 3 130.360677
10 964 0 63.142356
10 964 3 225.246329
10 1012 0 48.337175
10 1012 3 116.960076
10 1062 0 55.592172
10 1062 3 222.753177
10 1115 0 74.812013
10 1115 3 203.410639
10 1170 0 58.247103
10 1170 3 242.949475
10 1228 0 86.927852
10 1228 3 274.185518
10 1289 0 60.419242
10 1289 3 56.965500
10 1353 0 35.099329
10 1353 3 118.724414
10 1420 0 52.783435
10 1420 3 193.942644
10 1491 0 41.207127
10 1491 3 141.115105
10 1565 0 32.014488
10 1565 3 135.991123
10 1643 0 38.428602
10 1643 3 138.006961
10 1725 0 48.126189
10 1725 3 147.130139
10 1811 0 43.675712
10 1811 3 167.225172
10 1901 0 32.852414
10 1901 3 181.203467
10 1996 0 44.307326
10 1996 3 146.304140
11 1 3 8.726160
11 2 3 9.014149
11 3 3 8.729708
11 4 3 10.386036
11 5 0 32.575435
11 5 3 5.855377
11 6 0 36.105495
11 6 3 10.275085
11 7 0 27.833240
11 7 3 11.018249
11 8 0 90.504344
11 8 3 21.548924
11 9 0 50.415688
11 9 3 15.097995
11 10 0 21.419792
11 10 3 11.662362
11 11 0 23.976449
11 11 3 10.302196
11 12 0 25.579603
11 12 3 13.565797
11 13 0 27.777585
11 13 3 12.314932
11 14 0 23.741957
11 14 3 5.028915
11 15 0 62.141105
11 15 3 14.269476
11 16 0 17.029618
11 16 3 15.171361
11 17 0 40.799901
11 17 3 15.398277
11 18 0 23.604576
11 18 3 9.993244
11 19 0 27.877777
11 19 3 12.107374
11 20 0 45.546282
11 20 3 12.251110
11 21 0 29.688201
11 21 3 18.416396
11 22 0 38.195131
11 22 3 13.693252
11 23 0 25.252606
11 23 3 11.882367
11 24 0 32.537157
11 24 3 31.873991
11 25 0 21.065417
11 25 3 15.317978
11 26 0 28.064462
11 26 3 12.083678
11 27 0 18.545621
11 27 3 8.755519
11 28 0 21.279885
11 28 3 12.204570
11 29 0 20.013156
11 29 3 14.551344
11 30 0 26.818576
11 30 3 12.073008
11 31 0 20.310817
11 31 3 12.290242
11 32 0 19.763196
11 32 3 12.427067
11 33 0 27.882267
11 33 3 13.810321
11 34 0 19.959038
11 34 3 12.676537
11 35 0 22.101134
11 35 3 10.184046
11 36 0 20.834525
11 36 3 12.428661
11 37 0 20.863412
11 37 3 9.221878
11 38 0 29.423445
11 38 3 13.872689
11 39 0 29.258327
11 39 3 14.062822
11 40 0 40.383010
11 40 3 12.625839
11 42 0 33.534924
11 42 3 14.553458
11 44 0 26.930479
11 44 3 12.654997
11 46 0 17.739741
11 46 3 12.681280
11 48 0 14.094149
11 48 3 9.949496
11 50 0 30.554248
11 50 3 11.083959
11 52 0 27.305237
11 52 3 14.681026
11 54 0 26.351125
11 54 3 15.337032
11 56 0 21.924715
11 56 3 7.953850
11 58 0 34.439109
11 58 3 15.896719
11 60 0 33.436105
11 60 3 12.539479
11 63 0 27.112829
11 63 3 16.915233
11 66 0 49.311001
11 66 3 25.634846
11 69 0 36.877848
11 69 3 12.685525
11 72 0 36.800045
11 72 3 16.734630
11 75 0 39.144271
11 75 3 21.498219
11 78 0 40.954376
11 78 3 23.803045
11 81 0 19.909680
11 81 3 21.125535
11 85 0 35.101109
11 85 3 15.369222
11 89 0 75.002952
11 89 3 20.414193
11 93 0 36.029403
11 93 3 34.913592
11 97 0 34.413835
11 97 3 10.860399
11 101 0 47.225122
11 101 3 22.410036
11 106 0 55.413958
11 106 3 24.143505
11 111 0 69.653075
11 111 3 26.463706
11 116 0 138.800216
11 116 3 24.129949
11 121 0 53.653520
11 121 3 23.794206
11 127 0 43.566355
11 127 3 22.557433
11 133 0 34.272353
11 133 3 18.706000
11 139 0 34.918944
11 139 3 20.265501
11 145 0 34.729478
11 145 3 18.449782
11 152 0 38.607880
11 152 3 25.990591
11 159 0 44.625006
11 159 3 25.445923
11 166 0 81.118873
11 166 3 34.170352
11 174 0 31.301576
11 174 3 22.544335
11 182 0 60.649714
11 182 3 25.047573
11 191 0 47.593144
11 191 3 30.140347
11 200 0 55.239059
11 200 3 29.794319
11 210 0 35.680887
11 210 3 23.909844
11 220 0 31.829527
11 220 3 18.096264
11 231 0 26.502092
11 231 3 25.522806
11 242 0 76.615222
11 242 3 25.342812
11 254 0 107.888206
11 254 3 52.194048
11 266 0 84.862244
11 266 3 62.113543
11 279 0 90.526073
11 279 3 57.247866
11 292 0 31.040943
11 292 3 66.050266
11 306 0 61.706689
11 306 3 65.946532
11 321 0 28.436179
11 321 3 59.194081
11 337 0 41.419450
11 337 3 18.747138
11 353 0 30.353147
11 353 3 70.785765
11 370 0 68.183472
11 370 3 83.058298
11 388 0 24.938983
11 388 3 24.825911
11 407 0 27.938217
11 407 3 79.742604
11 427 0 54.855770
11 427 3 85.063610
11 448 0 41.136044
11 448 3 203.344724
11 470 0 44.433944
11 470 3 57.300389
11 493 0 26.660046
11 493 3 75.983357
11 517 0 56.266649
11 517 3 94.015419
11 542 0 66.133662
11 542 3 140.283321
11 569 0 49.180930
11 569 3 103.038867
11 597 0 44.879224
11 597 3 145.920700
11 626 0 43.394330
11 626 3 137.479870
11 657 0 75.384480
11 657 3 171.346882
11 689 0 68.419893
11 689 3 266.993885
11 723 0 57.272279
11 723 3 287.144207
11 759 0 39.085950
11 759 3 137.311347
11 796 0 65.452051
11 796 3 223.230475
11 835 0 39.916178
11 835 3 132.936904
11 876 0 64.682927
11 876 3 201.889802
11 919 0 61.269337
11 919 3 211.031840
11 964 0 66.036100
11 964 3 193.998734
11 1012 0 91.253843
11 1012 3 224.913854
11 1062 0 73.931945
11 1062 3 199.435346
11 1115 0 91.489938
11 1115 3 238.217488
11 1170 0 78.326665
11 1170 3 241.867808
11 1228 0 58.753175
11 1228 3 267.944104
11 1289 0 30.764694
11 1289 3 182.474469
11 1353 0 60.714700
11 1353 3 173.683190
11 1420 0 61.490798
11 1420 3 213.709820
11 1491 0 44.670258
11 1491 3 170.633472
11 1565 0 68.995099
11 1565 3 207.922438
11 1643 0 38.074876
11 1643 3 153.531758
11 1725 0 55.699837
11 1725 3 171.346877
11 1811 0 69.401532
11 1811 3 176.848132
11 1901 0 53.031249
11 1901 3 156.787798
11 1996 0 57.637112
11 1996 3 170.282009
12 1 3 8.624672
12 2 3 9.018191
12 3 3 9.189528
12 4 3 10.456714
12 5 0 88.855818
12 5 3 18.340402
12 6 0 64.997670
12 6 3 10.167570
12 7 0 51.957655
12 7 3 12.879426
12 8 0 166.228705
12 8 3 17.291260
12 9 0 87.063888
12 9 3 19.479484
12 10 0 29.719391
12 10 3 16.486341
12 11 0 35.331031
12 11 3 12.145301
12 12 0 31.382854
12 12 3 7.772220
12 13 0 46.684529
12 13 3 8.271656
12 14 0 45.218524
12 14 3 12.268524
12 15 0 36.285780
12 15 3 25.659667
12 16 0 26.197632
12 16 3 13.867672
12 17 0 58.803677
12 17 3 10.165338
12 18 0 34.982112
12 18 3 9.981307
12 19 0 30.437996
12 19 3 10.731742
12 20 0 55.930036
12 20 3 21.113166
12 21 0 30.033080
12 21 3 16.540988
12 22 0 61.456063
12 22 3 20.422575
12 23 0 28.897678
12 23 3 8.367184
12 24 0 132.915501
12 24 3 12.697764
12 25 0 26.226387
12 25 3 11.549579
12 26 0 36.489136
12 26 3 18.913384
12 27 0 23.127138
12 27 3 6.312831
12 28 0 33.733402
12 28 3 14.423244
12 29 0 27.879311
12 29 3 13.266154
12 30 0 22.187907
12 30 3 16.603433
12 31 0 24.060192
12 31 3 17.857291
12 32 0 36.746916
12 32 3 26.422391
12 33 0 18.938992
12 33 3 16.195980
12 34 0 29.064770
12 34 3 16.849845
12 35 0 23.620061
12 35 3 12.276914
12 36 0 17.255448
12 36 3 11.517066
12 37 0 24.229161
12 37 3 6.348602
12 38 0 19.577857
12 38 3 15.731619
12 39 0 27.589959
12 39 3 27.169730
12 40 0 30.018516
12 40 3 23.037689
12 42 0 25.117142
12 42 3 17.406996
12 44 0 55.179538
12 44 3 16.803103
12 46 0 31.574534
12 46 3 6.998884
12 48 0 21.564593
12 48 3 19.632476
12 50 0 18.427313
12 50 3 14.842279
12 52 0 59.495022
12 52 3 18.275301
12 54 0 27.958344
12 54 3 17.850927
12 56 0 37.925558
12 56 3 8.624432
12 58 0 44.207959
12 58 3 31.090488
12 60 0 35.105046
12 60 3 25.501993
12 63 0 56.208477
12 63 3 29.688908
12 66 0 49.418271
12 66 3 35.004629
12 69 0 51.011757
12 69 3 21.053980
12 72 0 116.035740
12 72 3 29.127898
12 75 0 50.850753
12 75 3 31.203959
12 78 0 56.415753
12 78 3 45.245441
12 81 0 112.185998
12 81 3 25.450189
12 85 0 88.727060
12 85 3 25.163745
12 89 0 41.283450
12 89 3 39.410064
12 93 0 178.746672
12 93 3 68.466329
12 97 0 50.131931
12 97 3 22.915693
12 101 0 89.773392
12 101 3 33.790414
12 106 0 75.797899
12 106 3 26.777860
12 111 0 48.862342
12 111 3 52.201004
12 116 0 61.565221
12 116 3 56.011712
12 121 0 68.686440
12 121 3 26.903088
12 127 0 81.553907
12 127 3 47.074846
12 133 0 60.022430
12 133 3 41.641072
12 139 0 49.874685
12 139 3 38.420953
12 145 0 109.310385
12 145 3 40.620600
12 152 0 66.429032
12 152 3 54.692491
12 159 0 92.712879
12 159 3 74.009183
12 166 0 77.515618
12 166 3 201.724310
12 174 0 79.310459
12 174 3 80.327171
12 182 0 70.377480
12 182 3 131.413880
12 191 0 56.185046
12 191 3 86.117739
12 200 0 93.349703
12 200 3 151.236137
12 210 0 45.821673
12 210 3 110.793249
12 220 0 63.995973
12 220 3 162.951264
12 231 0 42.385362
12 231 3 145.037231
12 242 0 60.815809
12 242 3 189.163467
12 254 0 76.843641
12 254 3 217.532178
12 266 0 39.088015
12 266 3 199.494211
12 279 0 95.204622
12 279 3 210.511552
12 292 0 61.334177
12 292 3 147.064003
12 306 0 66.763814
12 306 3 222.570126
12 321 0 39.848476
12 321 3 87.133951
12 337 0 77.839930
12 337 3 151.408868
12 353 0 43.837341
12 353 3 88.072812
12 370 0 59.951015
12 370 3 222.712421
12 388 0 28.814624
12 388 3 87.070895
12 407 0 62.639242
12 407 3 117.359173
12 427 0 81.573502
12 427 3 207.814052
12 448 0 52.876015
12 448 3 147.657532
12 470 0 46.478523
12 470 3 124.988330
12 493 0 35.715296
12 493 3 112.710928
12 517 0 49.563126
12 517 3 179.959180
12 542 0 50.022338
12 542 3 161.794335
12 569 0 34.307107
12 569 3 184.135109
12 597 0 51.871570
12 597 3 150.801658
12 626 0 98.441534
12 626 3 218.508831
12 657 0 80.988385
12 657 3 248.114661
12 689 0 67.443075
12 689 3 236.369957
12 723 0 58.889508
12 723 3 226.193705
12 759 0 67.952048
12 759 3 164.492153
12 796 0 42.705049
12 796 3 225.230389
12 835 0 58.655315
12 835 3 218.777244
12 876 0 53.719481
12 876 3 255.644360
12 919 0 83.330426
12 919 3 243.969449
12 964 0 76.833613
12 964 3 209.681429
12 1012 0 93.948386
12 1012 3 252.427803
12 1062 0 85.624046
12 1062 3 229.388559
12 1115 0 75.264168
12 1115 3 256.481728
12 1170 0 67.916871
12 1170 3 247.473297
12 1228 0 62.544260
12 1228 3 247.900268
12 1289 0 49.282200
12 1289 3 196.943919
12 1353 0 61.020786
12 1353 3 185.027794
12 1420 0 89.494744
12 1420 3 235.513908
12 1491 0 58.415820
12 1491 3 187.687360
12 1565 0 64.141398
12 1565 3 230.313235
12 1643 0 57.657353
12 1643 3 190.305765
12 1725 0 55.079582
12 1725 3 165.066819
12 1811 0 56.985549
12 1811 3 196.037576
12 1901 0 51.389647
12 1901 3 218.409034
12 1996 0 58.827760
12 1996 3 212.472723
13 1 3 8.699096
13 2 3 9.719669
13 3 3 9.464535
13 4 3 9.959088
13 5 0 140.145715
13 5 3 36.467259
13 6 0 51.365473
13 6 3 22.267564
13 7 0 66.277214
13 7 3 15.356636
13 8 0 119.655828
13 8 3 58.873629
13 9 0 70.361295
13 9 3 60.943012
13 10 0 33.153094
13 10 3 6.628945
13 11 0 40.917619
13 11 3 12.749411
13 12 0 26.598139
13 12 3 12.971277
13 13 0 79.085811
13 13 3 24.354713
13 14 0 47.706285
13 14 3 16.691637
13 15 0 54.511455
13 15 3 30.842409
13 16 0 50.417378
13 16 3 20.748508
13 17 0 186.185823
13 17 3 26.235558
13 18 0 34.125196
13 18 3 14.652099
13 19 0 41.107384
13 19 3 14.806639
13 20 0 35.582982
13 20 3 37.513441
13 21 0 32.973711
13 21 3 14.650479
13 22 0 57.347450
13 22 3 30.778789
13 23 0 26.639117
13 23 3 22.574282
13 24 0 63.695873
13 24 3 43.237439
13 25 0 37.462735
13 25 3 18.187889
13 26 0 92.853605
13 26 3 45.550470
13 27 0 27.719939
13 27 3 9.327145
13 28 0 62.405009
13 28 3 32.161242
13 29 0 33.818562
13 29 3 41.578984
13 30 0 33.697627
13 30 3 10.042405
13 31 0 26.636267
13 31 3 18.101158
13 32 0 72.793687
13 32 3 29.276298
13 33 0 50.193232
13 33 3 9.605206
13 34 0 78.863387
13 34 3 32.090178
13 35 0 31.389773
13 35 3 32.389883
13 36 0 26.557768
13 36 3 15.356114
13 37 0 29.425970
13 37 3 17.954673
13 38 0 31.974230
13 38 3 21.975199
13 39 0 33.415092
13 39 3 30.659727
13 40 0 32.888273
13 40 3 19.396792
13 42 0 66.000108
13 42 3 14.422449
13 44 0 81.617462
13 44 3 64.283640
13 46 0 35.368657
13 46 3 18.898038
13 48 0 32.756995
13 48 3 46.245739
13 50 0 70.844904
13 50 3 24.067599
13 52 0 170.478163
13 52 3 134.069437
13 54 0 30.435050
13 54 3 18.197431
13 56 0 30.122946
13 56 3 24.364926
13 58 0 207.095024
13 58 3 44.368938
13 60 0 161.297198
13 60 3 51.772663
13 63 0 49.145254
13 63 3 46.423013
13 66 0 178.385875
13 66 3 43.375728
13 69 0 127.103721
13 69 3 41.840635
13 72 0 88.935028
13 72 3 161.173632
13 75 0 129.102253
13 75 3 54.229363
13 78 0 97.179852
13 78 3 105.967406
13 81 0 90.167293
13 81 3 181.288189
13 85 0 126.368740
13 85 3 183.976772
13 89 0 90.073852
13 89 3 140.975131
13 93 0 70.363403
13 93 3 161.977891
13 97 0 49.309015
13 97 3 97.659721
13 101 0 79.564421
13 101 3 95.314953
13 106 0 77.936642
13 106 3 93.198025
13 111 0 52.693420
13 111 3 96.725159
13 116 0 93.047412
13 116 3 180.418936
13 121 0 80.598346
13 121 3 213.737963
13 127 0 101.209826
13 127 3 164.699649
13 133 0 94.269800
13 133 3 185.286818
13 139 0 86.319639
13 139 3 140.904091
13 145 0 83.952586
13 145 3 208.145561
13 152 0 98.300364
13 152 3 181.163519
13 159 0 101.969971
13 159 3 196.410831
13 166 0 100.068922
13 166 3 207.469991
13 174 0 109.395895
13 174 3 171.141653
13 182 0 105.547046
13 182 3 228.068812
13 191 0 103.103525
13 191 3 188.174340
13 200 0 90.346480
13 200 3 226.257221
13 210 0 45.394890
13 210 3 145.026575
13 220 0 83.919980
13 220 3 205.775823
13 231 0 52.600337
13 231 3 119.493036
13 242 0 90.850225
13 242 3 219.136438
13 254 0 98.944670
13 254 3 230.407253
13 266 0 60.118463
13 266 3 127.901647
13 279 0 78.643551
13 279 3 187.995561
13 292 0 66.136922
13 292 3 148.183408
13 306 0 95.892066
13 306 3 233.729121
13 321 0 67.379370
13 321 3 152.778039
13 337 0 69.094743
13 337 3 135.401961
13 353 0 73.042073
13 353 3 184.206103
13 370 0 69.567760
13 370 3 239.540255
13 388 0 51.023695
13 388 3 164.368116
13 407 0 67.973547
13 407 3 213.169417
13 427 0 60.955749
13 427 3 196.974709
13 448 0 79.227026
13 448 3 200.749887
13 470 0 50.530821
13 470 3 190.307240
13 493 0 58.439421
13 493 3 186.611562
13 517 0 57.327540
13 517 3 187.418182
13 542 0 60.327466
13 542 3 202.842098
13 569 0 64.090568
13 569 3 185.080415
13 597 0 54.046994
13 597 3 179.554906
13 626 0 92.854981
13 626 3 248.134190
13 657 0 102.131945
13 657 3 249.405846
13 689 0 101.231164
13 689 3 235.217844
13 723 0 73.388440
13 723 3 293.446338
13 759 0 58.450996
13 759 3 134.399155
13 796 0 80.882554
13 796 3 273.319346
13 835 0 90.680961
13 835 3 256.717390
13 876 0 81.457188
13 876 3 247.579059
13 919 0 92.505323
13 919 3 282.997870
13 964 0 81.647531
13 964 3 259.403679
13 1012 0 91.828588
13 1012 3 297.255021
13 1062 0 101.801204
13 1062 3 232.761183
13 1115 0 75.598648
13 1115 3 264.909033
13 1170 0 89.657451
13 1170 3 288.703758
13 1228 0 88.506419
13 1228 3 232.552273
13 1289 0 76.080397
13 1289 3 201.608092
13 1353 0 67.719513
13 1353 3 193.498394
13 1420 0 126.197754
13 1420 3 257.474655
13 1491 0 73.255313
13 1491 3 202.595451
13 1565 0 113.341766
13 1565 3 260.695056
13 1643 0 61.058326
13 1643 3 205.323281
13 1725 0 72.442233
13 1725 3 215.513868
13 1811 0 78.234116
13 1811 3 205.374438
13 1901 0 71.888787
13 1901 3 194.392060
13 1996 0 66.010232
13 1996 3 197.042510
14 1 3 9.359031
14 2 3 10.635894
14 3 3 11.872279
14 4 3 12.455182
14 5 0 114.652307
14 5 3 31.301057
14 6 0 107.942062
14 6 3 17.057651
14 7 0 57.574265
14 7 3 15.203280
14 8 0 213.825734
14 8 3 38.032179
14 9 0 124.745498
14 9 3 42.913203
14 10 0 53.498949
14 10 3 15.565543
14 11 0 157.164045
14 11 3 37.760316
14 12 0 143.937515
14 12 3 16.822553
14 13 0 305.938567
14 13 3 38.482236
14 14 0 72.023255
14 14 3 17.780765
14 15 0 63.366728
14 15 3 24.238757
14 16 0 54.801774
14 16 3 32.039273
14 17 0 88.962499
14 17 3 41.940346
14 18 0 81.531554
14 18 3 14.086052
14 19 0 99.034937
14 19 3 31.478491
14 20 0 122.009249
14 20 3 23.547818
14 21 0 77.608266
14 21 3 36.292581
14 22 0 69.710796
14 22 3 38.824602
14 23 0 46.126757
14 23 3 21.984824
14 24 0 103.321166
14 24 3 36.047224
14 25 0 74.000668
14 25 3 23.282535
14 26 0 59.792556
14 26 3 64.642896
14 27 0 82.821248
14 27 3 23.417265
14 28 0 157.868999
14 28 3 31.164367
14 29 0 61.024801
14 29 3 47.732394
14 30 0 99.637511
14 30 3 70.244317
14 31 0 57.005144
14 31 3 50.038080
14 32 0 75.491988
14 32 3 137.094942
14 33 0 60.856321
14 33 3 58.316861
14 34 0 78.596086
14 34 3 81.363072
14 35 0 63.255233
14 35 3 46.503203
14 36 0 91.720978
14 36 3 32.623721
14 37 0 47.671706
14 37 3 52.043228
14 38 0 71.063142
14 38 3 58.561886
14 39 0 118.704522
14 39 3 69.459157
14 40 0 51.790756
14 40 3 47.728424
14 42 0 111.535380
14 42 3 184.838122
14 44 0 64.590155
14 44 3 169.834906
14 46 0 46.786930
14 46 3 59.902155
14 48 0 69.911509
14 48 3 80.488313
14 50 0 78.658354
14 50 3 83.981373
14 52 0 151.579426
14 52 3 228.348039
14 54 0 50.412541
14 54 3 63.463728
14 56 0 64.736409
14 56 3 123.756953
14 58 0 108.578650
14 58 3 215.977533
14 60 0 112.167631
14 60 3 242.833700
14 63 0 68.711968
14 63 3 122.897541
14 66 0 109.399388
14 66 3 246.234798
14 69 0 148.920340
14 69 3 268.591962
14 72 0 86.102730
14 72 3 209.840852
14 75 0 94.259681
14 75 3 191.734159
14 78 0 84.505246
14 78 3 206.357426
14 81 0 89.107395
14 81 3 187.960889
14 85 0 132.467951
14 85 3 189.863469
14 89 0 88.404664
14 89 3 166.262294
14 93 0 126.046776
14 93 3 175.344910
14 97 0 90.821445
14 97 3 186.889222
14 101 0 98.144384
14 101 3 211.831008
14 106 0 86.029274
14 106 3 172.237889
14 111 0 87.152020
14 111 3 149.658542
14 116 0 120.186370
14 116 3 208.723403
14 121 0 86.665693
14 121 3 214.318976
14 127 0 131.420811
14 127 3 264.985465
14 133 0 108.560452
14 133 3 232.343549
14 139 0 98.226170
14 139 3 236.694801
14 145 0 112.652122
14 145 3 247.586484
14 152 0 132.326312
14 152 3 255.140278
14 159 0 86.767625
14 159 3 245.426491
14 166 0 126.115927
14 166 3 244.565178
14 174 0 97.975436
14 174 3 241.950381
14 182 0 123.586934
14 182 3 262.881350
14 191 0 115.122123
14 191 3 269.063774
14 200 0 124.133694
14 200 3 260.266196
14 210 0 120.873538
14 210 3 214.356941
14 220 0 148.986154
14 220 3 220.714776
14 231 0 86.566661
14 231 3 165.123078
14 242 0 122.004504
14 242 3 269.818675
14 254 0 123.992327
14 254 3 251.664375
14 266 0 101.650587
14 266 3 207.853029
14 279 0 100.997361
14 279 3 232.838926
14 292 0 81.911159
14 292 3 195.804042
14 306 0 107.619171
14 306 3 241.923539
14 321 0 81.917695
14 321 3 178.257986
14 337 0 87.000154
14 337 3 191.973895
14 353 0 88.592546
14 353 3 178.109400
14 370 0 119.726231
14 370 3 235.700253
14 388 0 86.152521
14 388 3 187.341181
14 407 0 74.601363
14 407 3 198.995960
14 427 0 86.035515
14 427 3 189.410173
14 448 0 64.662800
14 448 3 234.379587
14 470 0 81.544593
14 470 3 175.216417
14 493 0 64.319881
14 493 3 200.900401
14 517 0 88.800248
14 517 3 192.753441
14 542 0 73.337212
14 542 3 188.727242
14 569 0 79.775354
14 569 3 182.953797
14 597 0 71.012629
14 597 3 208.016086
14 626 0 144.227821
14 626 3 275.280365
14 657 0 115.090767
14 657 3 235.258340
14 689 0 101.405419
14 689 3 253.920310
14 723 0 144.887468
14 723 3 307.036653
14 759 0 74.730294
14 759 3 189.653768
14 796 0 158.583972
14 796 3 304.975683
14 835 0 161.298975
14 835 3 284.857298
14 876 0 139.237167
14 876 3 276.660867
14 919 0 106.750674
14 919 3 296.912852
14 964 0 138.917877
14 964 3 343.034765
14 1012 0 142.114251
14 1012 3 308.960306
15 1 3 10.056140
15 2 3 12.077513
15 3 3 12.899575
15 4 3 13.772787
15 5 0 187.371467
15 5 3 38.736359
15 6 0 153.926565
15 6 3 47.311647
15 7 0 117.486983
15 7 3 19.231573
15 8 0 291.991362
15 8 3 83.866019
15 9 0 230.602482
15 9 3 25.394102
15 10 0 123.329031
15 10 3 29.089660
15 11 0 167.010503
15 11 3 68.335781
15 12 0 86.404869
15 12 3 43.791227
15 13 0 224.071821
15 13 3 195.230269
15 14 0 85.229240
15 14 3 68.581713
15 15 0 177.934670
15 15 3 70.172055
15 16 0 134.768475
15 16 3 82.006167
15 17 0 191.225059
15 17 3 76.981500
15 18 0 162.403461
15 18 3 180.353260
15 19 0 111.381760
15 19 3 83.725691
15 20 0 144.169205
15 20 3 127.098122
15 21 0 143.276626
15 21 3 81.693362
15 22 0 106.616204
15 22 3 66.339931
15 23 0 82.725462
15 23 3 94.061177
15 24 0 142.369699
15 24 3 89.739915
15 25 0 156.087792
15 25 3 113.230646
15 26 0 99.776402
15 26 3 134.143247
15 27 0 100.249279
15 27 3 117.444540
15 28 0 140.919255
15 28 3 169.898040
15 29 0 72.447010
15 29 3 102.692447
15 30 0 131.981993
15 30 3 137.476880
15 31 0 109.297888
15 31 3 102.125585
15 32 0 121.511499
15 32 3 127.103531
15 33 0 84.533720
15 33 3 114.494475
15 34 0 128.479373
15 34 3 133.872214
15 35 0 146.610077
15 35 3 89.638145
15 36 0 92.741692
15 36 3 183.482774
15 37 0 101.222612
15 37 3 91.276795
15 38 0 141.656083
15 38 3 134.232836
15 39 0 124.344417
15 39 3 159.605963
15 40 0 125.520365
15 40 3 86.552154
15 42 0 120.595451
15 42 3 135.871256
15 44 0 84.110929
15 44 3 124.416491
15 46 0 97.243392
15 46 3 102.326782
15 48 0 110.685353
15 48 3 165.939161
15 50 0 107.713084
15 50 3 183.842062
15 52 0 118.379045
15 52 3 268.974244
15 54 0 94.270139
15 54 3 104.632629
15 56 0 59.998172
15 56 3 115.704943
15 58 0 144.824201
15 58 3 238.158920
15 60 0 141.725319
15 60 3 210.816088
15 63 0 137.439810
15 63 3 208.714510
15 66 0 178.931888
15 66 3 245.066333
15 69 0 170.454485
15 69 3 228.969640
15 72 0 167.302219
15 72 3 220.109398
15 75 0 130.710907
15 75 3 245.586821
15 78 0 169.978993
15 78 3 233.277360
15 81 0 149.704372
15 81 3 224.221269
15 85 0 135.712721
15 85 3 234.527744
15 89 0 153.076273
15 89 3 217.247504
15 93 0 207.457071
15 93 3 228.337030
15 97 0 147.413227
15 97 3 228.070606
15 101 0 142.882162
15 101 3 234.375277
15 106 0 154.026575
15 106 3 235.866084
15 111 0 149.921170
15 111 3 271.255499
15 116 0 168.291256
15 116 3 236.968034
15 121 0 180.051480
15 121 3 247.938611
15 127 0 166.625422
15 127 3 236.038025
15 133 0 151.245842
15 133 3 268.898108
15 139 0 151.933919
15 139 3 243.702896
15 145 0 173.927313
15 145 3 263.532263
15 152 0 193.308927
15 152 3 256.429207
15 159 0 160.606347
15 159 3 212.546184
15 166 0 184.254922
15 166 3 249.812774
15 174 0 136.595270
15 174 3 272.450641
15 182 0 206.284349
15 182 3 245.359587
15 191 0 188.320784
15 191 3 259.706344
15 200 0 178.284989
15 200 3 262.540599
15 210 0 170.407987
15 210 3 273.002033
15 220 0 163.264811
15 220 3 272.442660
15 231 0 85.946846
15 231 3 191.010472
15 242 0 178.599779
15 242 3 300.896932
15 254 0 162.392917
15 254 3 263.433538
15 266 0 98.883175
15 266 3 220.824361
15 279 0 149.509820
15 279 3 299.244217
15 292 0 100.522778
15 292 3 191.058512
15 306 0 168.167732
15 306 3 285.032756
15 321 0 94.911466
15 321 3 201.145394
15 337 0 101.897118
15 337 3 203.216161
15 353 0 105.119553
15 353 3 211.249409
15 370 0 198.062685
15 370 3 233.617658
15 388 0 99.502207
15 388 3 202.425016
15 407 0 123.126947
15 407 3 220.153348
15 427 0 112.675724
15 427 3 231.410598
15 448 0 101.728119
15 448 3 201.058333
15 470 0 145.070839
15 470 3 187.241952
15 493 0 98.560045
15 493 3 202.785500
16 1 3 12.254195
16 2 3 14.697315
16 3 3 15.549344
16 4 3 16.934304
16 5 0 192.951923
16 5 3 61.309087
16 6 0 188.213479
16 6 3 125.654197
16 7 0 236.955015
16 7 3 43.939875
16 8 0 289.822333
16 8 3 143.837971
16 9 0 230.012213
16 9 3 144.411519
16 10 0 96.828161
16 10 3 47.144751
16 11 0 122.633318
16 11 3 107.587480
16 12 0 164.550563
16 12 3 86.761490
16 13 0 284.804668
16 13 3 216.640941
16 14 0 175.967283
16 14 3 135.860399
16 15 0 265.323410
16 15 3 153.961514
16 16 0 135.649748
16 16 3 141.241935
16 17 0 247.742470
16 17 3 149.776239
16 18 0 155.448928
16 18 3 182.805899
16 19 0 146.336555
16 19 3 121.702093
16 20 0 143.611998
16 20 3 153.190552
16 21 0 108.162453
16 21 3 145.770861
16 22 0 214.060733
16 22 3 230.074836
16 23 0 204.421117
16 23 3 135.627996
16 24 0 197.258372
16 24 3 193.465123
16 25 0 150.962088
16 25 3 115.368129
16 26 0 166.796136
16 26 3 120.468694
16 27 0 147.474425
16 27 3 169.511210
16 28 0 135.841572
16 28 3 167.285209
16 29 0 195.293573
16 29 3 157.429307
16 30 0 212.507375
16 30 3 152.843970
16 31 0 151.833635
16 31 3 133.988433
16 32 0 143.777603
16 32 3 181.471284
16 33 0 135.122849
16 33 3 109.796532
16 34 0 187.073172
16 34 3 145.890186
16 35 0 156.130217
16 35 3 164.563304
16 36 0 147.041075
16 36 3 179.865106
16 37 0 123.786240
16 37 3 175.688344
16 38 0 164.399531
16 38 3 155.407519
16 39 0 168.676931
16 39 3 178.753895
16 40 0 186.482488
16 40 3 160.512538
16 42 0 148.834288
16 42 3 165.245542
16 44 0 156.009670
16 44 3 175.471685
16 46 0 172.206489
16 46 3 148.070117
16 48 0 144.085257
16 48 3 202.976806
16 50 0 149.816991
16 50 3 173.574795
16 52 0 175.311255
16 52 3 274.274409
16 54 0 215.150001
16 54 3 172.454184
16 56 0 159.197287
16 56 3 127.245654
16 58 0 232.634033
16 58 3 263.540762
16 60 0 236.747794
16 60 3 249.889549
16 63 0 244.166709
16 63 3 246.449401
16 66 0 217.971427
16 66 3 236.121397
16 69 0 265.606104
16 69 3 236.459292
16 72 0 233.272305
16 72 3 233.969038
16 75 0 237.609903
16 75 3 244.011604
16 78 0 214.553008
16 78 3 275.123784
16 81 0 243.153441
16 81 3 251.683880
16 85 0 244.271154
16 85 3 280.464001
16 89 0 310.440192
16 89 3 245.648711
16 93 0 273.876004
16 93 3 264.627258
16 97 0 264.466384
16 97 3 247.588740
16 101 0 254.099213
16 101 3 232.219758
16 106 0 259.323016
16 106 3 291.490573
16 111 0 230.594046
16 111 3 259.769614
16 116 0 260.268210
16 116 3 282.280851
16 121 0 240.714069
16 121 3 261.626904
16 127 0 294.180044
16 127 3 274.274026
16 133 0 263.443521
16 133 3 280.569245
16 139 0 224.293674
16 139 3 260.879077
16 145 0 274.184073
16 145 3 268.429889
16 152 0 321.443430
16 152 3 269.383134
16 159 0 293.553011
16 159 3 310.641423
16 166 0 264.956905
16 166 3 279.711089
16 174 0 260.084985
16 174 3 275.268856
16 182 0 236.702052
16 182 3 261.585308
16 191 0 273.152483
16 191 3 342.425907
16 200 0 244.262647
16 200 3 251.236597
16 210 0 282.024892
16 210 3 343.712942
16 220 0 298.801616
16 220 3 309.881632
16 231 0 189.161784
16 231 3 203.554175
16 242 0 307.353859
16 242 3 329.624593
16 254 0 260.669336
16 254 3 315.021806
