4 1 3 13.843333
4 2 3 9.642529
4 3 3 11.829975
4 4 3 9.855846
4 5 0 53.240718
4 5 3 11.060504
4 6 0 45.026852
4 6 3 10.378873
4 7 0 39.251332
4 7 3 7.981920
4 8 0 35.738758
4 8 3 10.355219
4 9 0 33.983647
4 9 3 10.120989
4 10 0 32.230952
4 10 3 10.193723
4 11 0 29.418776
4 11 3 9.975866
4 12 0 25.841124
4 12 3 10.295495
4 13 0 24.806134
4 13 3 10.484475
4 14 0 23.827001
4 14 3 12.052233
4 15 0 24.045611
4 15 3 10.163425
4 16 0 20.599698
4 16 3 10.017627
4 17 0 26.913136
4 17 3 8.775152
4 18 0 25.670009
4 18 3 9.992639
4 19 0 26.398422
4 19 3 8.195415
4 20 0 26.227113
4 20 3 9.833028
4 21 0 24.154504
4 21 3 11.129886
4 22 0 21.901472
4 22 3 9.840811
4 23 0 21.682785
4 23 3 9.686973
4 24 0 22.383352
4 24 3 9.916693
4 25 0 17.176531
4 25 3 11.731474
4 26 0 20.148459
4 26 3 9.904785
4 27 0 19.959483
4 27 3 9.216618
4 28 0 18.056949
4 28 3 9.836812
4 29 0 18.822382
4 29 3 9.941699
4 30 0 17.240180
4 30 3 9.976119
4 31 0 17.445707
4 31 3 8.514092
4 32 0 16.201180
4 32 3 8.551860
4 33 0 16.675677
4 33 3 10.102361
4 34 0 15.346991
4 34 3 9.864686
4 35 0 15.622016
4 35 3 9.959578
4 36 0 15.940891
4 36 3 9.982088
4 37 0 15.873812
4 37 3 9.954490
4 38 0 14.327058
4 38 3 9.907328
4 39 0 14.065961
4 39 3 9.893541
4 40 0 14.746024
4 40 3 10.260476
4 42 0 14.429512
4 42 3 7.395919
4 44 0 15.705086
4 44 3 7.403949
4 46 0 14.093982
4 46 3 7.526319
4 48 0 14.555239
4 48 3 7.335414
4 50 0 15.610973
4 50 3 8.336472
4 52 0 14.074883
4 52 3 7.893034
4 54 0 14.769519
4 54 3 7.826790
4 56 0 13.842071
4 56 3 7.738735
4 58 0 13.664414
4 58 3 7.449781
4 60 0 14.663578
4 60 3 7.591466
4 63 0 13.714458
4 63 3 7.664457
4 66 0 13.542785
4 66 3 7.354343
4 69 0 12.829464
4 69 3 7.092942
4 72 0 12.321414
4 72 3 6.989182
4 75 0 13.071202
4 75 3 6.937736
4 78 0 12.555865
4 78 3 6.693669
4 81 0 13.079564
4 81 3 6.739575
4 85 0 12.578690
4 85 3 6.756111
4 89 0 11.361683
4 89 3 6.682576
4 93 0 12.839421
4 93 3 6.849972
4 97 0 11.638380
4 97 3 6.677706
4 101 0 15.205443
4 101 3 7.119028
4 106 0 12.167962
4 106 3 6.524196
4 111 0 13.728900
4 111 3 6.631295
4 116 0 10.858355
4 116 3 6.220819
4 121 0 9.899474
4 121 3 6.143095
4 127 0 9.806314
4 127 3 5.971418
4 133 0 9.753535
4 133 3 5.979650
4 139 0 9.939844
4 139 3 5.925807
4 145 0 9.742337
4 145 3 5.887286
4 152 0 12.517478
4 152 3 6.715106
4 159 0 11.843309
4 159 3 6.119586
4 166 0 10.539042
4 166 3 5.928716
4 174 0 10.144517
4 174 3 5.986532
4 182 0 9.095700
4 182 3 5.812375
4 191 0 9.239038
4 191 3 5.522835
4 200 0 9.253559
4 200 3 5.645546
4 210 0 9.536615
4 210 3 5.969014
4 220 0 9.320927
4 220 3 5.629279
4 231 0 9.044680
4 231 3 5.877225
4 242 0 11.896911
4 242 3 6.470625
4 254 0 11.383169
4 254 3 6.379119
4 266 0 11.808165
4 266 3 6.628012
4 279 0 11.359007
4 279 3 6.468593
4 292 0 9.563906
4 292 3 5.790916
4 306 0 10.660503
4 306 3 6.549874
4 321 0 10.235244
4 321 3 6.179091
4 337 0 11.423679
4 337 3 6.450620
4 353 0 10.755576
4 353 3 6.725333
4 370 0 11.785430
4 370 3 6.590869
4 388 0 9.769751
4 388 3 5.750264
4 407 0 11.428516
4 407 3 6.203338
4 427 0 9.463136
4 427 3 5.616092
4 448 0 10.265118
4 448 3 5.942360
4 470 0 9.466088
4 470 3 5.623300
4 493 0 11.236075
4 493 3 6.228271
4 517 0 10.759046
4 517 3 5.923886
4 542 0 10.104075
4 542 3 6.058463
4 569 0 10.435303
4 569 3 6.141495
4 597 0 9.537125
4 597 3 6.053639
4 626 0 9.281708
4 626 3 5.744732
4 657 0 9.408507
4 657 3 5.687966
4 689 0 9.052151
4 689 3 5.765498
4 723 0 9.737352
4 723 3 5.950543
4 759 0 11.297254
4 759 3 6.551064
4 796 0 9.495416
4 796 3 5.703343
4 835 0 9.210458
4 835 3 5.591373
4 876 0 11.018125
4 876 3 6.651306
4 919 0 8.861942
4 919 3 5.769100
4 964 0 10.633221
4 964 3 6.118917
4 1012 0 9.000486
4 1012 3 5.470948
4 1062 0 8.961110
4 1062 3 5.637809
4 1115 0 9.333032
4 1115 3 5.971618
4 1170 0 8.634897
4 1170 3 5.424862
4 1228 0 8.697501
4 1228 3 5.545721
4 1289 0 9.071863
4 1289 3 5.855327
4 1353 0 9.877053
4 1353 3 6.273116
4 1420 0 9.078917
4 1420 3 5.932512
4 1491 0 10.030039
4 1491 3 6.083212
4 1565 0 8.559635
4 1565 3 5.472622
4 1643 0 10.146287
4 1643 3 6.464589
4 1725 0 8.337234
4 1725 3 5.251901
4 1811 0 10.789061
4 1811 3 6.451319
4 1901 0 8.916284
4 1901 3 5.789531
4 1996 0 8.346415
4 1996 3 5.300145
5 1 3 10.737935
5 2 3 8.724778
5 3 3 8.471393
5 4 3 7.983206
5 5 0 51.631354
5 5 3 8.223687
5 6 0 39.964072
5 6 3 7.670960
5 7 0 38.119970
5 7 3 7.339486
5 8 0 32.124385
5 8 3 7.597789
5 9 0 27.835710
5 9 3 7.531752
5 10 0 27.095971
5 10 3 7.291545
5 11 0 25.509390
5 11 3 7.521965
5 12 0 21.767303
5 12 3 7.215785
5 13 0 20.316430
5 13 3 7.277929
5 14 0 18.934088
5 14 3 10.025548
5 15 0 19.256483
5 15 3 7.291085
5 16 0 16.935799
5 16 3 7.092194
5 17 0 17.055191
5 17 3 7.166576
5 18 0 16.168540
5 18 3 7.215517
5 19 0 17.203927
5 19 3 7.236590
5 20 0 16.507839
5 20 3 7.285862
5 21 0 15.370625
5 21 3 7.218232
5 22 0 14.726553
5 22 3 7.138600
5 23 0 14.069965
5 23 3 7.195536
5 24 0 14.149287
5 24 3 7.344641
5 25 0 16.034820
5 25 3 8.977952
5 26 0 13.714205
5 26 3 7.130078
5 27 0 14.027142
5 27 3 7.474511
5 28 0 12.463423
5 28 3 7.227799
5 29 0 13.359283
5 29 3 7.031670
5 30 0 12.439333
5 30 3 6.885917
5 31 0 12.923354
5 31 3 6.781175
5 32 0 11.793385
5 32 3 6.711740
5 33 0 12.871664
5 33 3 6.845790
5 34 0 12.349458
5 34 3 6.582197
5 35 0 12.239902
5 35 3 6.564416
5 36 0 12.735236
5 36 3 6.652619
5 37 0 12.356925
5 37 3 6.569825
5 38 0 11.949699
5 38 3 6.511407
5 39 0 11.886505
5 39 3 6.376297
5 40 0 12.019302
5 40 3 6.439878
5 42 0 12.527241
5 42 3 6.536775
5 44 0 11.760571
5 44 3 6.482051
5 46 0 11.910003
5 46 3 6.483074
5 48 0 11.454068
5 48 3 6.329168
5 50 0 12.868008
5 50 3 6.769943
5 52 0 12.081530
5 52 3 6.527136
5 54 0 12.026126
5 54 3 6.401923
5 56 0 12.074675
5 56 3 6.298906
5 58 0 11.624500
5 58 3 6.247249
5 60 0 11.821354
5 60 3 6.283051
5 63 0 11.112573
5 63 3 6.132792
5 66 0 11.016218
5 66 3 6.275703
5 69 0 10.823025
5 69 3 6.010386
5 72 0 10.970823
5 72 3 5.962512
5 75 0 12.342638
5 75 3 6.467601
5 78 0 10.887571
5 78 3 6.249342
5 81 0 11.087711
5 81 3 6.050333
5 85 0 10.483591
5 85 3 5.775457
5 89 0 9.784274
5 89 3 5.885675
5 93 0 12.000464
5 93 3 6.112787
5 97 0 10.953510
5 97 3 6.073695
5 101 0 12.031505
5 101 3 6.522814
5 106 0 10.359415
5 106 3 6.288431
5 111 0 11.436102
5 111 3 6.194527
5 116 0 9.442972
5 116 3 5.796404
5 121 0 9.153515
5 121 3 5.398252
5 127 0 9.421085
5 127 3 5.601807
5 133 0 8.976629
5 133 3 5.482776
5 139 0 9.067356
5 139 3 5.408861
5 145 0 9.024383
5 145 3 5.443348
5 152 0 10.313779
5 152 3 5.963631
5 159 0 10.664179
5 159 3 6.221275
5 166 0 9.341072
5 166 3 5.693410
5 174 0 9.401039
5 174 3 5.601004
5 182 0 8.789777
5 182 3 5.392511
5 191 0 8.918533
5 191 3 5.513005
5 200 0 8.608195
5 200 3 5.631369
5 210 0 8.850275
5 210 3 5.579729
5 220 0 8.523660
5 220 3 5.289474
5 231 0 8.916163
5 231 3 5.519702
5 242 0 11.206222
5 242 3 6.510513
5 254 0 10.819978
5 254 3 6.436020
5 266 0 10.155114
5 266 3 6.272900
5 279 0 10.874666
5 279 3 6.332307
5 292 0 8.742409
5 292 3 5.515106
5 306 0 9.972430
5 306 3 5.994213
5 321 0 10.640890
5 321 3 5.870528
5 337 0 10.634780
5 337 3 6.167113
5 353 0 10.371886
5 353 3 6.272269
5 370 0 10.116650
5 370 3 6.096478
5 388 0 9.459382
5 388 3 5.651624
5 407 0 10.376354
5 407 3 6.402680
5 427 0 9.031576
5 427 3 5.575836
5 448 0 10.006457
5 448 3 5.987118
5 470 0 9.499915
5 470 3 5.584472
5 493 0 10.254225
5 493 3 6.231120
5 517 0 10.097637
5 517 3 6.143379
5 542 0 9.015666
5 542 3 5.836249
5 569 0 10.190921
5 569 3 6.178641
5 597 0 9.706058
5 597 3 5.954001
5 626 0 8.893162
5 626 3 5.531022
5 657 0 9.596463
5 657 3 5.799111
5 689 0 9.098361
5 689 3 5.615769
5 723 0 9.174280
5 723 3 5.683861
5 759 0 11.498959
5 759 3 6.543632
5 796 0 8.963520
5 796 3 5.724702
5 835 0 9.081847
5 835 3 5.636680
5 876 0 10.454223
5 876 3 6.397201
5 919 0 9.020671
5 919 3 5.625765
5 964 0 9.718074
5 964 3 6.457006
5 1012 0 9.186682
5 1012 3 5.830217
5 1062 0 8.908153
5 1062 3 5.621764
5 1115 0 9.123986
5 1115 3 6.452540
5 1170 0 8.698060
5 1170 3 5.944537
5 1228 0 8.798678
5 1228 3 6.568570
5 1289 0 9.208570
5 1289 3 6.883665
5 1353 0 10.574138
5 1353 3 8.365131
5 1420 0 9.108517
5 1420 3 7.540905
5 1491 0 9.590691
5 1491 3 8.405636
5 1565 0 8.717562
5 1565 3 7.134950
5 1643 0 9.652588
5 1643 3 9.223014
5 1725 0 8.491660
5 1725 3 6.803277
5 1811 0 10.336239
5 1811 3 9.615564
5 1901 0 8.849258
5 1901 3 7.795347
5 1996 0 8.704234
5 1996 3 6.853761
6 1 3 8.960900
6 2 3 8.108559
6 3 3 8.388897
6 4 3 7.445458
6 5 0 27.047629
6 5 3 7.652604
6 6 0 25.564869
6 6 3 7.469678
6 7 0 23.429979
6 7 3 7.553615
6 8 0 20.997063
6 8 3 7.383129
6 9 0 19.738956
6 9 3 7.323900
6 10 0 18.314118
6 10 3 7.242787
6 11 0 16.867529
6 11 3 7.451968
6 12 0 14.893128
6 12 3 7.213893
6 13 0 15.139237
6 13 3 7.237493
6 14 0 17.271081
6 14 3 8.931164
6 15 0 14.195355
6 15 3 7.036624
6 16 0 12.769812
6 16 3 6.834379
6 17 0 13.356030
6 17 3 6.664860
6 18 0 13.292537
6 18 3 6.654579
6 19 0 15.230204
6 19 3 6.683907
6 20 0 14.010358
6 20 3 6.635416
6 21 0 13.330748
6 21 3 6.484895
6 22 0 12.927216
6 22 3 6.284215
6 23 0 12.052070
6 23 3 6.313941
6 24 0 12.229101
6 24 3 6.302460
6 25 0 15.520624
6 25 3 8.331617
6 26 0 11.532113
6 26 3 6.087320
6 27 0 11.787396
6 27 3 6.088416
6 28 0 10.873087
6 28 3 5.977239
6 29 0 11.342591
6 29 3 5.939730
6 30 0 10.619253
6 30 3 5.807824
6 31 0 10.729534
6 31 3 5.857900
6 32 0 10.075959
6 32 3 5.722856
6 33 0 11.363771
6 33 3 5.862266
6 34 0 10.864725
6 34 3 5.705761
6 35 0 10.835171
6 35 3 5.683598
6 36 0 11.143864
6 36 3 5.732718
6 37 0 10.921183
6 37 3 5.748943
6 38 0 10.554215
6 38 3 5.729187
6 39 0 10.509458
6 39 3 5.541346
6 40 0 10.402987
6 40 3 5.701880
6 42 0 10.849338
6 42 3 5.830311
6 44 0 10.583929
6 44 3 5.823049
6 46 0 10.680378
6 46 3 5.840173
6 48 0 9.947452
6 48 3 5.775203
6 50 0 10.942181
6 50 3 6.121158
6 52 0 11.247156
6 52 3 5.815172
6 54 0 10.426832
6 54 3 5.912587
6 56 0 10.309749
6 56 3 5.947776
6 58 0 9.872626
6 58 3 5.779398
6 60 0 10.001010
6 60 3 5.768257
6 63 0 10.338096
6 63 3 5.727194
6 66 0 10.924815
6 66 3 5.675843
6 69 0 11.190739
6 69 3 5.884732
6 72 0 10.973210
6 72 3 5.862228
6 75 0 9.643756
6 75 3 5.920737
6 78 0 9.872920
6 78 3 5.770889
6 81 0 10.006979
6 81 3 5.691105
6 85 0 9.427215
6 85 3 5.626363
6 89 0 9.264522
6 89 3 5.541949
6 93 0 10.800381
6 93 3 6.339188
6 97 0 10.122709
6 97 3 5.905089
6 101 0 10.761397
6 101 3 5.994340
6 106 0 8.714487
6 106 3 5.565576
6 111 0 10.084098
6 111 3 6.005839
6 116 0 8.614064
6 116 3 5.190529
6 121 0 9.038657
6 121 3 5.361178
6 127 0 9.291184
6 127 3 5.698240
6 133 0 8.604641
6 133 3 5.244797
6 139 0 8.411832
6 139 3 5.246664
6 145 0 9.460161
6 145 3 5.234706
6 152 0 10.150176
6 152 3 6.242729
6 159 0 9.683099
6 159 3 6.026401
6 166 0 8.905754
6 166 3 5.424691
6 174 0 8.484788
6 174 3 5.578093
6 182 0 8.478774
6 182 3 5.429445
6 191 0 8.656690
6 191 3 5.255534
6 200 0 8.693875
6 200 3 5.435711
6 210 0 8.551294
6 210 3 5.302592
6 220 0 8.586789
6 220 3 5.361144
6 231 0 8.555854
6 231 3 5.527813
6 242 0 10.247264
6 242 3 6.313329
6 254 0 9.867438
6 254 3 6.133719
6 266 0 10.135964
6 266 3 6.111603
6 279 0 10.213013
6 279 3 6.075948
6 292 0 8.661124
6 292 3 5.402871
6 306 0 11.215562
6 306 3 6.212052
6 321 0 11.139597
6 321 3 6.575374
6 337 0 10.789315
6 337 3 6.136755
6 353 0 10.637134
6 353 3 6.525587
6 370 0 10.655795
6 370 3 6.412171
6 388 0 9.041763
6 388 3 5.556712
6 407 0 10.891659
6 407 3 6.272949
6 427 0 9.036257
6 427 3 5.565209
6 448 0 10.380270
6 448 3 6.259931
6 470 0 9.381773
6 470 3 5.776634
6 493 0 10.678918
6 493 3 5.988189
6 517 0 9.504130
6 517 3 6.119501
6 542 0 9.129299
6 542 3 5.499173
6 569 0 9.835479
6 569 3 7.080678
6 597 0 10.195316
6 597 3 6.945997
6 626 0 8.992226
6 626 3 6.237716
6 657 0 9.616224
6 657 3 7.204561
6 689 0 9.532097
6 689 3 7.332009
6 723 0 9.267749
6 723 3 7.495475
6 759 0 11.922451
6 759 3 10.298304
6 796 0 9.427053
6 796 3 7.340598
6 835 0 9.552889
6 835 3 7.149356
6 876 0 10.644954
6 876 3 8.395187
6 919 0 9.781388
6 919 3 7.657251
6 964 0 11.402165
6 964 3 9.549596
6 1012 0 9.623785
6 1012 3 7.789857
6 1062 0 9.414849
6 1062 3 7.934245
6 1115 0 9.083411
6 1115 3 7.319057
6 1170 0 9.601514
6 1170 3 7.449722
6 1228 0 9.480898
6 1228 3 7.817049
6 1289 0 9.876745
6 1289 3 8.156763
6 1353 0 11.876853
6 1353 3 10.121789
6 1420 0 9.894499
6 1420 3 7.647238
6 1491 0 11.354728
6 1491 3 9.480795
6 1565 0 9.209215
6 1565 3 7.478133
6 1643 0 11.604738
6 1643 3 9.465323
6 1725 0 10.023214
6 1725 3 7.575371
6 1811 0 11.587476
6 1811 3 10.601547
6 1901 0 9.261507
6 1901 3 7.206524
6 1996 0 9.422507
6 1996 3 7.729608
7 1 3 9.202030
7 2 3 7.489847
7 3 3 7.636284
7 4 3 7.412358
7 5 0 19.992113
7 5 3 7.495622
7 6 0 18.752795
7 6 3 7.423260
7 7 0 17.476586
7 7 3 7.357969
7 8 0 16.083244
7 8 3 7.021324
7 9 0 16.711610
7 9 3 6.829237
7 10 0 15.651206
7 10 3 6.516027
7 11 0 14.641124
7 11 3 6.397329
7 12 0 13.514308
7 12 3 6.251526
7 13 0 13.368747
7 13 3 6.191302
7 14 0 13.895718
7 14 3 8.725922
7 15 0 12.659413
7 15 3 6.036183
7 16 0 11.146357
7 16 3 5.884379
7 17 0 11.971166
7 17 3 5.719600
7 18 0 11.829067
7 18 3 5.712514
7 19 0 12.746749
7 19 3 5.937373
7 20 0 12.272541
7 20 3 5.855152
7 21 0 11.106559
7 21 3 5.736252
7 22 0 11.637493
7 22 3 5.706386
7 23 0 10.829635
7 23 3 5.575071
7 24 0 10.778983
7 24 3 5.610847
7 25 0 20.360341
7 25 3 8.574667
7 26 0 10.458632
7 26 3 5.524231
7 27 0 10.965323
7 27 3 5.651800
7 28 0 9.932077
7 28 3 5.417849
7 29 0 10.784061
7 29 3 5.560094
7 30 0 9.638393
7 30 3 5.321844
7 31 0 10.064230
7 31 3 5.358956
7 32 0 9.371358
7 32 3 5.301918
7 33 0 10.586919
7 33 3 5.400550
7 34 0 10.154885
7 34 3 5.313752
7 35 0 10.244527
7 35 3 5.265623
7 36 0 10.138990
7 36 3 5.346994
7 37 0 10.124981
7 37 3 5.376578
7 38 0 10.027856
7 38 3 5.345565
7 39 0 9.658168
7 39 3 5.217738
7 40 0 9.738221
7 40 3 5.326690
7 42 0 10.271109
7 42 3 5.548282
7 44 0 10.066894
7 44 3 5.468810
7 46 0 9.991072
7 46 3 5.517652
7 48 0 9.333295
7 48 3 5.469607
7 50 0 11.383875
7 50 3 5.525349
7 52 0 11.093700
7 52 3 5.524981
7 54 0 10.863094
7 54 3 5.633901
7 56 0 10.818125
7 56 3 5.621573
7 58 0 10.478494
7 58 3 5.730440
7 60 0 10.883751
7 60 3 5.790519
7 63 0 10.532880
7 63 3 5.866240
7 66 0 10.919274
7 66 3 6.051833
7 69 0 10.136831
7 69 3 5.878425
7 72 0 9.704689
7 72 3 5.999688
7 75 0 9.561615
7 75 3 5.512925
7 78 0 9.386963
7 78 3 5.433176
7 81 0 9.588196
7 81 3 5.627014
7 85 0 9.962072
7 85 3 5.459580
7 89 0 9.432170
7 89 3 5.461755
7 93 0 10.247938
7 93 3 6.328468
7 97 0 8.767616
7 97 3 5.552622
7 101 0 10.232699
7 101 3 5.894566
7 106 0 8.568062
7 106 3 5.075698
7 111 0 10.041182
7 111 3 5.930742
7 116 0 8.750646
7 116 3 5.333831
7 121 0 9.084766
7 121 3 5.598060
7 127 0 9.286810
7 127 3 5.596881
7 133 0 9.271736
7 133 3 5.423801
7 139 0 9.107708
7 139 3 5.483948
7 145 0 9.126836
7 145 3 5.611255
7 152 0 9.634861
7 152 3 6.046162
7 159 0 9.953702
7 159 3 5.894591
7 166 0 8.263862
7 166 3 5.192577
7 174 0 8.207688
7 174 3 5.051938
7 182 0 8.892275
7 182 3 5.382084
7 191 0 8.637576
7 191 3 5.378368
7 200 0 8.475925
7 200 3 5.375483
7 210 0 8.609465
7 210 3 5.418387
7 220 0 8.560830
7 220 3 5.115791
7 231 0 8.702404
7 231 3 5.204610
7 242 0 10.896152
7 242 3 6.198560
7 254 0 10.682690
7 254 3 5.967701
7 266 0 10.078938
7 266 3 6.526350
7 279 0 10.984588
7 279 3 6.334404
7 292 0 9.365601
7 292 3 6.025609
7 306 0 10.673455
7 306 3 8.319799
7 321 0 11.254568
7 321 3 8.259181
7 337 0 11.816110
7 337 3 8.377170
7 353 0 12.880256
7 353 3 9.196616
7 370 0 12.025634
7 370 3 8.507228
7 388 0 9.986396
7 388 3 7.320389
7 407 0 11.498113
7 407 3 9.106279
7 427 0 10.164801
7 427 3 7.319144
7 448 0 12.510419
7 448 3 8.819193
7 470 0 10.442399
7 470 3 7.949111
7 493 0 11.639354
7 493 3 9.058593
7 517 0 11.598401
7 517 3 9.088909
7 542 0 9.371754
7 542 3 7.152523
7 569 0 12.043712
7 569 3 8.668784
7 597 0 11.895923
7 597 3 9.142885
7 626 0 9.639976
7 626 3 7.158277
7 657 0 9.752476
7 657 3 7.658801
7 689 0 10.404994
7 689 3 8.433735
7 723 0 9.483925
7 723 3 7.351036
7 759 0 11.251930
7 759 3 9.485281
7 796 0 10.130452
7 796 3 7.850485
7 835 0 9.856162
7 835 3 7.817537
7 876 0 11.313955
7 876 3 9.777560
7 919 0 10.070232
7 919 3 8.767603
7 964 0 12.248753
7 964 3 9.986599
7 1012 0 10.069205
7 1012 3 7.910058
7 1062 0 9.644296
7 1062 3 7.588903
7 1115 0 9.381379
7 1115 3 7.299849
7 1170 0 10.679789
7 1170 3 8.616323
7 1228 0 9.965527
7 1228 3 7.653424
7 1289 0 10.024641
7 1289 3 8.532972
7 1353 0 13.212888
7 1353 3 11.319200
7 1420 0 10.477350
7 1420 3 8.776751
7 1491 0 11.858318
7 1491 3 11.141655
7 1565 0 10.155134
7 1565 3 8.655222
7 1643 0 13.194374
7 1643 3 10.896462
7 1725 0 10.425543
7 1725 3 9.184378
7 1811 0 12.065755
7 1811 3 10.425324
7 1901 0 9.374018
7 1901 3 8.442116
7 1996 0 9.664885
7 1996 3 8.902303
8 1 3 10.655225
8 2 3 7.392681
8 3 3 7.410655
8 4 3 6.976743
8 5 0 17.170782
8 5 3 6.617004
8 6 0 16.432292
8 6 3 6.338188
8 7 0 15.907868
8 7 3 6.143316
8 8 0 14.790476
8 8 3 6.028859
8 9 0 15.158012
8 9 3 5.961683
8 10 0 14.418966
8 10 3 5.905050
8 11 0 13.736958
8 11 3 5.826349
8 12 0 12.726225
8 12 3 5.711161
8 13 0 12.688940
8 13 3 5.696798
8 14 0 11.434816
8 14 3 5.468371
8 15 0 12.121093
8 15 3 5.628618
8 16 0 10.350863
8 16 3 5.573621
8 17 0 11.502564
8 17 3 5.362739
8 18 0 11.057462
8 18 3 5.314152
8 19 0 12.148070
8 19 3 5.556584
8 20 0 11.764519
8 20 3 5.540539
8 21 0 10.680670
8 21 3 5.309158
8 22 0 11.264698
8 22 3 5.458495
8 23 0 10.495381
8 23 3 5.275892
8 24 0 10.183749
8 24 3 5.263009
8 25 0 10.142605
8 25 3 5.251722
8 26 0 9.833490
8 26 3 5.167840
8 27 0 10.536748
8 27 3 5.420264
8 28 0 9.591283
8 28 3 5.179953
8 29 0 10.438278
8 29 3 5.443665
8 30 0 9.481872
8 30 3 5.119781
8 31 0 9.667090
8 31 3 5.175942
8 32 0 8.865016
8 32 3 5.109096
8 33 0 10.125389
8 33 3 5.118458
8 34 0 9.942449
8 34 3 5.110308
8 35 0 9.890995
8 35 3 5.140670
8 36 0 9.806676
8 36 3 5.120477
8 37 0 9.686465
8 37 3 5.113103
8 38 0 9.681718
8 38 3 5.138573
8 39 0 9.454699
8 39 3 5.069642
8 40 0 9.419383
8 40 3 5.153207
8 42 0 9.905487
8 42 3 5.368485
8 44 0 9.615239
8 44 3 5.303768
8 46 0 9.681354
8 46 3 5.361205
8 48 0 8.928811
8 48 3 5.274872
8 50 0 10.983850
8 50 3 5.847000
8 52 0 11.303231
8 52 3 5.877799
8 54 0 10.701980
8 54 3 5.725351
8 56 0 10.545645
8 56 3 5.980475
8 58 0 10.386005
8 58 3 5.872331
8 60 0 10.002132
8 60 3 5.974991
8 63 0 9.622371
8 63 3 5.971423
8 66 0 9.571930
8 66 3 5.527327
8 69 0 9.708416
8 69 3 5.346327
8 72 0 9.391099
8 72 3 5.366366
8 75 0 9.900314
8 75 3 5.672252
8 78 0 9.990485
8 78 3 5.656205
8 81 0 10.325297
8 81 3 5.668452
8 85 0 9.655882
8 85 3 5.704332
8 89 0 9.849703
8 89 3 5.584666
8 93 0 9.949648
8 93 3 6.170012
8 97 0 8.950545
8 97 3 4.989338
8 101 0 10.382385
8 101 3 5.949763
8 106 0 8.997972
8 106 3 5.205067
8 111 0 10.259242
8 111 3 5.842168
8 116 0 9.389658
8 116 3 5.408016
8 121 0 9.091349
8 121 3 5.627228
8 127 0 8.736257
8 127 3 5.320400
8 133 0 9.388623
8 133 3 5.482787
8 139 0 9.358100
8 139 3 5.496461
8 145 0 9.256839
8 145 3 6.044102
8 152 0 10.928261
8 152 3 6.894430
8 159 0 10.986730
8 159 3 7.142500
8 166 0 9.167051
8 166 3 5.900042
8 174 0 8.943980
8 174 3 6.445071
8 182 0 9.185658
8 182 3 6.639403
8 191 0 9.051323
8 191 3 6.391541
8 200 0 9.014501
8 200 3 6.422239
8 210 0 9.617973
8 210 3 6.367770
8 220 0 9.351795
8 220 3 6.929085
8 231 0 9.434981
8 231 3 6.789894
8 242 0 11.614947
8 242 3 9.202891
8 254 0 12.509340
8 254 3 9.886864
8 266 0 12.002896
8 266 3 8.972254
8 279 0 12.780502
8 279 3 10.206500
8 292 0 10.049756
8 292 3 7.739492
8 306 0 11.293086
8 306 3 8.695124
8 321 0 11.798994
8 321 3 9.401723
8 337 0 11.591190
8 337 3 9.565152
8 353 0 13.181923
8 353 3 10.588181
8 370 0 12.216194
8 370 3 10.467824
8 388 0 9.984308
8 388 3 7.798559
8 407 0 12.029324
8 407 3 10.227941
8 427 0 10.563067
8 427 3 8.133097
8 448 0 11.982567
8 448 3 10.261098
8 470 0 10.130196
8 470 3 8.129634
8 493 0 12.360965
8 493 3 10.190113
8 517 0 11.250570
8 517 3 9.722088
8 542 0 9.593457
8 542 3 7.388160
8 569 0 12.699965
8 569 3 9.939974
8 597 0 11.940460
8 597 3 9.001715
8 626 0 10.271606
8 626 3 8.315499
8 657 0 10.211291
8 657 3 7.968672
8 689 0 10.317165
8 689 3 7.959086
8 723 0 9.730184
8 723 3 7.540986
8 759 0 12.893527
8 759 3 9.581839
8 796 0 10.201749
8 796 3 8.786106
8 835 0 10.559058
8 835 3 8.544217
8 876 0 13.053619
8 876 3 10.107464
8 919 0 9.924379
8 919 3 8.972105
8 964 0 13.349453
8 964 3 11.336016
8 1012 0 10.970210
8 1012 3 10.168793
8 1062 0 10.632124
8 1062 3 9.798487
8 1115 0 9.964616
8 1115 3 9.095840
8 1170 0 11.501782
8 1170 3 11.187881
8 1228 0 10.428378
8 1228 3 11.046430
8 1289 0 11.218063
8 1289 3 10.693413
8 1353 0 14.290267
8 1353 3 16.767442
8 1420 0 11.143082
8 1420 3 11.903030
8 1491 0 14.026892
8 1491 3 14.466409
8 1565 0 10.810181
8 1565 3 12.875512
8 1643 0 13.741021
8 1643 3 16.343573
8 1725 0 10.949331
8 1725 3 10.785426
8 1811 0 12.409318
8 1811 3 13.173787
8 1901 0 10.021186
8 1901 3 10.657596
8 1996 0 10.616921
8 1996 3 10.427559
9 1 3 8.209168
9 2 3 6.986641
9 3 3 6.347669
9 4 3 6.086151
9 5 0 15.755574
9 5 3 5.831642
9 6 0 15.377906
9 6 3 5.723711
9 7 0 14.981628
9 7 3 5.703909
9 8 0 14.027277
9 8 3 5.632997
9 9 0 14.271911
9 9 3 5.566618
9 10 0 13.463270
9 10 3 5.523357
9 11 0 13.091729
9 11 3 5.508777
9 12 0 12.029368
9 12 3 5.433100
9 13 0 12.035957
9 13 3 5.391389
9 14 0 10.894280
9 14 3 5.171170
9 15 0 11.669287
9 15 3 5.431167
9 16 0 10.086098
9 16 3 5.308730
9 17 0 11.124885
9 17 3 5.173815
9 18 0 10.741092
9 18 3 5.119340
9 19 0 11.743196
9 19 3 5.364871
9 20 0 11.648962
9 20 3 5.406167
9 21 0 10.413600
9 21 3 5.131798
9 22 0 11.044283
9 22 3 5.316947
9 23 0 10.316408
9 23 3 5.144963
9 24 0 10.004342
9 24 3 5.091968
9 25 0 9.746831
9 25 3 5.034486
9 26 0 9.660499
9 26 3 5.085957
9 27 0 10.403905
9 27 3 5.291718
9 28 0 9.514503
9 28 3 5.038331
9 29 0 10.335769
9 29 3 5.237231
9 30 0 9.478508
9 30 3 5.034535
9 31 0 9.534736
9 31 3 5.038245
9 32 0 8.858716
9 32 3 5.006481
9 33 0 9.973446
9 33 3 4.988517
9 34 0 9.862436
9 34 3 5.019341
9 35 0 9.860516
9 35 3 5.019131
9 36 0 9.720227
9 36 3 5.024066
9 37 0 9.687841
9 37 3 5.027139
9 38 0 9.627195
9 38 3 4.996520
9 39 0 9.506730
9 39 3 4.935281
9 40 0 9.348488
9 40 3 5.019999
9 42 0 9.962534
9 42 3 5.214088
9 44 0 9.695478
9 44 3 5.298594
9 46 0 9.694067
9 46 3 5.155057
9 48 0 9.046050
9 48 3 5.151764
9 50 0 10.110078
9 50 3 5.438174
9 52 0 10.314674
9 52 3 5.348905
9 54 0 9.879386
9 54 3 5.405309
9 56 0 9.842251
9 56 3 5.563269
9 58 0 9.881434
9 58 3 5.548723
9 60 0 9.853881
9 60 3 5.335746
9 63 0 10.049672
9 63 3 5.285640
9 66 0 11.069125
9 66 3 5.269858
9 69 0 11.316213
9 69 3 5.777545
9 72 0 10.804155
9 72 3 5.957819
9 75 0 10.268081
9 75 3 6.345852
9 78 0 11.775179
9 78 3 7.403042
9 81 0 10.757920
9 81 3 6.880538
9 85 0 10.117147
9 85 3 6.538095
9 89 0 9.652608
9 89 3 6.910015
9 93 0 11.323459
9 93 3 7.884729
9 97 0 10.448895
9 97 3 6.480371
9 101 0 12.831805
9 101 3 7.416221
9 106 0 10.790025
9 106 3 7.124810
9 111 0 11.694477
9 111 3 9.038222
9 116 0 10.120183
9 116 3 7.644788
9 121 0 9.305081
9 121 3 6.321849
9 127 0 9.161407
9 127 3 6.153423
9 133 0 10.016232
9 133 3 6.892415
9 139 0 9.933237
9 139 3 6.925239
9 145 0 9.684367
9 145 3 7.002494
9 152 0 12.342343
9 152 3 8.113568
9 159 0 12.120131
9 159 3 9.151897
9 166 0 9.697394
9 166 3 6.431017
9 174 0 9.878952
9 174 3 6.644739
9 182 0 9.558642
9 182 3 6.762446
9 191 0 9.263369
9 191 3 6.712173
9 200 0 9.384441
9 200 3 6.509673
9 210 0 9.920488
9 210 3 6.967634
9 220 0 9.529954
9 220 3 7.004142
9 231 0 9.644661
9 231 3 7.348185
9 242 0 12.424267
9 242 3 9.055349
9 254 0 12.423752
9 254 3 9.504113
9 266 0 13.859909
9 266 3 10.717578
9 279 0 12.091398
9 279 3 9.652618
9 292 0 10.499253
9 292 3 7.782449
9 306 0 13.316003
9 306 3 9.826165
9 321 0 13.367719
9 321 3 9.811814
9 337 0 12.050655
9 337 3 8.851666
9 353 0 12.213164
9 353 3 10.357867
9 370 0 13.002251
9 370 3 9.543260
9 388 0 10.861709
9 388 3 8.674726
9 407 0 13.377051
9 407 3 12.552323
9 427 0 11.539909
9 427 3 9.607362
9 448 0 14.049710
9 448 3 10.355275
9 470 0 10.849333
9 470 3 9.380551
9 493 0 12.614616
9 493 3 10.776628
9 517 0 12.834841
9 517 3 11.259452
9 542 0 10.875169
9 542 3 10.211503
9 569 0 14.121603
9 569 3 14.057277
9 597 0 13.401425
9 597 3 13.846997
9 626 0 10.473611
9 626 3 10.469354
9 657 0 10.363624
9 657 3 10.785928
9 689 0 10.827976
9 689 3 11.232914
9 723 0 10.305659
9 723 3 10.769127
9 759 0 13.400704
9 759 3 14.427225
9 796 0 11.167615
9 796 3 10.881585
9 835 0 10.728407
9 835 3 10.506949
9 876 0 13.235002
9 876 3 16.364970
9 919 0 10.331121
9 919 3 10.154996
9 964 0 12.952304
9 964 3 15.834734
9 1012 0 11.230551
9 1012 3 13.057743
9 1062 0 11.521323
9 1062 3 12.750471
9 1115 0 10.663930
9 1115 3 11.349011
9 1170 0 11.441021
9 1170 3 14.555847
9 1228 0 10.929571
9 1228 3 11.413890
9 1289 0 9.848651
9 1289 3 10.279704
9 1353 0 13.430569
9 1353 3 19.436613
9 1420 0 11.327151
9 1420 3 13.904062
9 1491 0 13.233052
9 1491 3 15.328055
9 1565 0 10.621177
9 1565 3 12.867418
9 1643 0 14.136661
9 1643 3 18.343548
9 1725 0 10.695123
9 1725 3 14.145590
9 1811 0 14.352774
9 1811 3 21.336373
9 1901 0 11.118742
9 1901 3 11.011696
9 1996 0 11.478293
9 1996 3 15.222017
10 1 3 8.269294
10 2 3 6.042630
10 3 3 5.721078
10 4 3 5.579342
10 5 0 16.358645
10 5 3 5.465408
10 6 0 14.518879
10 6 3 5.334661
10 7 0 13.986939
10 7 3 5.322419
10 8 0 13.488162
10 8 3 5.368423
10 9 0 13.654165
10 9 3 5.396762
10 10 0 12.957017
10 10 3 5.350133
10 11 0 12.621138
10 11 3 5.394001
10 12 0 11.891577
10 12 3 5.325991
10 13 0 11.820588
10 13 3 5.290764
10 14 0 10.798956
10 14 3 5.028765
10 15 0 11.478230
10 15 3 5.395182
10 16 0 10.062495
10 16 3 5.242874
10 17 0 11.001280
10 17 3 4.971374
10 18 0 10.701776
10 18 3 5.023072
10 19 0 11.847536
10 19 3 5.235235
10 20 0 11.809872
10 20 3 5.273238
10 21 0 10.492280
10 21 3 4.980387
10 22 0 11.549183
10 22 3 5.284295
10 23 0 10.522572
10 23 3 5.024000
10 24 0 10.392201
10 24 3 4.944898
10 25 0 10.237872
10 25 3 4.924301
10 26 0 10.270698
10 26 3 4.943611
10 27 0 11.328406
10 27 3 5.186127
10 28 0 10.257330
10 28 3 4.964957
10 29 0 11.221108
10 29 3 5.186510
10 30 0 10.250347
10 30 3 4.988427
10 31 0 10.312366
10 31 3 4.965876
10 32 0 9.743983
10 32 3 4.903042
10 33 0 10.756090
10 33 3 4.973904
10 34 0 10.745417
10 34 3 4.986663
10 35 0 10.712314
10 35 3 4.977174
10 36 0 10.573478
10 36 3 5.033171
10 37 0 10.599040
10 37 3 5.199063
10 38 0 10.553500
10 38 3 5.414386
10 39 0 10.449322
10 39 3 5.364564
10 40 0 10.314195
10 40 3 5.506679
10 42 0 10.885515
10 42 3 5.921899
10 44 0 10.720595
10 44 3 5.911923
10 46 0 10.774312
10 46 3 6.084122
10 48 0 10.344006
10 48 3 6.097217
10 50 0 13.641963
10 50 3 6.852533
10 52 0 12.295474
10 52 3 6.902567
10 54 0 13.159919
10 54 3 6.809880
10 56 0 12.888150
10 56 3 6.880439
10 58 0 13.053626
10 58 3 6.881518
10 60 0 12.824646
10 60 3 7.105464
10 63 0 12.768168
10 63 3 7.357576
10 66 0 12.573674
10 66 3 7.357579
10 69 0 11.967227
10 69 3 7.320727
10 72 0 11.729859
10 72 3 7.236191
10 75 0 12.104218
10 75 3 7.088872
10 78 0 13.582328
10 78 3 8.089231
10 81 0 11.348525
10 81 3 7.052804
10 85 0 10.744300
10 85 3 6.831653
10 89 0 10.004192
10 89 3 6.252983
10 93 0 12.329357
10 93 3 8.788350
10 97 0 11.975037
10 97 3 7.421596
10 101 0 13.962690
10 101 3 9.009337
10 106 0 10.644960
10 106 3 7.114503
10 111 0 14.270089
10 111 3 8.942096
10 116 0 10.195445
10 116 3 6.661319
10 121 0 10.178273
10 121 3 6.469840
10 127 0 10.633356
10 127 3 6.481710
10 133 0 10.639089
10 133 3 6.814477
10 139 0 10.686995
10 139 3 6.837758
10 145 0 10.932704
10 145 3 6.768963
10 152 0 14.404529
10 152 3 9.664897
10 159 0 14.825887
10 159 3 8.524755
10 166 0 11.438059
10 166 3 7.372529
10 174 0 10.984462
10 174 3 7.417457
10 182 0 11.149089
10 182 3 7.438460
10 191 0 11.669641
10 191 3 7.070759
10 200 0 11.327353
10 200 3 8.078847
10 210 0 11.237030
10 210 3 8.366355
10 220 0 12.050045
10 220 3 8.136383
10 231 0 11.971596
10 231 3 8.727875
10 242 0 15.677286
10 242 3 12.214426
10 254 0 14.940278
10 254 3 11.339716
10 266 0 14.377068
10 266 3 12.111745
10 279 0 15.549092
10 279 3 11.655619
10 292 0 12.106508
10 292 3 10.107562
10 306 0 13.704643
10 306 3 14.337622
10 321 0 14.050630
10 321 3 15.028055
10 337 0 15.914485
10 337 3 13.298187
10 353 0 14.575712
10 353 3 12.483065
10 370 0 15.009394
10 370 3 13.929983
10 388 0 11.757552
10 388 3 11.084572
10 407 0 15.080688
10 407 3 13.986681
10 427 0 11.182311
10 427 3 10.796853
10 448 0 13.952382
10 448 3 14.716283
10 470 0 11.185185
10 470 3 11.395627
10 493 0 13.469120
10 493 3 13.821225
10 517 0 13.721960
10 517 3 17.138735
10 542 0 11.697283
10 542 3 10.973700
10 569 0 12.296159
10 569 3 14.801133
10 597 0 14.511327
10 597 3 14.946839
10 626 0 11.024094
10 626 3 12.807888
10 657 0 11.505669
10 657 3 12.275523
10 689 0 11.810552
10 689 3 12.572987
10 723 0 11.399732
10 723 3 12.285260
10 759 0 13.621449
10 759 3 17.947993
10 796 0 11.423530
10 796 3 12.881273
10 835 0 11.604946
10 835 3 15.021246
10 876 0 14.637821
10 876 3 19.052072
10 919 0 11.054818
10 919 3 16.453933
10 964 0 15.677940
10 964 3 17.509016
10 1012 0 11.692345
10 1012 3 14.406376
10 1062 0 10.946201
10 1062 3 14.938480
10 1115 0 11.583814
10 1115 3 16.804364
10 1170 0 10.644725
10 1170 3 17.436676
10 1228 0 11.547089
10 1228 3 29.704883
10 1289 0 11.632255
10 1289 3 17.362752
10 1353 0 14.100012
10 1353 3 18.721770
10 1420 0 10.764867
10 1420 3 21.735141
10 1491 0 13.440122
10 1491 3 37.931841
10 1565 0 11.102083
10 1565 3 18.848404
10 1643 0 14.828512
10 1643 3 20.624345
10 1725 0 10.330335
10 1725 3 32.264835
10 1811 0 13.847216
10 1811 3 31.216511
10 1901 0 11.222995
10 1901 3 30.867269
10 1996 0 11.654763
10 1996 3 26.521355
11 1 3 6.563793
11 2 3 5.550564
11 3 3 5.412264
11 4 3 5.378271
11 5 0 18.074754
11 5 3 5.642901
11 6 0 16.503999
11 6 3 5.249522
11 7 0 14.616513
11 7 3 5.243450
11 8 0 14.149028
11 8 3 5.307419
11 9 0 14.510425
11 9 3 5.211297
11 10 0 14.312064
11 10 3 5.160106
11 11 0 14.149100
11 11 3 5.285787
11 12 0 13.876902
11 12 3 5.193062
11 13 0 13.720431
11 13 3 5.234360
11 14 0 12.529914
11 14 3 4.942492
11 15 0 13.791881
11 15 3 5.260297
11 16 0 12.550369
11 16 3 5.179442
11 17 0 13.101145
11 17 3 4.932397
11 18 0 12.854112
11 18 3 5.090729
11 19 0 14.440316
11 19 3 5.594505
11 20 0 14.421339
11 20 3 5.902196
11 21 0 12.850878
11 21 3 5.627150
11 22 0 14.155083
11 22 3 6.147944
11 23 0 12.817313
11 23 3 5.754180
11 24 0 12.682044
11 24 3 5.735405
11 25 0 12.347051
11 25 3 5.763177
11 26 0 12.154623
11 26 3 5.802296
11 27 0 13.795029
11 27 3 6.337528
11 28 0 12.078267
11 28 3 5.892679
11 29 0 13.636857
11 29 3 6.502601
11 30 0 12.033675
11 30 3 5.925251
11 31 0 12.105831
11 31 3 5.933395
11 32 0 11.546198
11 32 3 5.970567
11 33 0 12.395184
11 33 3 5.926637
11 34 0 12.232928
11 34 3 5.914376
11 35 0 12.252441
11 35 3 5.966690
11 36 0 11.962391
11 36 3 5.927427
11 37 0 11.956983
11 37 3 6.009753
11 38 0 11.793419
11 38 3 6.005472
11 39 0 11.768673
11 39 3 6.067561
11 40 0 11.401771
11 40 3 6.048413
11 42 0 12.431553
11 42 3 6.506099
11 44 0 12.208030
11 44 3 6.341697
11 46 0 12.026938
11 46 3 6.493652
11 48 0 11.459656
11 48 3 6.393440
11 50 0 13.683695
11 50 3 7.347519
11 52 0 15.582550
11 52 3 7.673777
11 54 0 14.121312
11 54 3 7.638197
11 56 0 13.824096
11 56 3 7.981594
11 58 0 13.940798
11 58 3 7.725750
11 60 0 13.324335
11 60 3 7.304976
11 63 0 13.421500
11 63 3 7.629009
11 66 0 12.948986
11 66 3 7.187136
11 69 0 13.817182
11 69 3 6.997114
11 72 0 13.494281
11 72 3 7.032743
11 75 0 16.002258
11 75 3 8.096656
11 78 0 14.909170
11 78 3 8.501221
11 81 0 13.631686
11 81 3 7.057838
11 85 0 14.273278
11 85 3 7.772480
11 89 0 12.963339
11 89 3 7.047761
11 93 0 17.195766
11 93 3 9.764334
11 97 0 11.943370
11 97 3 7.986321
11 101 0 15.453219
11 101 3 10.180569
11 106 0 11.571672
11 106 3 7.196737
11 111 0 16.385666
11 111 3 8.458684
11 116 0 11.668581
11 116 3 7.257170
11 121 0 13.702820
11 121 3 8.506849
11 127 0 13.184577
11 127 3 9.472427
11 133 0 13.233364
11 133 3 8.077118
11 139 0 13.815466
11 139 3 8.354188
11 145 0 13.995852
11 145 3 9.661771
11 152 0 18.198458
11 152 3 12.577481
11 159 0 16.473082
11 159 3 13.937180
11 166 0 11.974101
11 166 3 9.098839
11 174 0 12.071921
11 174 3 9.250550
11 182 0 12.143818
11 182 3 9.653348
11 191 0 12.873784
11 191 3 8.955518
11 200 0 12.073206
11 200 3 9.839698
11 210 0 13.436892
11 210 3 10.811820
11 220 0 12.281900
11 220 3 11.073011
11 231 0 13.004874
11 231 3 11.411367
11 242 0 16.832302
11 242 3 14.443988
11 254 0 18.129001
11 254 3 14.028596
11 266 0 17.833620
11 266 3 16.587597
11 279 0 16.417157
11 279 3 15.883941
11 292 0 12.398479
11 292 3 12.784795
11 306 0 16.977386
11 306 3 17.510390
11 321 0 17.226590
11 321 3 15.785413
11 337 0 16.423527
11 337 3 17.752271
11 353 0 16.154888
11 353 3 17.813078
11 370 0 15.566606
11 370 3 18.737748
11 388 0 13.502037
11 388 3 13.105542
11 407 0 16.751784
11 407 3 17.115637
11 427 0 12.631869
11 427 3 12.571427
11 448 0 14.551879
11 448 3 21.886012
11 470 0 12.248545
11 470 3 13.688317
11 493 0 14.939955
11 493 3 21.121971
11 517 0 13.986756
11 517 3 29.358687
11 542 0 12.136444
11 542 3 27.112674
11 569 0 15.703830
11 569 3 26.936114
11 597 0 14.735181
11 597 3 26.183965
11 626 0 12.228507
11 626 3 27.889317
11 657 0 12.148019
11 657 3 25.094089
11 689 0 12.082100
11 689 3 15.587807
11 723 0 11.959093
11 723 3 25.386262
11 759 0 15.312117
11 759 3 36.846090
11 796 0 11.874274
11 796 3 26.255296
11 835 0 11.861408
11 835 3 29.101186
11 876 0 15.135715
11 876 3 35.462404
11 919 0 11.748141
11 919 3 31.418517
11 964 0 14.767472
11 964 3 34.166469
11 1012 0 11.596411
11 1012 3 28.792930
11 1062 0 12.055891
11 1062 3 34.413244
11 1115 0 11.364024
11 1115 3 36.595405
11 1170 0 11.380002
11 1170 3 37.865153
11 1228 0 11.858819
11 1228 3 31.997477
11 1289 0 11.627125
11 1289 3 34.426050
11 1353 0 14.377606
11 1353 3 55.971276
11 1420 0 11.257543
11 1420 3 38.027946
11 1491 0 14.764208
11 1491 3 53.967171
11 1565 0 11.517130
11 1565 3 36.429493
11 1643 0 14.574992
11 1643 3 56.021420
11 1725 0 11.692197
11 1725 3 39.307501
11 1811 0 15.699643
11 1811 3 55.867353
11 1901 0 11.790970
11 1901 3 42.385318
11 1996 0 12.127312
11 1996 3 42.530648
12 1 3 5.819188
12 2 3 5.311481
12 3 3 5.243239
12 4 3 5.132049
12 5 0 26.145862
12 5 3 5.863290
12 6 0 24.765171
12 6 3 5.689834
12 7 0 21.749966
12 7 3 5.212888
12 8 0 18.471904
12 8 3 5.229539
12 9 0 17.937527
12 9 3 5.276652
12 10 0 17.451252
12 10 3 5.753084
12 11 0 17.161596
12 11 3 5.932198
12 12 0 16.797887
12 12 3 6.217928
12 13 0 16.779687
12 13 3 6.209939
12 14 0 15.295362
12 14 3 5.939094
12 15 0 16.367915
12 15 3 6.309751
12 16 0 14.524390
12 16 3 6.434215
12 17 0 15.823994
12 17 3 5.973408
12 18 0 15.217578
12 18 3 5.952948
12 19 0 16.295606
12 19 3 6.429615
12 20 0 16.034864
12 20 3 6.457792
12 21 0 14.514595
12 21 3 6.131450
12 22 0 15.520956
12 22 3 6.493904
12 23 0 13.986011
12 23 3 6.159470
12 24 0 13.502200
12 24 3 6.051405
12 25 0 13.686302
12 25 3 6.071152
12 26 0 12.996776
12 26 3 6.044682
12 27 0 14.634635
12 27 3 6.564676
12 28 0 12.830365
12 28 3 6.073172
12 29 0 14.017916
12 29 3 6.571828
12 30 0 12.760824
12 30 3 6.094981
12 31 0 12.646563
12 31 3 6.085906
12 32 0 12.038400
12 32 3 6.049754
12 33 0 12.950739
12 33 3 6.092943
12 34 0 12.765256
12 34 3 6.068138
12 35 0 12.852935
12 35 3 6.176008
12 36 0 12.480825
12 36 3 6.094019
12 37 0 12.563150
12 37 3 6.163114
12 38 0 12.460129
12 38 3 6.124695
12 39 0 12.436154
12 39 3 6.209986
12 40 0 11.966028
12 40 3 6.181940
12 42 0 13.561109
12 42 3 6.791984
12 44 0 13.062483
12 44 3 6.472967
12 46 0 13.170859
12 46 3 6.893970
12 48 0 12.520648
12 48 3 7.182443
12 50 0 16.732943
12 50 3 8.575393
12 52 0 15.056393
12 52 3 9.088697
12 54 0 16.001586
12 54 3 7.632603
12 56 0 15.317137
12 56 3 7.927948
12 58 0 15.110057
12 58 3 7.694064
12 60 0 15.879991
12 60 3 7.877231
12 63 0 15.868715
12 63 3 9.033349
12 66 0 17.881503
12 66 3 9.187933
12 69 0 17.679075
12 69 3 10.263921
12 72 0 17.451062
12 72 3 10.436984
12 75 0 17.475630
12 75 3 11.174188
12 78 0 20.217992
12 78 3 13.314269
12 81 0 14.598024
12 81 3 10.659766
12 85 0 12.284492
12 85 3 10.575984
12 89 0 14.369959
12 89 3 10.791322
12 93 0 17.565160
12 93 3 13.642018
12 97 0 14.503592
12 97 3 8.895674
12 101 0 18.228870
12 101 3 14.130764
12 106 0 14.948020
12 106 3 9.228132
12 111 0 18.250683
12 111 3 13.680609
12 116 0 14.193348
12 116 3 11.193860
12 121 0 13.088694
12 121 3 11.032656
12 127 0 13.137995
12 127 3 10.580357
12 133 0 13.075565
12 133 3 11.934928
12 139 0 12.611337
12 139 3 12.279384
12 145 0 12.697150
12 145 3 10.845738
12 152 0 20.188956
12 152 3 16.482708
12 159 0 19.830738
12 159 3 16.197249
12 166 0 14.014146
12 166 3 10.938194
12 174 0 14.075464
12 174 3 11.003053
12 182 0 14.883806
12 182 3 10.863577
12 191 0 15.248279
12 191 3 11.949264
12 200 0 14.621044
12 200 3 13.214260
12 210 0 14.578860
12 210 3 16.087495
12 220 0 14.278349
12 220 3 18.296904
12 231 0 14.576998
12 231 3 19.941894
12 242 0 19.949941
12 242 3 21.916851
12 254 0 19.884405
12 254 3 22.217757
12 266 0 18.796698
12 266 3 22.803115
12 279 0 18.325837
12 279 3 27.460777
12 292 0 14.220632
12 292 3 18.472265
12 306 0 18.389872
12 306 3 35.415360
12 321 0 17.753014
12 321 3 35.272217
12 337 0 17.922765
12 337 3 37.957459
12 353 0 18.137171
12 353 3 39.617600
12 370 0 16.766500
12 370 3 41.905239
12 388 0 13.411291
12 388 3 26.539392
12 407 0 17.331131
12 407 3 44.908173
12 427 0 13.378978
12 427 3 28.303598
12 448 0 16.697193
12 448 3 43.409052
12 470 0 13.413376
12 470 3 32.531321
12 493 0 16.737737
12 493 3 41.783741
12 517 0 17.668114
12 517 3 49.705469
12 542 0 13.437451
12 542 3 35.856611
12 569 0 16.993981
12 569 3 49.700375
12 597 0 16.543313
12 597 3 52.671514
12 626 0 13.178559
12 626 3 36.418337
12 657 0 12.775784
12 657 3 35.848056
12 689 0 12.717893
12 689 3 37.399033
12 723 0 12.807094
12 723 3 36.065411
12 759 0 15.533213
12 759 3 56.428382
12 796 0 12.424039
12 796 3 37.606442
12 835 0 13.107746
12 835 3 37.604862
12 876 0 15.636241
12 876 3 55.383039
12 919 0 12.519997
12 919 3 38.245276
12 964 0 15.861446
12 964 3 58.138530
12 1012 0 12.658990
12 1012 3 39.785947
12 1062 0 12.896094
12 1062 3 38.834717
12 1115 0 12.998253
12 1115 3 41.154948
12 1170 0 12.819885
12 1170 3 39.349462
12 1228 0 13.190288
12 1228 3 38.726091
12 1289 0 13.131330
12 1289 3 38.600204
12 1353 0 17.710785
12 1353 3 64.260422
12 1420 0 13.507197
12 1420 3 44.039665
12 1491 0 17.754288
12 1491 3 65.995463
12 1565 0 13.485388
12 1565 3 44.571536
12 1643 0 18.136555
12 1643 3 73.733584
12 1725 0 13.909048
12 1725 3 47.763955
12 1811 0 18.004907
12 1811 3 76.062161
12 1901 0 14.593321
12 1901 3 52.155923
12 1996 0 14.423091
12 1996 3 53.197264
13 1 3 5.466089
13 2 3 5.181542
13 3 3 5.180216
13 4 3 5.080573
13 5 0 32.080936
13 5 3 7.039512
13 6 0 31.242255
13 6 3 7.327994
13 7 0 29.148654
13 7 3 7.332514
13 8 0 26.301009
13 8 3 6.866634
13 9 0 24.079984
13 9 3 6.491794
13 10 0 20.414347
13 10 3 6.503730
13 11 0 19.010708
13 11 3 6.397286
13 12 0 17.728292
13 12 3 6.500349
13 13 0 17.599558
13 13 3 6.494913
13 14 0 17.328774
13 14 3 6.311807
13 15 0 16.752078
13 15 3 6.459528
13 16 0 14.844895
13 16 3 6.707147
13 17 0 17.852117
13 17 3 6.668412
13 18 0 17.125384
13 18 3 6.437711
13 19 0 17.272895
13 19 3 6.643101
13 20 0 16.812072
13 20 3 6.630757
13 21 0 16.573293
13 21 3 6.356364
13 22 0 16.334354
13 22 3 6.626208
13 23 0 15.437166
13 23 3 6.607807
13 24 0 14.775645
13 24 3 6.359982
13 25 0 16.044497
13 25 3 6.746659
13 26 0 14.164908
13 26 3 6.427247
13 27 0 15.143500
13 27 3 6.796643
13 28 0 13.683333
13 28 3 6.676508
13 29 0 14.627843
13 29 3 7.220287
13 30 0 13.686848
13 30 3 6.844775
13 31 0 13.368988
13 31 3 6.964709
13 32 0 12.701171
13 32 3 6.928272
13 33 0 14.710657
13 33 3 7.274541
13 34 0 13.948715
13 34 3 7.069801
13 35 0 14.427345
13 35 3 7.435726
13 36 0 14.130146
13 36 3 7.285782
13 37 0 13.619120
13 37 3 7.152375
13 38 0 13.684675
13 38 3 7.712219
13 39 0 13.344462
13 39 3 7.430820
13 40 0 12.852762
13 40 3 7.286003
13 42 0 17.539383
13 42 3 9.192358
13 44 0 16.166622
13 44 3 8.717338
13 46 0 17.647521
13 46 3 9.275150
13 48 0 15.803598
13 48 3 9.167398
13 50 0 20.412031
13 50 3 13.162673
13 52 0 18.364888
13 52 3 10.332392
13 54 0 19.409852
13 54 3 13.623710
13 56 0 19.206898
13 56 3 12.937997
13 58 0 18.697646
13 58 3 13.226457
13 60 0 19.682925
13 60 3 12.932020
13 63 0 20.811717
13 63 3 13.471231
13 66 0 22.205814
13 66 3 12.764446
13 69 0 23.261134
13 69 3 13.214759
13 72 0 22.481651
13 72 3 13.272679
13 75 0 21.534899
13 75 3 14.891220
13 78 0 21.316559
13 78 3 14.511793
13 81 0 15.929950
13 81 3 9.078940
13 85 0 14.888188
13 85 3 11.007167
13 89 0 16.078383
13 89 3 9.615722
13 93 0 21.995253
13 93 3 16.185960
13 97 0 16.273939
13 97 3 14.066219
13 101 0 23.082745
13 101 3 17.677076
13 106 0 16.601313
13 106 3 12.606367
13 111 0 23.197117
13 111 3 21.507615
13 116 0 14.513722
13 116 3 15.343643
13 121 0 14.569165
13 121 3 18.318319
13 127 0 14.196733
13 127 3 16.552005
13 133 0 14.229073
13 133 3 16.173157
13 139 0 15.956648
13 139 3 15.734143
13 145 0 15.719689
13 145 3 16.492352
13 152 0 22.698979
13 152 3 41.115218
13 159 0 21.685211
13 159 3 39.171929
13 166 0 16.520035
13 166 3 26.658012
13 174 0 15.913856
13 174 3 27.129753
13 182 0 16.246265
13 182 3 28.060671
13 191 0 16.757427
13 191 3 28.608388
13 200 0 16.571164
13 200 3 28.613568
13 210 0 16.483731
13 210 3 29.046126
13 220 0 16.662217
13 220 3 28.994411
13 231 0 16.548002
13 231 3 30.566303
13 242 0 22.967195
13 242 3 48.336892
13 254 0 21.553999
13 254 3 49.529823
13 266 0 22.427734
13 266 3 50.355494
13 279 0 21.862777
13 279 3 50.652963
13 292 0 17.359049
13 292 3 35.105625
13 306 0 20.006570
13 306 3 51.581101
13 321 0 20.283372
13 321 3 50.999695
13 337 0 19.782551
13 337 3 51.889568
13 353 0 21.274617
13 353 3 49.915303
13 370 0 21.552567
13 370 3 52.111550
13 388 0 15.432479
13 388 3 36.670190
13 407 0 21.641260
13 407 3 55.237611
13 427 0 15.634163
13 427 3 35.814740
13 448 0 20.874823
13 448 3 57.662058
13 470 0 15.712294
13 470 3 38.197662
13 493 0 20.909680
13 493 3 58.206393
13 517 0 20.484863
13 517 3 58.974349
13 542 0 15.941834
13 542 3 41.128441
13 569 0 20.010313
13 569 3 61.051609
13 597 0 19.044277
13 597 3 61.235347
13 626 0 15.149080
13 626 3 40.725894
13 657 0 15.473743
13 657 3 40.036585
13 689 0 14.664490
13 689 3 39.047889
13 723 0 14.691115
13 723 3 40.333101
13 759 0 19.885510
13 759 3 60.197913
13 796 0 14.365050
13 796 3 41.638079
13 835 0 14.936095
13 835 3 40.075320
13 876 0 19.659834
13 876 3 63.104223
13 919 0 14.741143
13 919 3 41.970047
13 964 0 20.220774
13 964 3 63.557602
13 1012 0 15.168811
13 1012 3 41.672311
13 1062 0 15.963758
13 1062 3 42.845777
13 1115 0 15.577117
13 1115 3 42.936847
13 1170 0 15.917130
13 1170 3 45.540357
13 1228 0 17.076000
13 1228 3 49.197343
13 1289 0 17.509125
13 1289 3 52.042586
13 1353 0 24.291320
13 1353 3 79.222338
13 1420 0 17.627039
13 1420 3 54.738669
13 1491 0 24.990302
13 1491 3 82.394579
13 1565 0 17.348930
13 1565 3 56.804144
13 1643 0 26.082477
13 1643 3 86.329647
13 1725 0 18.223237
13 1725 3 59.683924
13 1811 0 26.962379
13 1811 3 90.386271
13 1901 0 18.419516
13 1901 3 62.338733
13 1996 0 18.796496
13 1996 3 63.821860
14 1 3 5.503092
14 2 3 5.124547
14 3 3 6.199324
14 4 3 6.348253
14 5 0 39.052814
14 5 3 7.292675
14 6 0 34.560308
14 6 3 8.459397
14 7 0 32.306977
14 7 3 8.381156
14 8 0 30.594072
14 8 3 7.912175
14 9 0 29.107813
14 9 3 7.524853
14 10 0 26.460157
14 10 3 7.137909
14 11 0 23.607357
14 11 3 7.740331
14 12 0 21.266145
14 12 3 6.839728
14 13 0 19.297622
14 13 3 6.591884
14 14 0 19.659796
14 14 3 7.729228
14 15 0 18.391264
14 15 3 7.176843
14 16 0 15.654790
14 16 3 7.287890
14 17 0 21.222489
14 17 3 7.794273
14 18 0 20.906040
14 18 3 7.881749
14 19 0 22.591029
14 19 3 8.212947
14 20 0 22.223260
14 20 3 8.219795
14 21 0 20.074812
14 21 3 9.087198
14 22 0 20.013741
14 22 3 8.049848
14 23 0 19.219867
14 23 3 8.924099
14 24 0 18.389454
14 24 3 8.540970
14 25 0 19.354372
14 25 3 8.486125
14 26 0 17.052943
14 26 3 7.949878
14 27 0 18.409186
14 27 3 8.280446
14 28 0 16.868861
14 28 3 7.979079
14 29 0 16.540282
14 29 3 7.923541
14 30 0 16.771201
14 30 3 8.142392
14 31 0 16.807144
14 31 3 7.990382
14 32 0 15.230431
14 32 3 7.877618
14 33 0 18.135700
14 33 3 8.824831
14 34 0 18.263651
14 34 3 9.121495
14 35 0 19.322153
14 35 3 9.167935
14 36 0 17.286407
14 36 3 9.034316
14 37 0 18.309818
14 37 3 9.096429
14 38 0 18.908144
14 38 3 9.565128
14 39 0 18.268088
14 39 3 9.265970
14 40 0 17.714202
14 40 3 8.968260
14 42 0 23.886676
14 42 3 12.870061
14 44 0 23.013349
14 44 3 12.870790
14 46 0 22.860352
14 46 3 14.175293
14 48 0 21.320951
14 48 3 13.086304
14 50 0 26.247149
14 50 3 20.056236
14 52 0 18.678131
14 52 3 13.266539
14 54 0 25.429730
14 54 3 22.044410
14 56 0 25.910263
14 56 3 24.556804
14 58 0 26.110706
14 58 3 21.335235
14 60 0 24.962298
14 60 3 23.824170
14 63 0 26.492960
14 63 3 24.311794
14 66 0 26.451528
14 66 3 21.166507
14 69 0 27.488364
14 69 3 27.055136
14 72 0 26.687890
14 72 3 26.304038
14 75 0 27.616195
14 75 3 29.891117
14 78 0 27.817336
14 78 3 28.859075
14 81 0 18.801228
14 81 3 20.124621
14 85 0 17.549588
14 85 3 23.689329
14 89 0 18.187197
14 89 3 19.714155
14 93 0 27.615366
14 93 3 42.241594
14 97 0 19.245278
14 97 3 18.582481
14 101 0 27.736742
14 101 3 45.584769
14 106 0 19.826962
14 106 3 23.115295
14 111 0 28.817589
14 111 3 44.144172
14 116 0 19.798527
14 116 3 25.685342
14 121 0 19.542638
14 121 3 28.069434
14 127 0 19.487692
14 127 3 28.544222
14 133 0 19.808863
14 133 3 31.957553
14 139 0 19.949193
14 139 3 32.364473
14 145 0 19.511016
14 145 3 32.845439
14 152 0 29.418756
14 152 3 49.926377
14 159 0 28.587431
14 159 3 53.316212
14 166 0 21.223321
14 166 3 34.622148
14 174 0 20.182539
14 174 3 33.978381
14 182 0 20.726847
14 182 3 36.383088
14 191 0 20.349606
14 191 3 37.081902
14 200 0 19.015225
14 200 3 37.352457
14 210 0 19.130801
14 210 3 37.624661
14 220 0 19.633122
14 220 3 37.125079
14 231 0 20.124436
14 231 3 38.511526
14 242 0 26.447080
14 242 3 55.446174
14 254 0 24.962392
14 254 3 55.684302
14 266 0 25.767900
14 266 3 56.394981
14 279 0 26.420196
14 279 3 55.440981
14 292 0 19.119308
14 292 3 40.207693
14 306 0 26.227760
14 306 3 58.784181
14 321 0 26.217545
14 321 3 60.720552
14 337 0 25.616947
14 337 3 60.747676
14 353 0 24.891745
14 353 3 62.015120
14 370 0 24.397940
14 370 3 60.962400
14 388 0 18.228112
14 388 3 41.016670
14 407 0 24.389590
14 407 3 61.893352
14 427 0 18.320746
14 427 3 41.736652
14 448 0 25.278323
14 448 3 60.809600
14 470 0 18.185987
14 470 3 41.500607
14 493 0 24.890057
14 493 3 60.731025
14 517 0 23.691384
14 517 3 61.656197
14 542 0 18.333889
14 542 3 41.068830
14 569 0 24.460613
14 569 3 62.915701
14 597 0 24.947255
14 597 3 62.815238
14 626 0 18.161464
14 626 3 42.025252
14 657 0 17.700369
14 657 3 41.089261
14 689 0 17.674460
14 689 3 42.150919
14 723 0 17.518169
14 723 3 41.307479
14 759 0 28.027775
14 759 3 69.771646
14 796 0 18.927151
14 796 3 43.423592
14 835 0 19.466689
14 835 3 44.841148
14 876 0 31.401283
14 876 3 77.451970
14 919 0 20.114334
14 919 3 47.224113
14 964 0 32.633297
14 964 3 81.123842
14 1012 0 21.814103
14 1012 3 54.276328
15 1 3 5.419325
15 2 3 6.421025
15 3 3 6.656642
15 4 3 6.529036
15 5 0 51.970883
15 5 3 8.686041
15 6 0 52.119095
15 6 3 7.572900
15 7 0 39.711476
15 7 3 9.510097
15 8 0 36.578664
15 8 3 9.179489
15 9 0 37.337507
15 9 3 10.664844
15 10 0 37.176443
15 10 3 10.571901
15 11 0 34.550882
15 11 3 9.969023
15 12 0 32.497342
15 12 3 9.449582
15 13 0 28.616289
15 13 3 9.058479
15 14 0 31.750919
15 14 3 10.121826
15 15 0 28.956694
15 15 3 8.917931
15 16 0 23.085869
15 16 3 8.158815
15 17 0 28.960746
15 17 3 11.380102
15 18 0 29.747116
15 18 3 11.961628
15 19 0 33.290050
15 19 3 12.586250
15 20 0 34.273946
15 20 3 12.571476
15 21 0 30.009634
15 21 3 12.681577
15 22 0 31.740353
15 22 3 11.423801
15 23 0 30.193281
15 23 3 13.329233
15 24 0 27.829751
15 24 3 14.769965
15 25 0 28.019011
15 25 3 16.477995
15 26 0 27.878762
15 26 3 13.950972
15 27 0 33.697915
15 27 3 11.984832
15 28 0 27.742604
15 28 3 12.577693
15 29 0 31.629558
15 29 3 11.726270
15 30 0 28.408387
15 30 3 17.979434
15 31 0 28.096153
15 31 3 18.478894
15 32 0 23.529308
15 32 3 14.717381
15 33 0 28.154130
15 33 3 21.716564
15 34 0 27.941785
15 34 3 22.145382
15 35 0 26.551297
15 35 3 21.801446
15 36 0 25.651780
15 36 3 20.753252
15 37 0 25.429375
15 37 3 21.569763
15 38 0 29.391946
15 38 3 24.501956
15 39 0 29.127484
15 39 3 24.510718
15 40 0 28.152678
15 40 3 24.031839
15 42 0 24.098028
15 42 3 38.790828
15 44 0 24.576713
15 44 3 37.978445
15 46 0 25.357946
15 46 3 34.825274
15 48 0 22.719213
15 48 3 33.567855
15 50 0 36.268729
15 50 3 41.189122
15 52 0 22.487265
15 52 3 23.759598
15 54 0 34.748235
15 54 3 41.671702
15 56 0 34.209551
15 56 3 42.216849
15 58 0 34.515982
15 58 3 44.395498
15 60 0 32.969516
15 60 3 45.577777
15 63 0 35.211713
15 63 3 46.639458
15 66 0 35.770693
15 66 3 47.498661
15 69 0 34.803095
15 69 3 47.053530
15 72 0 35.615628
15 72 3 47.727374
15 75 0 37.170401
15 75 3 47.683257
15 78 0 35.248552
15 78 3 49.853148
15 81 0 24.669281
15 81 3 30.433220
15 85 0 24.703630
15 85 3 32.040608
15 89 0 25.658719
15 89 3 34.305347
15 93 0 36.579517
15 93 3 52.602992
15 97 0 25.528223
15 97 3 35.220590
15 101 0 36.456506
15 101 3 54.792218
15 106 0 24.568091
15 106 3 36.105364
15 111 0 35.387284
15 111 3 56.079371
15 116 0 24.118214
15 116 3 36.967600
15 121 0 23.156458
15 121 3 36.962734
15 127 0 23.496915
15 127 3 38.418809
15 133 0 23.737979
15 133 3 38.846065
15 139 0 24.678769
15 139 3 38.746325
15 145 0 23.703114
15 145 3 39.026884
15 152 0 32.444377
15 152 3 57.714869
15 159 0 32.189689
15 159 3 56.430349
15 166 0 24.217945
15 166 3 39.569316
15 174 0 24.050644
15 174 3 39.658330
15 182 0 23.761306
15 182 3 40.305725
15 191 0 23.512948
15 191 3 41.107936
15 200 0 22.460320
15 200 3 40.280896
15 210 0 22.782711
15 210 3 40.667379
15 220 0 22.605159
15 220 3 40.490456
15 231 0 22.824710
15 231 3 40.553457
15 242 0 30.519656
15 242 3 61.623249
15 254 0 31.076469
15 254 3 61.481882
15 266 0 31.301347
15 266 3 63.517836
15 279 0 30.029360
15 279 3 61.974038
15 292 0 22.272690
15 292 3 41.368610
15 306 0 30.249015
15 306 3 61.575503
15 321 0 32.007537
15 321 3 62.252110
15 337 0 32.274547
15 337 3 63.096902
15 353 0 33.912183
15 353 3 63.149088
15 370 0 33.130119
15 370 3 64.422043
15 388 0 21.523129
15 388 3 42.284795
15 407 0 33.849774
15 407 3 66.528760
15 427 0 21.408343
15 427 3 42.356891
15 448 0 35.139772
15 448 3 69.862827
15 470 0 21.726613
15 470 3 42.038838
15 493 0 36.933006
15 493 3 72.916810
16 1 3 6.286343
16 2 3 6.736330
16 3 3 7.117180
16 4 3 7.441113
16 5 0 48.937927
16 5 3 15.032896
16 6 0 60.167120
16 6 3 14.802271
16 7 0 69.057224
16 7 3 13.351125
16 8 0 68.566231
16 8 3 14.363622
16 9 0 65.014331
16 9 3 13.950599
16 10 0 66.147382
16 10 3 12.008795
16 11 0 63.960838
16 11 3 13.874227
16 12 0 62.430458
16 12 3 14.166554
16 13 0 60.349611
16 13 3 15.399759
16 14 0 40.850228
16 14 3 18.216511
16 15 0 52.214859
16 15 3 16.189647
16 16 0 50.160919
16 16 3 17.077726
16 17 0 42.876186
16 17 3 22.963592
16 18 0 42.177835
16 18 3 22.750600
16 19 0 35.249217
16 19 3 36.776726
16 20 0 38.598684
16 20 3 36.683288
16 21 0 42.127337
16 21 3 27.278371
16 22 0 39.218295
16 22 3 39.216367
16 23 0 37.343860
16 23 3 27.992869
16 24 0 37.890322
16 24 3 31.689145
16 25 0 39.027611
16 25 3 27.837133
16 26 0 37.648608
16 26 3 29.204387
16 27 0 43.069973
16 27 3 33.217056
16 28 0 36.855386
16 28 3 29.960738
16 29 0 41.460623
16 29 3 33.175024
16 30 0 36.555250
16 30 3 32.460609
16 31 0 34.485251
16 31 3 32.569936
16 32 0 34.454706
16 32 3 31.248672
16 33 0 30.159832
16 33 3 33.245492
16 34 0 30.886575
16 34 3 32.620036
16 35 0 32.434098
16 35 3 34.321253
16 36 0 30.528175
16 36 3 33.402265
16 37 0 28.874121
16 37 3 32.825155
16 38 0 30.435815
16 38 3 33.680255
16 39 0 31.477526
16 39 3 34.575396
16 40 0 30.784876
16 40 3 33.494091
16 42 0 50.244762
16 42 3 43.991777
16 44 0 46.435314
16 44 3 45.518818
16 46 0 48.346525
16 46 3 47.884353
16 48 0 46.649511
16 48 3 47.091149
16 50 0 50.744965
16 50 3 52.089824
16 52 0 35.127628
16 52 3 34.193723
16 54 0 47.461233
16 54 3 53.339311
16 56 0 48.140090
16 56 3 53.968457
16 58 0 45.744278
16 58 3 55.538056
16 60 0 48.139398
16 60 3 55.777972
16 63 0 46.985921
16 63 3 56.217040
16 66 0 47.114273
16 66 3 56.848839
16 69 0 46.807183
16 69 3 56.311727
16 72 0 47.178316
16 72 3 56.223602
16 75 0 46.590808
16 75 3 56.875015
16 78 0 45.577352
16 78 3 57.086101
16 81 0 32.006280
16 81 3 38.661305
16 85 0 32.722195
16 85 3 38.364908
16 89 0 32.619317
16 89 3 39.266067
16 93 0 43.932285
16 93 3 57.825338
16 97 0 33.808909
16 97 3 40.539471
16 101 0 46.099263
16 101 3 57.368615
16 106 0 33.312816
16 106 3 40.752109
16 111 0 44.660614
16 111 3 57.570512
16 116 0 32.528484
16 116 3 40.434573
16 121 0 31.815238
16 121 3 40.799389
16 127 0 32.459316
16 127 3 40.320754
16 133 0 32.225027
16 133 3 39.709624
16 139 0 30.890172
16 139 3 39.992822
16 145 0 31.574225
16 145 3 40.090394
16 152 0 40.197259
16 152 3 62.219783
16 159 0 41.733082
16 159 3 61.888506
16 166 0 30.169008
16 166 3 39.897393
16 174 0 30.883395
16 174 3 40.338840
16 182 0 31.153611
16 182 3 41.178193
16 191 0 30.213349
16 191 3 41.509534
16 200 0 31.534154
16 200 3 41.207478
16 210 0 31.352238
16 210 3 41.594872
16 220 0 28.855082
16 220 3 41.514087
16 231 0 30.174848
16 231 3 41.804032
16 242 0 51.273819
16 242 3 64.624495
16 254 0 47.690917
16 254 3 65.356159
