1 1 3 11.966505
1 2 3 14.928353
1 3 3 7.604456
1 4 3 14.563368
1 5 0 25.650158
1 5 3 11.540750
1 6 0 30.288227
1 6 3 16.257383
1 7 0 23.840158
1 7 3 6.959506
1 8 0 92.885781
1 8 3 6.557225
1 9 0 80.562509
1 9 3 7.116203
1 10 0 74.566788
1 10 3 6.885287
1 11 0 68.296698
1 11 3 6.663301
1 12 0 17.614217
1 12 3 13.912362
1 13 0 16.833469
1 13 3 7.387093
1 14 0 53.064964
1 14 3 6.097705
1 15 0 50.845902
1 15 3 5.598672
1 16 0 26.359137
1 16 3 4.791822
1 17 0 35.651071
1 17 3 6.047785
1 18 0 15.734867
1 18 3 5.875854
1 19 0 15.659161
1 19 3 6.132014
1 20 0 15.723550
1 20 3 7.292794
1 21 0 15.215480
1 21 3 7.476520
1 22 0 15.064837
1 22 3 7.233940
1 23 0 27.544774
1 23 3 6.138945
1 24 0 28.584307
1 24 3 5.238878
1 25 0 28.357898
1 25 3 5.827980
1 26 0 25.740556
1 26 3 6.217244
1 27 0 24.512650
1 27 3 6.162642
1 28 0 23.597384
1 28 3 5.712732
1 29 0 16.053652
1 29 3 15.867492
1 30 0 13.901886
1 30 3 8.068811
1 31 0 12.216694
1 31 3 13.944104
1 32 0 12.245763
1 32 3 6.268340
1 33 0 14.568903
1 33 3 7.270989
1 34 0 13.346791
1 34 3 6.255984
1 35 0 32.726859
1 35 3 5.542924
1 36 0 12.968208
1 36 3 5.978471
1 37 0 30.960309
1 37 3 5.670302
1 38 0 30.708601
1 38 3 6.076525
1 39 0 29.578547
1 39 3 5.367869
1 40 0 29.209644
1 40 3 5.481877
1 42 0 11.836165
1 42 3 5.744025
1 44 0 10.420486
1 44 3 4.481070
1 46 0 10.602930
1 46 3 4.526359
1 48 0 10.428272
1 48 3 4.530034
1 50 0 11.389216
1 50 3 4.559908
1 52 0 10.235297
1 52 3 4.481755
1 54 0 10.421831
1 54 3 4.477441
1 56 0 10.615275
1 56 3 4.487169
1 58 0 10.610577
1 58 3 4.524354
1 60 0 10.437902
1 60 3 4.490348
1 63 0 10.305368
1 63 3 4.492238
1 66 0 10.781081
1 66 3 4.557167
1 69 0 10.406974
1 69 3 4.501409
1 72 0 10.092372
1 72 3 4.474102
1 75 0 9.531044
1 75 3 4.462597
1 78 0 10.167059
1 78 3 4.484682
1 81 0 10.419782
1 81 3 4.540968
1 85 0 9.282239
1 85 3 4.481722
1 89 0 13.538755
1 89 3 4.889838
1 93 0 9.503508
1 93 3 4.498170
1 97 0 17.313025
1 97 3 4.939937
1 101 0 9.178991
1 101 3 4.471636
1 106 0 15.842771
1 106 3 4.834386
1 111 0 9.061016
1 111 3 4.479503
1 116 0 9.082805
1 116 3 4.478410
1 121 0 13.416657
1 121 3 4.781947
1 127 0 12.068818
1 127 3 6.616821
1 133 0 14.364127
1 133 3 4.720183
1 139 0 8.781613
1 139 3 4.467903
1 145 0 12.116912
1 145 3 4.728469
1 152 0 11.810594
1 152 3 4.701916
1 159 0 8.496813
1 159 3 4.443170
1 166 0 8.748205
1 166 3 4.460996
1 174 0 13.049800
1 174 3 4.659410
1 182 0 11.728800
1 182 3 4.686477
1 191 0 11.654879
1 191 3 4.665711
1 200 0 13.113068
1 200 3 4.695960
1 210 0 8.623415
1 210 3 4.431243
1 220 0 8.610002
1 220 3 4.434678
1 231 0 8.474246
1 231 3 4.431422
1 242 0 8.426518
1 242 3 4.444855
1 254 0 8.420622
1 254 3 4.420196
1 266 0 8.361943
1 266 3 4.443671
1 279 0 8.307635
1 279 3 4.450566
1 292 0 8.222259
1 292 3 4.422660
1 306 0 11.259164
1 306 3 4.693972
1 321 0 8.093556
1 321 3 4.420654
1 337 0 8.180163
1 337 3 4.431310
1 353 0 8.181023
1 353 3 4.441014
1 370 0 11.007655
1 370 3 4.666328
1 388 0 8.053792
1 388 3 4.429299
1 407 0 8.041608
1 407 3 4.442219
1 427 0 7.926820
1 427 3 4.427400
1 448 0 7.917398
1 448 3 4.435041
1 470 0 7.992184
1 470 3 4.427041
1 493 0 8.042487
1 493 3 4.432319
1 517 0 13.971256
1 517 3 7.214235
1 542 0 7.991637
1 542 3 4.407973
1 569 0 10.094261
1 569 3 4.562533
1 597 0 8.111480
1 597 3 4.388676
1 626 0 8.087247
1 626 3 4.377725
1 657 0 8.333954
1 657 3 4.376771
1 689 0 8.494293
1 689 3 4.362321
1 723 0 8.264386
1 723 3 4.356965
1 759 0 9.753206
1 759 3 4.445537
1 796 0 10.020878
1 796 3 4.431930
1 835 0 10.410233
1 835 3 4.442739
1 876 0 8.085936
1 876 3 4.332801
1 919 0 8.211100
1 919 3 4.332520
1 964 0 8.082610
1 964 3 4.327191
1 1012 0 8.107711
1 1012 3 4.311204
1 1062 0 14.839746
1 1062 3 7.261601
1 1115 0 9.548991
1 1115 3 4.356237
1 1170 0 8.382931
1 1170 3 4.296286
1 1228 0 10.009891
1 1228 3 4.385536
1 1289 0 9.890934
1 1289 3 4.339565
1 1353 0 9.828227
1 1353 3 4.344298
1 1420 0 9.869050
1 1420 3 4.340664
1 1491 0 10.042771
1 1491 3 4.332217
1 1565 0 9.306394
1 1565 3 4.278705
1 1643 0 8.821364
1 1643 3 4.288477
1 1725 0 10.868032
1 1725 3 4.357338
1 1811 0 11.028175
1 1811 3 4.359565
1 1901 0 9.328880
1 1901 3 4.291965
1 1996 0 11.338293
1 1996 3 4.393990
